"codi_districte","nom_districte","codi_barri","nom_barri","codi_aeb","codi_seccio_censal","geometria_etrs89","geometria_wgs84"
"01","Ciutat Vella","01","el Raval","001","001","POLYGON ((431076.9025 4581077.3095, 431058.1645 4581120.2045, 431045.0925 4581101.7329, 431044.2314 4581103.1984, 431036.3175 4581093.7575, 431022.9795 4581076.9535, 431013.0095 4581062.2455, 430971.8505 4580995.0535, 430959.0515 4580977.4307, 430945.3375 4580961.9655, 430898.0625 4580914.8635, 430888.0635 4580891.3235, 430855.8155 4580799.8035, 430836.1255 4580738.8105, 430820.6636 4580694.2237, 430887.4099 4580688.3512, 431026.6195 4580674.9195, 431035.1645 4580673.0225, 431044.2901 4580668.4938, 431054.4184 4580660.3041, 431071.6459 4580636.0999, 431060.454 4580626.7337, 431051.7955 4580610.6928, 431047.9475 4580596.2367, 431047.8657 4580581.2775, 431051.5553 4580566.7801, 431058.7784 4580553.68, 431061.694336 4580550.6033125, 431048.4375 4580529.123, 431095.9840165 4580500.2170165, 431117.418 4580486.828, 431183.488 4580464.201, 431199.3900715 4580437.336956, 431582.703 4580200.786, 431590.221 4580196.398, 431591.547 4580195.954, 431594.445 4580195.801, 431597.207 4580196.697, 431599.343 4580198.384, 431608.281 4580212.638, 431676.81 4580324.312, 431677.344 4580326.907, 431677.262 4580328.309, 431676.335 4580331.0, 431674.575 4580333.119, 431532.738 4580420.949, 431270.648 4580581.632, 431283.144 4580602.4, 431258.648 4580617.264, 431301.3738385 4580686.6110995, 431287.925 4580694.625, 431270.070044 4580705.8340705, 431266.451 4580713.629, 431246.6079725 4580726.308956, 431246.16 4580725.595, 431243.531 4580727.252, 431243.955 4580727.929, 431242.79 4580728.667, 431242.356 4580727.98, 431239.468 4580729.809, 431239.919986 4580730.5309775, 431210.047 4580749.276, 431221.3855 4580770.5755, 431217.1355 4580774.5855, 431213.7635 4580779.4815, 431211.5175 4580784.9495, 431210.4175 4580791.6475, 431210.9835 4580801.7115, 431213.9015 4580811.5735, 431218.9815 4580820.4355, 431222.2405 4580824.3475, 431167.9415 4580903.9545, 431097.6375 4581028.7145, 431076.9025 4581077.3095))","POLYGON ((2.17575080498728 41.3782662481944, 2.17552186069524 41.3786509858303, 2.17536764925025 41.3784834973784, 2.17535718563376 41.3784966229198, 2.17526362688011 41.3784109132415, 2.17510604610472 41.3782584212357, 2.17498850119016 41.3781250958392, 2.17450398458042 41.3775163872569, 2.17435294614353 41.3773565657754, 2.17419072143911 41.3772160984544, 2.17363079665685 41.376787806165, 2.17351391765281 41.3765749295358, 2.17313875324429 41.3757478652976, 2.17291027312445 41.3751968270266, 2.17273048033786 41.3747939176425, 2.17352924463482 41.3747467606571, 2.17519532079879 41.3746377283948, 2.17529771017174 41.3746213749702, 2.17540734115558 41.3745813682268, 2.17552937777496 41.3745084736906, 2.1757381207726 41.3742919490198, 2.17560536378375 41.3742066316452, 2.17550365822423 41.3740614140317, 2.17545929192702 41.3739308823422, 2.17546001534131 41.373796142042, 2.17550578062038 41.3736658841552, 2.17559363656758 41.3735485140318, 2.17562885204774 41.3735210529563, 2.1754727843726 41.3733264501467, 2.17604457768502 41.3730701742059, 2.17630238151739 41.3729514178668, 2.17709493653936 41.3727532748694, 2.17728812273633 41.3725126774085, 2.18189799079011 41.3704148018037, 2.18198837381485 41.3703759192547, 2.18200427803719 41.3703720329632, 2.18203894481588 41.3703709012334, 2.18207186718482 41.3703792060034, 2.18209721564696 41.3703945818954, 2.1822024737572 41.3705237234643, 2.18300924845217 41.3715353621537, 2.18301534082804 41.3715587799706, 2.18301420239579 41.3715714004569, 2.18300281539192 41.3715955588972, 2.1829815330051 41.3716144947671, 2.1812757284928 41.3723935028266, 2.17812377600972 41.3738183915273, 2.17827083621743 41.3740065102425, 2.17797625181467 41.3741382941915, 2.17847926716055 41.3747665327149, 2.17831754900713 41.3748375635166, 2.17810278351561 41.3749369958038, 2.17805862610495 41.3750068934739, 2.17781992104803 41.3751194032742, 2.17781464552467 41.3751129345992, 2.17778302206986 41.3751276341229, 2.17778801513869 41.3751337678988, 2.17777400127403 41.3751403153229, 2.17776888976818 41.3751340906248, 2.17773414986316 41.3751503171619, 2.17773947246184 41.3751568584308, 2.1773801474292 41.3753231366084, 2.17751330793593 41.375515944381, 2.17746203445567 41.3755516980806, 2.17742115888335 41.3755955067591, 2.17739368227006 41.3756445635166, 2.17737976911235 41.3757047964936, 2.17738539484938 41.375795488497, 2.17741916721251 41.3758845621881, 2.17747890496607 41.3759648139417, 2.17751743013813 41.3760003267713, 2.17685911679773 41.3767126818641, 2.17600427409667 41.3778303427914, 2.17575080498728 41.3782662481944))"
"01","Ciutat Vella","01","el Raval","001","002","POLYGON ((431023.5455 4581164.3265, 430990.5505 4581216.1055, 430959.6675 4581178.5835, 430837.3195 4581024.7035, 430789.5715 4580965.2855, 430773.0735 4580944.4795, 430766.8515 4580935.3715, 430778.3455 4580930.5395, 430816.2155 4580918.5315, 430891.0775 4580898.4185, 430898.0625 4580914.8635, 430945.3375 4580961.9655, 430959.0515 4580977.4307, 430971.8505 4580995.0535, 431013.0095 4581062.2455, 431022.9795 4581076.9535, 431036.3175 4581093.7575, 431044.231382 4581103.1983785, 431045.0925 4581101.7329, 431058.1645 4581120.2045, 431050.9895 4581133.5905, 431023.5455 4581164.3265))","POLYGON ((2.17510287028291 41.3790454129751, 2.17470242267842 41.3795089421624, 2.17433739807492 41.3791683432196, 2.1728919282691 41.3777718843612, 2.17232775780011 41.3772326185638, 2.17213285796294 41.3770438059178, 2.17205949845846 41.3769612375535, 2.17219749016908 41.3769187059702, 2.17265169226968 41.3768138101898, 2.17354914850434 41.3766390909866, 2.17363079665685 41.376787806165, 2.17419072143911 41.3772160984544, 2.17435294614353 41.3773565657754, 2.17450398458042 41.3775163872569, 2.17498850119016 41.3781250958392, 2.17510604610472 41.3782584212357, 2.17526362688011 41.3784109132415, 2.17535718542097 41.3784966227246, 2.17536764925025 41.3784834973784, 2.17552186069524 41.3786509858303, 2.17543454025116 41.3787709348706, 2.17510287028291 41.3790454129751))"
"01","Ciutat Vella","01","el Raval","002","003","POLYGON ((430778.3455 4580930.5395, 430766.8515 4580935.3715, 430700.2315 4580852.9695, 430639.3375 4580776.1695, 430622.1575 4580755.0855, 430605.0275 4580732.5295, 430592.3853 4580714.362, 430820.6636 4580694.2237, 430836.1255 4580738.8105, 430855.8155 4580799.8035, 430888.0635 4580891.3235, 430891.0775 4580898.4185, 430816.2155 4580918.5315, 430778.3455 4580930.5395))","POLYGON ((2.17219749016908 41.3769187059702, 2.17205949845846 41.3769612375535, 2.17127230895532 41.3762133326509, 2.17055296365562 41.3755163715354, 2.17034995103202 41.3753249932635, 2.1701477059697 41.3751203610821, 2.16999862098924 41.3749556415394, 2.17273048033786 41.3747939176425, 2.17291027312445 41.3751968270266, 2.17313875324429 41.3757478652976, 2.17351391765281 41.3765749295358, 2.17354914850434 41.3766390909866, 2.17265169226968 41.3768138101898, 2.17219749016908 41.3769187059702))"
"01","Ciutat Vella","01","el Raval","002","004","POLYGON ((430564.2645 4581104.2995, 430496.8635 4581035.7075, 430535.9555 4580998.0825, 430459.2765 4580925.6905, 430447.2165 4580934.4378, 430417.7313 4580887.2358, 430373.4635 4580922.8355, 430333.5675 4580955.8395, 430278.5875 4580889.9675, 430270.2868 4580879.2834, 430324.1135 4580823.3445, 430407.7631 4580739.6439, 430408.2894 4580718.4053, 430592.3853 4580714.362, 430605.0275 4580732.5295, 430622.1575 4580755.0855, 430639.3375 4580776.1695, 430700.2315 4580852.9695, 430766.8515 4580935.3715, 430732.0115 4580961.5555, 430712.2795 4580974.0605, 430696.4835 4580984.5575, 430642.3335 4581018.4125, 430631.3185 4581028.2665, 430564.2645 4581104.2995))","POLYGON ((2.16961770625731 41.3784652658033, 2.16881960457114 41.377841659502, 2.16929136652016 41.3775061580963, 2.16838277379681 41.3768475223849, 2.16823756259457 41.3769252643699, 2.16789041164686 41.3764975812638, 2.16735699301895 41.3768143879089, 2.16687614358216 41.3771081918429, 2.1662262951005 41.3765101412532, 2.16612826915094 41.3764131936232, 2.16677832748319 41.375914031417, 2.16778816252913 41.3751674037224, 2.1677968938828 41.3749761595711, 2.16999862098924 41.3749556415394, 2.1701477059697 41.3751203610821, 2.17034995103202 41.3753249932635, 2.17055296365562 41.3755163715354, 2.17127230895532 41.3762133326509, 2.17205949845846 41.3769612375535, 2.1716399057253 41.3771940708373, 2.17140252938725 41.3773050008853, 2.17121244700959 41.3773981839727, 2.17056106843096 41.3776984403429, 2.17042822697551 41.3777862428742, 2.16961770625731 41.3784652658033))"
"01","Ciutat Vella","01","el Raval","003","005","POLYGON ((430905.0315 4581350.0725, 430874.9635 4581396.9285, 430852.7095 4581324.8955, 430836.7015 4581280.1635, 430829.7015 4581264.1215, 430817.6454 4581239.8274, 430809.4315 4581226.3655, 430793.8725 4581201.9955, 430773.5655 4581174.7615, 430685.5775 4581070.7275, 430642.3335 4581018.4125, 430696.4835 4580984.5575, 430712.2795 4580974.0605, 430732.0115 4580961.5555, 430766.8515 4580935.3715, 430773.0735 4580944.4795, 430789.5715 4580965.2855, 430837.3195 4581024.7035, 430959.6675 4581178.5835, 430990.5505 4581216.1055, 430905.0315 4581350.0725))","POLYGON ((2.17366451201759 41.380708204108, 2.17329960741441 41.3811276394529, 2.1730417067216 41.3804769474908, 2.17285538536175 41.3800726838214, 2.1727735096302 41.3799275965667, 2.17263211518731 41.3797077503321, 2.17253543000471 41.3795857967268, 2.1723521581732 41.3793649653162, 2.17211243845524 41.3791179299454, 2.17107218269816 41.3781733520977, 2.17056106843096 41.3776984403429, 2.17121244700959 41.3773981839727, 2.17140252938725 41.3773050008853, 2.1716399057253 41.3771940708373, 2.17205949845846 41.3769612375535, 2.17213285796294 41.3770438059178, 2.17232775780011 41.3772326185638, 2.1728919282691 41.3777718843612, 2.17433739807492 41.3791683432196, 2.17470242267842 41.3795089421624, 2.17366451201759 41.380708204108))"
"01","Ciutat Vella","01","el Raval","003","006","POLYGON ((430874.9635 4581396.9285, 430863.7425 4581414.4145, 430801.6875 4581382.1695, 430787.8775 4581376.2055, 430759.4745 4581369.3015, 430724.9355 4581360.0955, 430610.9985 4581314.9255, 430632.9395 4581277.5355, 430644.5435 4581258.7615, 430650.4575 4581247.8895, 430654.515 4581234.4611, 430678.978 4581191.7886, 430703.0552 4581159.5094, 430723.2297 4581123.3937, 430725.375 4581117.496, 430773.5655 4581174.7615, 430793.8725 4581201.9955, 430809.4315 4581226.3655, 430817.6454 4581239.8274, 430829.7015 4581264.1215, 430836.7015 4581280.1635, 430843.7315 4581299.2575, 430852.7095 4581324.8955, 430874.9635 4581396.9285))","POLYGON ((2.17329960741441 41.3811276394529, 2.17316342839903 41.3812841665034, 2.17242503659072 41.3809884107801, 2.17226057404131 41.3809335069782, 2.1719217124468 41.3808688809474, 2.17150973896766 41.3807829922207, 2.17015242648569 41.3803663417906, 2.17041908004748 41.3800314733104, 2.17055999026687 41.3798633818986, 2.17063195433528 41.3797659708312, 2.17068201063194 41.3796453749946, 2.17097942068696 41.3792631445855, 2.17127102551035 41.3789744894623, 2.17151639839375 41.3786509433568, 2.17154272566498 41.3785980092319, 2.17211243845524 41.3791179299454, 2.1723521581732 41.3793649653162, 2.17253543000471 41.3795857967268, 2.17263211518731 41.3797077503321, 2.1727735096302 41.3799275965667, 2.17285538536175 41.3800726838214, 2.17293727191545 41.3802452620506, 2.1730417067216 41.3804769474908, 2.17329960741441 41.3811276394529))"
"01","Ciutat Vella","01","el Raval","003","007","POLYGON ((430614.2075 4581309.3355, 430610.9985 4581314.9255, 430524.3655 4581283.3175, 430470.0005 4581261.5045, 430436.6145 4581250.5585, 430493.2225 4581184.8555, 430631.3185 4581028.2665, 430642.3335 4581018.4125, 430685.5775 4581070.7275, 430725.375 4581117.496, 430723.2297 4581123.3937, 430703.0552 4581159.5094, 430678.978 4581191.7886, 430654.515 4581234.4611, 430650.4575 4581247.8895, 430644.5435 4581258.7615, 430632.9395 4581277.5355, 430614.2075 4581309.3355))","POLYGON ((2.17019144021612 41.3803162711004, 2.17015242648569 41.3803663417906, 2.16912007992537 41.3800741823281, 2.1684724809009 41.379873023267, 2.16807450577023 41.379771550317, 2.16875896172939 41.3791846755789, 2.17042822697551 41.3777862428742, 2.17056106843096 41.3776984403429, 2.17107218269816 41.3781733520977, 2.17154272566498 41.3785980092319, 2.17151639839375 41.3786509433568, 2.17127102551035 41.3789744894623, 2.17097942068696 41.3792631445855, 2.17068201063194 41.3796453749946, 2.17063195433528 41.3797659708312, 2.17055999026687 41.3798633818986, 2.17041908004748 41.3800314733104, 2.17019144021612 41.3803162711004))"
"01","Ciutat Vella","01","el Raval","004","008","POLYGON ((430564.1645 4581104.4125, 430493.7425 4581184.2655, 430418.1257 4581113.0058, 430413.322 4581109.4405, 430396.8655 4581094.7575, 430331.8695 4581033.4955, 430370.4635 4581000.0605, 430333.5675 4580955.8395, 430373.4635 4580922.8355, 430417.7313 4580887.2358, 430447.2165 4580934.4378, 430459.2765 4580925.6905, 430535.9555 4580998.0825, 430496.8635 4581035.7075, 430564.1645 4581104.4125))","POLYGON ((2.16961649753127 41.3784662749308, 2.16876524751792 41.3791794065483, 2.16786920874271 41.3785310568367, 2.16781217638142 41.3784985298636, 2.16761707908063 41.3783648612668, 2.16684691356146 41.3778074685465, 2.16731224902488 41.3775096702732, 2.16687614358216 41.3771081918429, 2.16735699301895 41.3768143879089, 2.16789041164686 41.3764975812638, 2.16823756259457 41.3769252643699, 2.16838277379681 41.3768475223849, 2.16929136652016 41.3775061580963, 2.16881960457114 41.377841659502, 2.16961649753127 41.3784662749308))"
"01","Ciutat Vella","01","el Raval","004","009","POLYGON ((430275.2695 4581082.5295, 430234.4175 4581117.9195, 430218.1035 4581094.7995, 430190.8285 4581057.2975, 430149.3206 4581004.9965, 430270.2868 4580879.2834, 430278.5875 4580889.9675, 430370.4635 4581000.0605, 430275.2695 4581082.5295))","POLYGON ((2.16616446855275 41.3782442002097, 2.16567189687891 41.3785594060093, 2.16547947923845 41.3783497567568, 2.16515765071095 41.3780096221531, 2.16466733916987 41.3775349613261, 2.16612826915094 41.3764131936232, 2.1662262951005 41.3765101412532, 2.16731224902488 41.3775096702732, 2.16616446855275 41.3782442002097))"
"01","Ciutat Vella","01","el Raval","004","010","POLYGON ((430493.2225 4581184.8555, 430436.6145 4581250.5585, 430405.7075 4581238.9975, 430381.4515 4581231.0555, 430365.4815 4581228.0785, 430358.1795 4581219.9455, 430348.7695 4581211.9115, 430340.2335 4581205.9075, 430319.2255 4581194.0615, 430311.8035 4581189.0755, 430257.0715 4581140.6215, 430254.0295 4581138.6735, 430248.5655 4581136.7055, 430234.4175 4581117.9195, 430331.8695 4581033.4955, 430396.8655 4581094.7575, 430413.322 4581109.4405, 430418.1257 4581113.0058, 430493.7425 4581184.2655, 430493.2225 4581184.8555))","POLYGON ((2.16875896172939 41.3791846755789, 2.16807450577023 41.379771550317, 2.1677062464391 41.3796647513055, 2.16741710521084 41.3795911218288, 2.16722647802809 41.3795629269817, 2.16714009534629 41.3794890436045, 2.16702849408959 41.3794158693534, 2.16692711100274 41.3793610542411, 2.16667726028403 41.3792525419903, 2.16658908181958 41.3792069918642, 2.16594017658346 41.3787658396933, 2.16590402499942 41.3787480309932, 2.16583891385601 41.3787298321994, 2.16567189687891 41.3785594060093, 2.16684691356146 41.3778074685465, 2.16761707908063 41.3783648612668, 2.16781217638142 41.3784985298636, 2.16786920874271 41.3785310568367, 2.16876524751792 41.3791794065483, 2.16875896172939 41.3791846755789))"
"01","Ciutat Vella","01","el Raval","005","011","POLYGON ((430384.0715 4581310.6715, 430372.7625 4581323.3765, 430353.4955 4581304.0715, 430290.4535 4581250.1575, 430263.1304 4581230.5903, 430242.7648 4581217.4955, 430216.0515 4581205.6255, 430184.0115 4581192.0855, 430153.3995 4581180.6955, 430136.3075 4581175.6015, 430124.3975 4581172.5115, 430116.1255 4581169.6395, 430088.8615 4581159.9095, 430048.0425 4581143.8595, 430029.0006 4581130.038, 430149.3206 4581004.9965, 430190.8285 4581057.2975, 430218.1035 4581094.7995, 430233.5675 4581116.7915, 430248.5655 4581136.7055, 430254.0295 4581138.6735, 430257.0715 4581140.6215, 430311.8035 4581189.0755, 430319.2255 4581194.0615, 430340.2335 4581205.9075, 430348.7695 4581211.9115, 430358.1795 4581219.9455, 430365.4815 4581228.0785, 430381.4515 4581231.0555, 430405.7075 4581238.9975, 430436.6145 4581250.5585, 430384.0715 4581310.6715))","POLYGON ((2.16743928947258 41.3803084251383, 2.16730259525035 41.3804218765652, 2.16707441619321 41.3802463349187, 2.16632675418417 41.3797552890136, 2.16600227546729 41.3795766857227, 2.16576025104137 41.379456979617, 2.16544218101699 41.3793477539004, 2.16506060815677 41.3792230239818, 2.16469586487027 41.3791177811402, 2.16449206759421 41.3790704172372, 2.16435000533157 41.3790415523963, 2.16425142084091 41.3790149668102, 2.16392652349975 41.3789249634139, 2.1634402678827 41.3787768585832, 2.16321416364411 41.3786507170957, 2.16466733916987 41.3775349613261, 2.16515765071095 41.3780096221531, 2.16547947923845 41.3783497567568, 2.16566186259186 41.3785491727675, 2.16583891385601 41.3787298321994, 2.16590402499942 41.3787480309932, 2.16594017658346 41.3787658396933, 2.16658908181958 41.3792069918642, 2.16667726028403 41.3792525419903, 2.16692711100274 41.3793610542411, 2.16702849408959 41.3794158693534, 2.16714009534629 41.3794890436045, 2.16722647802809 41.3795629269817, 2.16741710521084 41.3795911218288, 2.1677062464391 41.3796647513055, 2.16807450577023 41.379771550317, 2.16743928947258 41.3803084251383))"
"01","Ciutat Vella","01","el Raval","005","012","POLYGON ((430184.7035 4581257.6555, 430144.6005 4581323.7875, 430049.2215 4581318.1455, 430038.9115 4581318.5767, 430018.6185 4581140.8275, 430029.0006 4581130.038, 430048.0425 4581143.8595, 430088.8615 4581159.9095, 430116.1255 4581169.6395, 430124.3975 4581172.5115, 430136.3075 4581175.6015, 430153.3995 4581180.6955, 430184.0115 4581192.0855, 430216.0515 4581205.6255, 430184.7035 4581257.6555))","POLYGON ((2.16506132943969 41.3798136523684, 2.16457415354042 41.3804058016703, 2.16343424959092 41.3803466995419, 2.1633109115387 41.3803496868236, 2.16308877057782 41.3787469918146, 2.16321416364411 41.3786507170957, 2.1634402678827 41.3787768585832, 2.16392652349975 41.3789249634139, 2.16425142084091 41.3790149668102, 2.16435000533157 41.3790415523963, 2.16449206759421 41.3790704172372, 2.16469586487027 41.3791177811402, 2.16506060815677 41.3792230239818, 2.16544218101699 41.3793477539004, 2.16506132943969 41.3798136523684))"
"01","Ciutat Vella","01","el Raval","005","013","POLYGON ((430365.6835 4581330.3175, 430359.2155 4581337.8995, 430307.4015 4581334.7335, 430270.9995 4581331.6355, 430215.3575 4581327.4615, 430144.6005 4581323.7875, 430216.0515 4581205.6255, 430242.7648 4581217.4955, 430263.1304 4581230.5903, 430290.4535 4581250.1575, 430353.4955 4581304.0715, 430372.1515 4581322.7365, 430365.6835 4581330.3175))","POLYGON ((2.1672171459378 41.380483779369, 2.16713892924534 41.3805515082788, 2.16651969256243 41.3805185067546, 2.16608474788261 41.3804874501556, 2.16541985270488 41.3804450322292, 2.16457415354042 41.3804058016703, 2.16544218101699 41.3793477539004, 2.16576025104137 41.379456979617, 2.16600227546729 41.3795766857227, 2.16632675418417 41.3797552890136, 2.16707441619321 41.3802463349187, 2.16729536235277 41.3804160594105, 2.1672171459378 41.380483779369))"
"01","Ciutat Vella","01","el Raval","006","014","POLYGON ((430359.5205 4581419.0955, 430325.0035 4581462.5625, 430276.7335 4581424.5995, 430256.1595 4581408.9655, 430254.6275 4581408.1015, 430251.2415 4581407.2075, 430189.9025 4581401.8025, 430227.9745 4581328.4715, 430270.9995 4581331.6355, 430307.4015 4581334.7335, 430388.2925 4581339.6765, 430406.4665 4581358.1035, 430359.0415 4581418.6175, 430359.5205 4581419.0955))","POLYGON ((2.16713324554863 41.3812828416909, 2.16671548286051 41.3816713469321, 2.16614261997339 41.3813252445654, 2.16589838898566 41.3811826508899, 2.16588016833175 41.3811747363139, 2.16583978047814 41.3811663908142, 2.16510689410279 41.3811123899034, 2.16557061239957 41.3804552231798, 2.16608474788261 41.3804874501556, 2.16651969256243 41.3805185067546, 2.16748643298331 41.3805700293576, 2.16770164478351 41.3807375677864, 2.16712757245145 41.3812784950343, 2.16713324554863 41.3812828416909))"
"01","Ciutat Vella","01","el Raval","006","015","POLYGON ((430129.8135 4581504.4375, 430080.5245 4581469.6865, 430070.1275 4581462.6795, 430065.4455 4581461.6075, 430055.2748 4581461.9054, 430038.9115 4581318.5767, 430049.2215 4581318.1455, 430134.7365 4581323.3915, 430160.9495 4581324.4435, 430203.0075 4581326.7215, 430227.9745 4581328.4715, 430156.4575 4581466.4755, 430129.8135 4581504.4375))","POLYGON ((2.16437649967789 41.3820315746348, 2.16379109006299 41.3817143016294, 2.16366756743001 41.3816502882309, 2.16361170208252 41.3816402261166, 2.16349004277616 41.3816420250847, 2.1633109115387 41.3803496868236, 2.16343424959092 41.3803466995419, 2.16445624410403 41.3804013785729, 2.16476958157775 41.3804131293056, 2.16527225478884 41.3804372960479, 2.16557061239957 41.3804552231798, 2.16469949576894 41.3816919764331, 2.16437649967789 41.3820315746348))"
"01","Ciutat Vella","01","el Raval","006","016","POLYGON ((430108.4775 4581737.3115, 430100.7295 4581737.9915, 430096.3635 4581737.9875, 430086.7142 4581737.2874, 430055.2748 4581461.9054, 430065.4455 4581461.6075, 430070.1275 4581462.6795, 430080.5245 4581469.6865, 430168.0495 4581531.8175, 430233.0395 4581577.4175, 430205.5795 4581612.1675, 430169.1985 4581659.4375, 430116.5355 4581725.9335, 430112.8975 4581730.7995, 430109.0435 4581737.4035, 430108.4775 4581737.3115))","POLYGON ((2.16409449350166 41.3841271424456, 2.16400175811633 41.3841325938322, 2.1639495463661 41.3841321784509, 2.16383423290274 41.3841250343816, 2.16349004277616 41.3816420250847, 2.16361170208252 41.3816402261166, 2.16366756743001 41.3816502882309, 2.16379109006299 41.3817143016294, 2.16483058719744 41.3822814971713, 2.16560251897771 41.3826978401289, 2.16527013421572 41.3830084405582, 2.16482962005334 41.3834310293198, 2.16419216999284 41.384025364493, 2.16414810260873 41.3840688749524, 2.16410125158165 41.3841280202314, 2.16409449350166 41.3841271424456))"
"01","Ciutat Vella","01","el Raval","006","017","POLYGON ((430269.3395 4581532.6195, 430233.0395 4581577.4175, 430168.0495 4581531.8175, 430129.7885 4581504.4735, 430156.4575 4581466.4755, 430189.9025 4581401.8025, 430251.2415 4581407.2075, 430254.6275 4581408.1015, 430256.1595 4581408.9655, 430276.7335 4581424.5995, 430325.0035 4581462.5625, 430269.3395 4581532.6195))","POLYGON ((2.16604177005373 41.3822975057615, 2.16560251897771 41.3826978401289, 2.16483058719744 41.3822814971713, 2.16437619656601 41.3820318967041, 2.16469949576894 41.3816919764331, 2.16510689410279 41.3811123899034, 2.16583978047814 41.3811663908142, 2.16588016833175 41.3811747363139, 2.16589838898566 41.3811826508899, 2.16614261997339 41.3813252445654, 2.16671548286051 41.3816713469321, 2.16604177005373 41.3822975057615))"
"01","Ciutat Vella","01","el Raval","007","018","POLYGON ((430293.2055 4581774.2715, 430287.6167 4581777.8121, 430286.0021 4581774.9532, 430282.1155 4581773.1685, 430280.1075 4581763.8515, 430278.7165 4581761.1595, 430275.9985 4581757.7265, 430196.6695 4581667.5285, 430178.2645 4581647.7475, 430205.5795 4581612.1675, 430233.0395 4581577.4175, 430269.3395 4581532.6195, 430359.5205 4581419.0955, 430359.0415 4581418.6175, 430406.4665 4581358.1035, 430432.7855 4581384.0695, 430443.4075 4581393.4895, 430458.4375 4581405.9735, 430485.3515 4581427.3915, 430511.9175 4581447.1795, 430495.2855 4581468.8755, 430415.0315 4581580.3815, 430409.1935 4581594.9535, 430394.8195 4581634.6815, 430392.6855 4581639.9395, 430390.8495 4581643.4955, 430324.0395 4581734.4535, 430304.3595 4581760.5205, 430293.2055 4581774.2715))","POLYGON ((2.1662993711698 41.384476056585, 2.1662321279466 41.3845074613614, 2.16621314805979 41.3844815722501, 2.16616687399223 41.3844651612202, 2.1661439326524 41.3843810719654, 2.16612760763415 41.3843567054328, 2.16609549848711 41.3843255499403, 2.16515720528004 41.3835062863316, 2.16493938464703 41.3833265281085, 2.16527013421572 41.3830084405582, 2.16560251897771 41.3826978401289, 2.16604177005373 41.3822975057615, 2.16713324554863 41.3812828416909, 2.16712757245145 41.3812784950343, 2.16770164478351 41.3807375677864, 2.16801339210572 41.3809737115353, 2.16813933145155 41.3810594728975, 2.16831763164158 41.3811732116264, 2.16863702020304 41.3813684427089, 2.16895243608262 41.3815489619545, 2.16875105609427 41.3817429344815, 2.16777854225526 41.3827402971446, 2.16770705452096 41.3828710376189, 2.16753059792678 41.383227611753, 2.16750447410793 41.3832747842711, 2.16748210946569 41.3833066531889, 2.16667269058147 41.3841200996463, 2.16643434241974 41.384353172109, 2.1662993711698 41.384476056585))"
"01","Ciutat Vella","01","el Raval","007","019","POLYGON ((430764.5645 4581570.2975, 430745.0184 4581606.0395, 430702.1475 4581581.0315, 430695.5955 4581576.6775, 430689.2295 4581572.0595, 430677.4195 4581562.7015, 430668.4055 4581556.2495, 430624.0675 4581526.5075, 430550.7555 4581475.7475, 430532.9655 4581462.8995, 430485.3515 4581427.3915, 430458.4375 4581405.9735, 430443.4075 4581393.4895, 430432.7855 4581384.0695, 430406.4665 4581358.1035, 430388.2925 4581339.6765, 430359.2155 4581337.8995, 430372.1515 4581322.7365, 430372.7625 4581323.3765, 430384.0715 4581310.6715, 430436.6145 4581250.5585, 430470.0005 4581261.5045, 430524.3655 4581283.3175, 430610.9985 4581314.9255, 430724.9355 4581360.0955, 430759.4745 4581369.3015, 430787.8775 4581376.2055, 430801.6875 4581382.1695, 430863.7425 4581414.4145, 430801.6485 4581511.4115, 430764.5645 4581570.2975))","POLYGON ((2.17195961506369 41.3826796291075, 2.17172178640858 41.3829998641047, 2.17121196896375 41.3827709331722, 2.1711341142487 41.3827311536498, 2.17105851412222 41.3826890123321, 2.17091835391469 41.3826037101768, 2.17081129766904 41.3825448222552, 2.17028448468268 41.3822731231437, 2.16941360090206 41.3818096184991, 2.16920233362448 41.3816923647148, 2.16863702020304 41.3813684427089, 2.16831763164158 41.3811732116264, 2.16813933145155 41.3810594728975, 2.16801339210572 41.3809737115353, 2.16770164478351 41.3807375677864, 2.16748643298331 41.3805700293576, 2.16713892924534 41.3805515082788, 2.16729536235277 41.3804160594105, 2.16730259525035 41.3804218765652, 2.16743928947258 41.3803084251383, 2.16807450577023 41.379771550317, 2.1684724809009 41.379873023267, 2.16912007992537 41.3800741823281, 2.17015242648569 41.3803663417906, 2.17150973896766 41.3807829922207, 2.1719217124468 41.3808688809474, 2.17226057404131 41.3809335069782, 2.17242503659072 41.3809884107801, 2.17316342839903 41.3812841665034, 2.17240981169325 41.3821524511807, 2.17195961506369 41.3826796291075))"
"01","Ciutat Vella","01","el Raval","007","020","POLYGON ((430328.1475 4581827.3695, 430315.9285 4581828.9745, 430314.7535 4581822.0795, 430312.8755 4581817.6685, 430291.4455 4581784.5895, 430287.6167 4581777.8121, 430293.2055 4581774.2715, 430304.3595 4581760.5205, 430324.0395 4581734.4535, 430390.8495 4581643.4955, 430392.6855 4581639.9395, 430394.8195 4581634.6815, 430409.1935 4581594.9535, 430415.0315 4581580.3815, 430495.2855 4581468.8755, 430511.9175 4581447.1795, 430550.7555 4581475.7475, 430624.0675 4581526.5075, 430670.6765 4581557.8395, 430677.4195 4581562.7015, 430689.2295 4581572.0595, 430697.2175 4581577.7915, 430702.1475 4581581.0315, 430745.0184 4581606.0395, 430682.6675 4581734.1955, 430657.9615 4581784.0655, 430600.9455 4581739.9295, 430545.6235 4581695.4975, 430544.5275 4581696.1875, 430506.3755 4581733.0135, 430486.0135 4581753.7355, 430481.9135 4581759.1935, 430456.5595 4581797.8235, 430455.2815 4581799.2875, 430444.9015 4581808.2215, 430442.5595 4581811.1855, 430440.6535 4581814.4015, 430417.7275 4581815.0175, 430398.5155 4581816.5695, 430371.8135 4581820.1235, 430328.1475 4581827.3695))","POLYGON ((2.16671113289318 41.3849573201966, 2.16656482151913 41.3849707175927, 2.16655156274971 41.3849085147537, 2.16652961115009 41.3848686236097, 2.16627713641579 41.3845688350083, 2.1662321279466 41.3845074613614, 2.1662993711698 41.384476056585, 2.16643434241974 41.384353172109, 2.16667269058147 41.3841200996463, 2.16748210946569 41.3833066531889, 2.16750447410793 41.3832747842711, 2.16753059792678 41.383227611753, 2.16770705452096 41.3828710376189, 2.16777854225526 41.3827402971446, 2.16875105609427 41.3817429344815, 2.16895243608262 41.3815489619545, 2.16941360090206 41.3818096184991, 2.17028448468268 41.3822731231437, 2.17083827361849 41.3825593385989, 2.17091835391469 41.3826037101768, 2.17105851412222 41.3826890123321, 2.17115338366463 41.3827413268277, 2.17121196896375 41.3827709331722, 2.17172178640858 41.3829998641047, 2.17096149358584 41.3841487560875, 2.17066033094309 41.3845957906258, 2.1699835362566 41.3841933549285, 2.1693270420353 41.3837883955681, 2.1693138561242 41.3837945155627, 2.1688533812515 41.3841229011298, 2.1686074980699 41.3843077785178, 2.16855784048346 41.3843565827272, 2.16825020122979 41.3847023196484, 2.16823474966493 41.3847153949563, 2.16810959024056 41.384794963286, 2.16808124208882 41.3848214566041, 2.16805807909094 41.3848502572981, 2.16778383713333 41.384853822784, 2.16755390322566 41.3848661392061, 2.1672341664993 41.3848958383126, 2.16671113289318 41.3849573201966))"
"01","Ciutat Vella","01","el Raval","008","021","POLYGON ((430550.1044 4581889.9008, 430162.1875 4581936.9845, 430102.8385 4581878.5225, 430086.7142 4581737.2874, 430096.3635 4581737.9875, 430100.7295 4581737.9915, 430109.0435 4581737.4035, 430112.8975 4581730.7995, 430116.5355 4581725.9335, 430178.2645 4581647.7475, 430196.6695 4581667.5285, 430275.9985 4581757.7265, 430278.7165 4581761.1595, 430280.1075 4581763.8515, 430282.1155 4581773.1685, 430286.0021 4581774.9532, 430291.4455 4581784.5895, 430312.8755 4581817.6685, 430314.7535 4581822.0795, 430315.9285 4581828.9745, 430328.1475 4581827.3695, 430371.8135 4581820.1235, 430398.5155 4581816.5695, 430417.7275 4581815.0175, 430440.6535 4581814.4015, 430442.5595 4581811.1855, 430444.9015 4581808.2215, 430455.2815 4581799.2875, 430456.5595 4581797.8235, 430481.9135 4581759.1935, 430486.0135 4581753.7355, 430506.3755 4581733.0135, 430544.5275 4581696.1875, 430545.6235 4581695.4975, 430600.9455 4581739.9295, 430657.9615 4581784.0655, 430645.5665 4581809.0875, 430646.2175 4581808.4365, 430600.8181 4581903.4957, 430584.4679 4581893.3434, 430550.1044 4581889.9008))","POLYGON ((2.16935834445165 41.3855397120555, 2.16471378585589 41.3859301967194, 2.16401076696084 41.3853984940434, 2.16383423290274 41.3841250343816, 2.1639495463661 41.3841321784509, 2.16400175811633 41.3841325938322, 2.16410125158165 41.3841280202314, 2.16414810260873 41.3840688749524, 2.16419216999284 41.384025364493, 2.16493938464703 41.3833265281085, 2.16515720528004 41.3835062863316, 2.16609549848711 41.3843255499403, 2.16612760763415 41.3843567054328, 2.1661439326524 41.3843810719654, 2.16616687399223 41.3844651612202, 2.16621314805979 41.3844815722501, 2.16627713641579 41.3845688350083, 2.16652961115009 41.3848686236097, 2.16655156274971 41.3849085147537, 2.16656482151913 41.3849707175927, 2.16671113289318 41.3849573201966, 2.1672341664993 41.3848958383126, 2.16755390322566 41.3848661392061, 2.16778383713333 41.384853822784, 2.16805807909094 41.3848502572981, 2.16808124208882 41.3848214566041, 2.16810959024056 41.384794963286, 2.16823474966493 41.3847153949563, 2.16825020122979 41.3847023196484, 2.16855784048346 41.3843565827272, 2.1686074980699 41.3843077785178, 2.1688533812515 41.3841229011298, 2.1693138561242 41.3837945155627, 2.1693270420353 41.3837883955681, 2.1699835362566 41.3841933549285, 2.17066033094309 41.3845957906258, 2.17050923582513 41.3848200875331, 2.17051709563123 41.3848142803012, 2.16996327721338 41.385666533647, 2.16976890641144 41.3855736843886, 2.16935834445165 41.3855397120555))"
"01","Ciutat Vella","02","el Barri Gòtic","009","022","POLYGON ((430722.6595 4582038.8045, 430716.9523 4582044.8389, 430700.289 4582033.077, 430627.88 4581926.7774, 430615.1158 4581914.3584, 430600.8181 4581903.4957, 430646.2175 4581808.4365, 430645.5665 4581809.0875, 430682.6675 4581734.1955, 430745.0184 4581606.0395, 430766.0075 4581620.3315, 430801.3995 4581639.3395, 430830.5415 4581655.8675, 430846.7175 4581664.6695, 430912.2175 4581696.7595, 430948.6845 4581713.2495, 430946.9075 4581717.1515, 430945.3135 4581723.0575, 430944.4935 4581728.4735, 430946.0435 4581741.8735, 430947.2915 4581774.2615, 430945.9935 4581782.3815, 430943.0815 4581790.0735, 430908.3955 4581848.7965, 430893.0155 4581864.4585, 430807.7595 4581948.8255, 430722.6595 4582038.8045))","POLYGON ((2.17140492091033 41.3868957198074, 2.1713359763949 41.3869495782346, 2.17113803946364 41.3868422071246, 2.17028424789839 41.3858785587781, 2.17013302108303 41.3857656039031, 2.16996327721338 41.385666533647, 2.17051709563123 41.3848142803012, 2.17050923582513 41.3848200875331, 2.17096149358584 41.3841487560875, 2.17172178640858 41.3829998641047, 2.17197115443573 41.3831303942933, 2.17239222464935 41.3833046384795, 2.17273883818775 41.3834560072037, 2.17293127793664 41.3835366747433, 2.1737109164562 41.3838313271893, 2.17414513861287 41.3839829784745, 2.17412344308206 41.384017970089, 2.17410370759861 41.3840710268309, 2.17409328407855 41.3841197367246, 2.17411029310108 41.3842405595297, 2.17412152655072 41.3845323755914, 2.1741050784136 41.3846053985635, 2.17406937727298 41.3846744281207, 2.17364787259257 41.3852003501387, 2.17346215601158 41.3853400919418, 2.17243293837337 41.3860926311529, 2.17140492091033 41.3868957198074))"
"01","Ciutat Vella","02","el Barri Gòtic","009","023","POLYGON ((430963.7795 4582085.1695, 430837.8072 4582212.5609, 430731.6185 4582055.191, 430716.9523 4582044.8389, 430807.7595 4581948.8255, 430893.0155 4581864.4585, 430908.3955 4581848.7965, 430941.7715 4581792.4855, 430944.2255 4581787.5775, 430945.9935 4581782.3815, 430947.0435 4581776.9935, 430947.3535 4581771.5175, 430946.0435 4581741.8735, 430944.4935 4581728.4735, 430945.3135 4581723.0575, 430946.9075 4581717.1515, 430948.6845 4581713.2495, 430965.4115 4581720.4525, 430976.3555 4581725.6475, 431035.5505 4581761.1865, 431148.3253 4581872.481, 431147.02 4581877.2411, 431149.5159 4581884.255, 431153.9965 4581888.4402, 431025.7895 4582021.6815, 430963.7795 4582085.1695))","POLYGON ((2.17428327719019 41.387334044548, 2.17276217535814 41.3884705982153, 2.17151019109989 41.387044079411, 2.1713359763949 41.3869495782346, 2.17243293837337 41.3860926311529, 2.17346215601158 41.3853400919418, 2.17364787259257 41.3852003501387, 2.17405343612865 41.3846960398233, 2.17408334279544 41.3846520456039, 2.1741050784136 41.3846053985635, 2.17411824937095 41.3845569606031, 2.17412258073631 41.384507666534, 2.17411029310108 41.3842405595297, 2.17409328407855 41.3841197367246, 2.17410370759861 41.3840710268309, 2.17412344308206 41.384017970089, 2.17414513861287 41.3839829784745, 2.17434435318751 41.3840492892551, 2.17447463889381 41.3840970180965, 2.1751784977487 41.3844221838246, 2.17651451399581 41.3854342399787, 2.176498362823 41.3854770010618, 2.17652741448345 41.3855403867863, 2.17658052292009 41.3855784651007, 2.17503211048495 41.3867675468982, 2.17428327719019 41.387334044548))"
"01","Ciutat Vella","02","el Barri Gòtic","010","025","POLYGON ((431189.9075 4581851.4475, 431153.9965 4581888.4402, 431149.5159 4581884.255, 431147.02 4581877.2411, 431148.3253 4581872.481, 431035.5505 4581761.1865, 431018.0915 4581750.7185, 431028.1025 4581741.6175, 431025.0915 4581735.1535, 431010.3795 4581709.3475, 431007.3715 4581705.0955, 430987.3245 4581681.3775, 430980.2795 4581670.3335, 430977.4135 4581664.7835, 430974.8115 4581656.0255, 430973.4415 4581646.8955, 430973.1015 4581637.0775, 430973.6365 4581626.6745, 430975.9485 4581616.9895, 430987.1765 4581577.0955, 430990.1035 4581568.9555, 430996.0355 4581556.1255, 431001.3735 4581546.1615, 431005.3855 4581539.5435, 431011.5835 4581531.2995, 431060.1655 4581474.4835, 431067.1235 4581467.0445, 431088.7315 4581454.1095, 431141.2355 4581508.5425, 431168.8685 4581537.9125, 431236.6775 4581607.4435, 431266.9655 4581637.8445, 431332.4295 4581707.4075, 431189.9075 4581851.4475))","POLYGON ((2.1770141884741 41.385248355328, 2.17658052292009 41.3855784651007, 2.17652741448345 41.3855403867863, 2.176498362823 41.3854770010618, 2.17651451399581 41.3854342399787, 2.1751784977487 41.3844221838246, 2.1749708989855 41.3843264048322, 2.17509165544413 41.3842452931921, 2.17505638312922 41.3841868157309, 2.17488338266723 41.3839531273247, 2.17484789469647 41.3839145728789, 2.17461085783111 41.383699232521, 2.17452786629506 41.3835991581557, 2.17449422472816 41.3835489250874, 2.17446410576863 41.3834698211652, 2.17444876239785 41.383387472447, 2.17444581490311 41.3832990154895, 2.17445339790499 41.3832053646844, 2.17448214964142 41.3831183331476, 2.17462096527084 41.3827599830211, 2.17465689515138 41.382686919539, 2.17472929455691 41.3825718723493, 2.17479426398066 41.3824825873774, 2.17484299522678 41.3824233250824, 2.17491805285229 41.3823496053145, 2.17550548601273 41.3818420447224, 2.17558953904565 41.3817756400151, 2.1758494076584 41.3816609892979, 2.17647108630594 41.3821557466696, 2.17679819928933 41.3824226382067, 2.1776012059784 41.3830546820679, 2.17795996151641 41.3833310831824, 2.17873494352846 41.3839632071059, 2.1770141884741 41.385248355328))"
"01","Ciutat Vella","02","el Barri Gòtic","010","026","POLYGON ((431341.7035 4581698.0675, 431332.4295 4581707.4075, 431266.9655 4581637.8445, 431236.6775 4581607.4435, 431206.2415 4581576.2755, 431231.0575 4581552.4295, 431271.4295 4581505.9395, 431289.9275 4581486.6295, 431324.4775 4581461.0175, 431338.6655 4581442.6755, 431358.3155 4581430.9215, 431365.8595 4581425.3415, 431390.5675 4581402.1195, 431414.7175 4581396.8455, 431436.3855 4581389.0035, 431464.8625 4581374.5215, 431472.7085 4581387.0035, 431484.3885 4581403.5605, 431500.6875 4581425.6685, 431591.1165 4581384.2295, 431595.0565585 4581382.163155, 431621.331381 4581418.7485265, 431597.0066 4581438.9604, 431577.6112 4581458.7235, 431512.1865 4581524.0275, 431438.8085 4581599.2855, 431341.7035 4581698.0675))","POLYGON ((2.17884690812599 41.3838798759603, 2.17873494352846 41.3839632071059, 2.17795996151641 41.3833310831824, 2.1776012059784 41.3830546820679, 2.17724077068266 41.3827713590498, 2.17754024190302 41.3825587066487, 2.1780283064774 41.3821434345182, 2.17825170436152 41.3819710948978, 2.17866777211988 41.3817433648469, 2.17883951657897 41.3815793746422, 2.17907583053526 41.3814751864066, 2.17916667655092 41.3814255725199, 2.17946477318338 41.3812185259227, 2.17975416386757 41.3811730835033, 2.18001416416387 41.3811042995999, 2.18035633895824 41.3809762905241, 2.18044875222328 41.381089380665, 2.18058655332267 41.381239499609, 2.18077896328258 41.3814400079441, 2.18186502567356 41.3810744722798, 2.18191237538397 41.3810561962774, 2.18222244967641 41.3813879439627, 2.18192928336819 41.3815679189851, 2.18169511381417 41.3817442704872, 2.18090535592045 41.3823268785809, 2.18001934694716 41.382998456162, 2.17884690812599 41.3838798759603))"
"01","Ciutat Vella","02","el Barri Gòtic","010","027","POLYGON ((431208.8015 4581573.8155, 431206.2415 4581576.2755, 431168.8685 4581537.9125, 431141.2355 4581508.5425, 431088.7315 4581454.1095, 431124.775500001 4581420.1435, 431133.8435 4581412.0075, 431144.4975 4581405.3335, 431171.8955 4581389.2005, 431182.0695 4581384.1785, 431197.3545 4581375.7675, 431201.8265 4581372.9305, 431207.7095 4581368.3695, 431239.8195 4581353.4535, 431250.6375 4581347.8315, 431274.2715 4581334.1655, 431293.4695 4581327.3535, 431332.9495 4581312.2715, 431353.9415 4581302.9615, 431364.6495 4581297.8555, 431372.6985 4581293.3415, 431400.9475 4581276.3815, 431407.5115 4581272.0795, 431410.2445 4581277.1665, 431434.6515 4581315.7155, 431443.3985 4581330.5615, 431457.0445 4581360.6395, 431460.3815 4581367.3535, 431464.8625 4581374.5215, 431436.3855 4581389.0035, 431414.7175 4581396.8455, 431390.5675 4581402.1195, 431365.8595 4581425.3415, 431358.3155 4581430.9215, 431338.6655 4581442.6755, 431324.4775 4581461.0175, 431289.9275 4581486.6295, 431271.4295 4581505.9395, 431231.0575 4581552.4295, 431208.8015 4581573.8155))","POLYGON ((2.1772716640073 41.3827494214437, 2.17724077068266 41.3827713590498, 2.17679819928933 41.3824226382067, 2.17647108630594 41.3821557466696, 2.1758494076584 41.3816609892979, 2.1762842969628 41.3813581538391, 2.17639365988398 41.3812856514728, 2.17652182234442 41.3812264525382, 2.17685128897221 41.3810834915401, 2.17697352304175 41.3810391301155, 2.17715726052144 41.3809646818923, 2.17721106003394 41.380939512257, 2.17728192833331 41.3808989356685, 2.17766760082378 41.3807673363239, 2.17779760293072 41.3807176250194, 2.17808177375196 41.3805965583687, 2.17831211990249 41.3805368442321, 2.17878593883702 41.3804043752842, 2.17903801960641 41.3803223140083, 2.17916664596505 41.3802772392159, 2.17926340838031 41.380237269464, 2.17960313408288 41.3800869244892, 2.17968211414966 41.3800487371942, 2.17971421994495 41.3800947873482, 2.18000172053548 41.3804440675473, 2.18010463935906 41.3805785266227, 2.18026441919341 41.3808505932904, 2.18030356456969 41.3809113486653, 2.18035633895824 41.3809762905241, 2.18001416416387 41.3811042995999, 2.17975416386757 41.3811730835033, 2.17946477318338 41.3812185259227, 2.17916667655092 41.3814255725199, 2.17907583053526 41.3814751864066, 2.17883951657897 41.3815793746422, 2.17866777211988 41.3817433648469, 2.17825170436152 41.3819710948978, 2.1780283064774 41.3821434345182, 2.17754024190302 41.3825587066487, 2.1772716640073 41.3827494214437))"
"01","Ciutat Vella","02","el Barri Gòtic","011","028","POLYGON ((431018.5315 4581750.2655, 431018.0915 4581750.7185, 430976.3555 4581725.6475, 430965.4115 4581720.4525, 430948.6845 4581713.2495, 430912.2175 4581696.7595, 430846.7175 4581664.6695, 430830.5415 4581655.8675, 430801.3995 4581639.3395, 430766.0075 4581620.3315, 430745.0184 4581606.0395, 430764.5645 4581570.2975, 430801.6485 4581511.4115, 430938.4735 4581297.4935, 431001.0735 4581363.3785, 431088.7315 4581454.1095, 431067.1235 4581467.0445, 431060.1655 4581474.4835, 431027.6235 4581512.3095, 431009.9455 4581533.2935, 431005.3855 4581539.5435, 431002.6475 4581543.9185, 430997.0555 4581554.0795, 430990.1035 4581568.9555, 430986.2135 4581580.1255, 430975.9485 4581616.9895, 430973.6365 4581626.6745, 430973.0635 4581639.0435, 430973.7595 4581649.9955, 430975.2075 4581657.5055, 430976.9595 4581663.5175, 430978.3555 4581666.9045, 430987.3245 4581681.3775, 431007.3715 4581705.0955, 431010.3795 4581709.3475, 431025.0915 4581735.1535, 431028.1025 4581741.6175, 431018.5315 4581750.2655))","POLYGON ((2.17497621247143 41.3843223625251, 2.1749708989855 41.3843264048322, 2.17447463889381 41.3840970180965, 2.17434435318751 41.3840492892551, 2.17414513861287 41.3839829784745, 2.1737109164562 41.3838313271893, 2.17293127793664 41.3835366747433, 2.17273883818775 41.3834560072037, 2.17239222464935 41.3833046384795, 2.17197115443573 41.3831303942933, 2.17172178640858 41.3829998641047, 2.17195961506369 41.3826796291075, 2.17240981169325 41.3821524511807, 2.17407041088594 41.3802375117692, 2.17481148888965 41.3808362892739, 2.1758494076584 41.3816609892979, 2.17558953904565 41.3817756400151, 2.17550548601273 41.3818420447224, 2.17511202915704 41.3821799432519, 2.1748982377601 41.3823674242233, 2.17484299522678 41.3824233250824, 2.17480975457762 41.3824624946021, 2.17474172528654 41.382553532119, 2.17465689515138 41.382686919539, 2.17460910403466 41.3827871907211, 2.17448214964142 41.3831183331476, 2.17445339790499 41.3832053646844, 2.17444513650563 41.3833167194025, 2.17445221211922 41.3834154205024, 2.17446867282829 41.3834831850573, 2.17448893967395 41.3835374836541, 2.17450524825773 41.3835681091165, 2.17461085783111 41.383699232521, 2.17484789469647 41.3839145728789, 2.17488338266723 41.3839531273247, 2.17505638312922 41.3841868157309, 2.17509165544413 41.3842452931921, 2.17497621247143 41.3843223625251))"
"01","Ciutat Vella","02","el Barri Gòtic","011","029","POLYGON ((431109.9915 4581434.1815, 431088.7315 4581454.1095, 431001.0735 4581363.3785, 430938.4735 4581297.4935, 431023.5455 4581164.3265, 431050.9895 4581133.5905, 431076.3995 4581153.4185, 431102.8595 4581189.6315, 431133.1995 4581232.0175, 431151.6495 4581254.4435, 431161.3795 4581265.1475, 431174.8455 4581281.2215, 431188.9195 4581297.1285, 431190.1395 4581297.9735, 431197.7635 4581301.3395, 431238.6935 4581317.8355, 431250.2115 4581322.8735, 431273.1735 4581334.6835, 431250.6375 4581347.8315, 431239.8195 4581353.4535, 431207.7095 4581368.3695, 431201.8265 4581372.9305, 431197.3545 4581375.7675, 431182.0695 4581384.1785, 431171.8955 4581389.2005, 431144.4975 4581405.3335, 431132.9395 4581412.7025, 431109.9915 4581434.1815))","POLYGON ((2.17610590883796 41.381483324283, 2.1758494076584 41.3816609892979, 2.17481148888965 41.3808362892739, 2.17407041088594 41.3802375117692, 2.17510287028291 41.3790454129751, 2.17543454025116 41.3787709348706, 2.17573613491039 41.3789516968704, 2.17604842439773 41.3792801229509, 2.17640641270225 41.3796644787142, 2.17662449084135 41.3798680421232, 2.17673962707596 41.3799652824642, 2.17689882930472 41.3801112083111, 2.17706532176135 41.3802556818172, 2.1770798147597 41.3802633968237, 2.17717060156143 41.3802943653834, 2.17765817728044 41.3804464390235, 2.17779534013819 41.3804927990905, 2.17806858488506 41.380601130058, 2.17779760293072 41.3807176250194, 2.17766760082378 41.3807673363239, 2.17728192833331 41.3808989356685, 2.17721106003394 41.380939512257, 2.17715726052144 41.3809646818923, 2.17697352304175 41.3810391301155, 2.17685128897221 41.3810834915401, 2.17652182234442 41.3812264525382, 2.17638277056438 41.3812918337584, 2.17610590883796 41.381483324283))"
"01","Ciutat Vella","02","el Barri Gòtic","012","030","POLYGON ((431625.046 4581416.794, 431621.331381 4581418.7485265, 431595.0565585 4581382.163155, 431581.9626535 4581370.967058, 431425.9035 4581121.2085, 431383.2895 4581148.3495, 431356.8494 4581164.4138, 431351.9863 4581168.9349, 431272.1115 4581234.5895, 431256.4075 4581247.9875, 431197.5165 4581301.2295, 431190.1395 4581297.9735, 431188.9195 4581297.1285, 431147.3535 4581249.2955, 431133.1995 4581232.0175, 431102.8595 4581189.6315, 431076.3995 4581153.4185, 431050.9895 4581133.5905, 431058.1645 4581120.2045, 431076.9025 4581077.3095, 431097.6375 4581028.7145, 431167.9415 4580903.9545, 431222.2405 4580824.3475, 431218.9815 4580820.4355, 431213.9015 4580811.5735, 431210.9835 4580801.7115, 431210.4175 4580791.6475, 431211.5175 4580784.9495, 431213.7635 4580779.4815, 431217.1355 4580774.5855, 431221.3855 4580770.5755, 431210.047 4580749.276, 431239.919986 4580730.5309775, 431239.468 4580729.809, 431242.356 4580727.98, 431242.79 4580728.667, 431243.955 4580727.929, 431243.531 4580727.252, 431246.16 4580725.595, 431246.6079725 4580726.308956, 431266.451 4580713.629, 431270.070044 4580705.8340705, 431287.925 4580694.625, 431301.3738385 4580686.6110995, 431425.387 4580887.76, 431451.515 4580930.815, 431504.846 4581016.911, 431523.809 4581048.234, 431626.288 4581214.831, 431643.319 4581204.435, 431652.016 4581171.976, 431664.957 4581128.045, 431697.438 4581011.855, 431703.538 4580991.855, 431632.336 4580875.14, 431555.068 4580749.516, 431561.652 4580719.752, 431566.929 4580697.59, 431643.085 4580650.575, 431672.551 4580632.919, 431683.777 4580635.52, 431694.992 4580653.241, 431730.997 4580712.927, 431788.89 4580807.08, 431838.088000001 4580888.507, 431845.8904 4580900.6548, 431848.1422 4580901.2917, 431838.314 4580935.155, 431827.003 4580975.976, 431809.105 4581037.855, 431781.552 4581137.127, 431747.437 4581258.308, 431739.361 4581285.574, 431731.3991 4581313.9689, 431727.31 4581320.014, 431699.288 4581335.459, 431697.508 4581341.559, 431696.736 4581342.733, 431694.773 4581344.359, 431671.354 4581357.59, 431670.825 4581356.801, 431666.905 4581358.901, 431667.455 4581359.771, 431653.133 4581367.781, 431648.868 4581393.316, 431639.868 4581402.513, 431638.156 4581405.749, 431637.755 4581408.533, 431625.046 4581416.794))","POLYGON ((2.18226709101218 41.381370655775, 2.18222244967641 41.3813879439627, 2.18191237538397 41.3810561962774, 2.18175705845785 41.3809542428187, 2.17991911900532 41.3786914521653, 2.17940647344812 41.3789322707283, 2.17908848552419 41.3790747022047, 2.17902982075864 41.3791150075931, 2.17806723677068 41.3796995213383, 2.17787792777359 41.3798188517579, 2.17716766038506 41.380293353524, 2.1770798147597 41.3802633968237, 2.17706532176135 41.3802556818172, 2.17657370381675 41.3798213079697, 2.17640641270225 41.3796644787142, 2.17604842439773 41.3792801229509, 2.17573613491039 41.3789516968704, 2.17543454025116 41.3787709348706, 2.17552186069524 41.3786509858303, 2.17575080498728 41.3782662481944, 2.17600427409667 41.3778303427914, 2.17685911679773 41.3767126818641, 2.17751743013813 41.3760003267713, 2.17747890496607 41.3759648139417, 2.17741916721251 41.3758845621881, 2.17738539484938 41.375795488497, 2.17737976911235 41.3757047964936, 2.17739368227006 41.3756445635166, 2.17742115888335 41.3755955067591, 2.17746203445567 41.3755516980806, 2.17751330793593 41.375515944381, 2.1773801474292 41.3753231366084, 2.17773947246184 41.3751568584308, 2.17773414986316 41.3751503171619, 2.17776888976818 41.3751340906248, 2.17777400127403 41.3751403153229, 2.17778801513869 41.3751337678988, 2.17778302206986 41.3751276341229, 2.17781464552467 41.3751129345992, 2.17781992104803 41.3751194032742, 2.17805862610495 41.3750068934739, 2.17810278351561 41.3749369958038, 2.17831754900713 41.3748375635166, 2.17847926716055 41.3747665327149, 2.17993935542681 41.376588802432, 2.1802469114392 41.3769788130515, 2.18087489052958 41.3777587972592, 2.18109810560104 41.3780425288146, 2.18230472996439 41.3795517365674, 2.18250955988945 41.3794595497012, 2.18261721942368 41.3791679392062, 2.18277692086628 41.3787733638576, 2.18317841944965 41.3777296299153, 2.18325361510429 41.3775500130854, 2.18241537001046 41.3764927464273, 2.18150562497965 41.3753547168673, 2.18158771205548 41.3750872005276, 2.18165331221844 41.374888042133, 2.18256922509646 41.3744710629906, 2.18292354333866 41.3743145424011, 2.18305748039551 41.374338921958, 2.18318958233159 41.3744994822485, 2.18361337638137 41.3750401133546, 2.1842950205244 41.3758930336091, 2.18487414273583 41.3766305937019, 2.18496607408595 41.3767406665711, 2.18499292844003 41.3767465936728, 2.18487159930837 41.3770507589854, 2.18473175565081 41.3774174646691, 2.18451077566377 41.3779732757258, 2.18417012980613 41.3788650564248, 2.18374853809868 41.3799536076736, 2.18364889320012 41.3801984999772, 2.18355048479822 41.380453569551, 2.18350090546199 41.3805076691449, 2.18316407161676 41.3806443997616, 2.18314209842171 41.3806991896769, 2.1831327343302 41.3807096980351, 2.1831090770089 41.3807241763237, 2.18282753482882 41.3808413558022, 2.1828212978648 41.3808342045727, 2.18277418463499 41.3808527857785, 2.18278066358581 41.3808606683386, 2.18260849373034 41.380931595713, 2.18255461147819 41.3811612200624, 2.18244594899463 41.3812432902604, 2.18242511124825 41.3812722905519, 2.18242000188121 41.3812973311938, 2.18226709101218 41.381370655775))"
"01","Ciutat Vella","02","el Barri Gòtic","012","031","POLYGON ((431500.9875 4581425.5305, 431500.6875 4581425.6685, 431484.3885 4581403.5605, 431472.7085 4581387.0035, 431460.3815 4581367.3535, 431450.0735 4581345.7515, 431443.3985 4581330.5615, 431434.6515 4581315.7155, 431410.2445 4581277.1665, 431407.5115 4581272.0795, 431400.9475 4581276.3815, 431372.6985 4581293.3415, 431364.6495 4581297.8555, 431353.9415 4581302.9615, 431332.9495 4581312.2715, 431293.4695 4581327.3535, 431273.1735 4581334.6835, 431250.2115 4581322.8735, 431238.6935 4581317.8355, 431197.5165 4581301.2295, 431256.4075 4581247.9875, 431272.1115 4581234.5895, 431351.9863 4581168.9349, 431356.8494 4581164.4138, 431383.2895 4581148.3495, 431425.9035 4581121.2085, 431581.9626535 4581370.967058, 431595.0565585 4581382.163155, 431591.1165 4581384.2295, 431500.9875 4581425.5305))","POLYGON ((2.18078256639536 41.3814387905583, 2.18077896328258 41.3814400079441, 2.18058655332267 41.381239499609, 2.18044875222328 41.381089380665, 2.18030356456969 41.3809113486653, 2.18018274221069 41.3807159073894, 2.18010463935906 41.3805785266227, 2.18000172053548 41.3804440675473, 2.17971421994495 41.3800947873482, 2.17968211414966 41.3800487371942, 2.17960313408288 41.3800869244892, 2.17926340838031 41.380237269464, 2.17916664596505 41.3802772392159, 2.17903801960641 41.3803223140083, 2.17878593883702 41.3804043752842, 2.17831211990249 41.3805368442321, 2.17806858488506 41.380601130058, 2.17779534013819 41.3804927990905, 2.17765817728044 41.3804464390235, 2.17716766038506 41.380293353524, 2.17787792777359 41.3798188517579, 2.17806723677068 41.3796995213383, 2.17902982075864 41.3791150075931, 2.17908848552419 41.3790747022047, 2.17940647344812 41.3789322707283, 2.17991911900532 41.3786914521653, 2.18175705845785 41.3809542428187, 2.18191237538397 41.3810561962774, 2.18186502567356 41.3810744722798, 2.18078256639536 41.3814387905583))"
"01","Ciutat Vella","03","la Barceloneta","013","032","POLYGON ((431902.4546295 4581515.648537, 431823.077004 4581566.504057, 431809.2675 4581546.1655, 431780.7135 4581502.9065, 431794.2797825 4581494.658111, 431736.404 4581405.3351, 431647.37 4581402.284, 431637.755 4581408.533, 431637.731 4581407.993, 431638.156 4581405.749, 431639.868 4581402.513, 431648.868 4581393.316, 431653.133 4581367.781, 431667.455 4581359.771, 431666.905 4581358.901, 431670.825 4581356.801, 431671.354 4581357.59, 431694.773 4581344.359, 431696.736 4581342.733, 431697.508 4581341.559, 431699.288 4581335.459, 431727.31 4581320.014, 431731.3991 4581313.9689, 431824.1932 4581341.0379, 431825.3492 4581340.8519, 431928.9229 4581273.962, 431939.4336 4581238.0699, 431930.9046 4581235.5779, 431937.7174 4581212.2218, 431972.6819 4581222.4025, 432038.9031 4580994.1032, 431969.5467 4580973.8982, 431969.9356 4580965.4872, 432032.9822 4580952.866, 432010.56 4580842.101, 432010.542 4580840.775, 432006.4041 4580817.9834, 431981.966 4580822.687, 432001.32 4580806.635, 432002.368 4580812.241, 432005.1344 4580811.7236, 432000.988 4580791.28, 432002.45 4580790.931, 432000.728 4580782.308, 432000.996 4580780.935, 432008.69 4580775.231, 431961.114 4580751.802, 431929.368 4580736.657, 431903.734 4580722.91, 431880.019 4580710.926, 431877.911 4580709.604, 431875.004 4580707.16, 431872.536 4580704.423, 431824.358 4580710.741, 431823.551 4580704.651, 431869.4681 4580698.5605, 431863.802 4580655.17, 431808.734 4580667.546, 431807.611 4580661.565, 431862.911 4580648.999, 431857.408 4580605.452, 431803.627 4580621.411, 431801.699 4580615.478, 431856.65 4580599.247, 431851.035 4580556.088, 431801.647 4580576.166, 431799.345 4580570.503, 431850.276 4580549.798, 431845.362 4580511.156, 431840.236 4580509.028, 431796.959 4580531.296, 431794.369 4580525.712, 431843.896 4580500.324, 431838.734 4580462.002, 431834.064 4580460.22, 431786.446 4580489.612, 431783.274 4580484.474, 431838.246 4580450.28, 431838.828 4580449.198, 431836.66 4580447.452, 431781.632 4580482.024, 431780.674 4580480.498, 431835.432 4580446.096, 431843.076 4580445.552, 431843.936 4580445.142, 431888.923 4580439.528, 431891.696 4580439.714, 431894.403 4580440.883, 431896.542 4580442.912, 431897.804 4580445.387, 431924.552 4580654.678, 431985.578 4580685.557, 432054.6076 4580656.2459, 432032.771 4580603.167, 432031.067 4580599.543, 432030.587 4580599.779, 432022.897 4580580.723, 431996.089 4580546.099, 431999.158 4580543.723, 431999.633 4580543.821, 432020.591 4580571.157, 431997.205 4580515.811, 432022.42 4580505.194, 432057.861 4580500.696, 432045.044 4580403.342, 431970.134 4580412.781, 431921.168 4580418.543, 431910.071 4580339.567, 431910.569 4580338.951, 431940.785 4580334.999, 431939.703 4580327.697, 431910.085 4580331.373, 431909.609 4580331.169, 431907.585 4580317.597, 431907.891 4580316.55, 431910.7831 4580316.1943, 431907.146 4580285.913, 431969.265 4580278.516, 431969.466 4580280.216, 432027.968 4580272.9678, 432021.5747 4580222.0727, 431973.857 4580229.458, 431871.893 4580244.568, 431840.404 4580248.843, 431824.606 4580251.646, 431818.34 4580252.461, 431816.81 4580252.361, 431814.525 4580251.647, 431812.515 4580250.285, 431811.021 4580248.456, 431810.144 4580246.43, 431805.628 4580213.078, 431805.458 4580210.075, 431806.044 4580207.126, 431806.961 4580205.416, 431808.275 4580203.919, 431809.898 4580202.763, 431811.692 4580202.024, 431839.14 4580198.507, 431838.43 4580192.131, 431837.714 4580192.187, 431815.913 4580043.075, 431808.819 4579997.769, 431809.672 4579994.981, 431810.647 4579993.307, 431811.992 4579991.838, 431813.637 4579990.668, 431815.471 4579989.875, 431856.205 4579983.571, 431851.978 4579954.393, 431853.246 4579954.183, 431851.909 4579946.122, 431852.187 4579946.086, 431851.936 4579944.177, 431852.313 4579944.127, 431851.997 4579941.724, 431859.792 4579940.699, 431860.506 4579946.131, 431897.282 4579940.933, 431896.482 4579934.577, 431908.215 4579933.099, 431908.266 4579933.5, 431911.568 4579933.084, 431911.508 4579932.609, 431912.675 4579932.462, 431912.788 4579933.357, 431919.379 4579932.528, 431923.03 4579958.026, 431921.517 4579958.243, 431921.702 4579959.534, 431921.134 4579959.615, 431921.555 4579962.553, 431922.248 4579962.453, 431922.565 4579964.666, 431919.485 4579964.714, 431919.323 4579968.808, 431918.603 4579972.373, 431916.839 4579975.127, 431912.04 4579979.299, 431921.153 4580043.529, 431939.971 4580165.318, 432025.837 4580151.33, 431997.158 4579962.18, 432004.89 4579961.008, 431995.056 4579906.19, 431979.041 4579808.184, 431942.689 4579752.63, 431923.609 4579724.143, 431900.924 4579688.134, 431877.284 4579652.517, 431875.709 4579649.624, 431867.2725 4579636.71, 431848.34 4579673.386, 431844.514 4579675.235, 431835.174 4579671.565, 431831.638 4579667.303, 431831.258 4579663.109, 431831.383 4579625.704, 431847.7963 4579629.9723, 431862.3774 4579569.2956, 431866.8334 4579565.7375, 431872.1394 4579565.1825, 431882.2275 4579570.1774, 431887.0515 4579568.9104, 431917.0431 4579510.3601, 431942.717 4579496.9708, 431959.425 4579489.0777, 431963.827 4579488.4797, 431968.949 4579488.7206, 431973.359 4579489.9136, 431977.943 4579492.3866, 431981.341 4579495.3105, 431985.6591 4579500.4305, 431985.5211 4579502.8125, 431984.3231 4579504.6345, 431932.4432 4579530.514, 431908.5555 4579577.1462, 431908.4476 4579580.1002, 431909.1796 4579583.7272, 431913.3896 4579589.4832, 431946.6099 4579618.948, 431978.3262 4579651.8648, 431991.0324 4579670.4737, 432007.7246 4579696.6847, 432018.0088 4579718.5026, 432027.1809 4579734.2756, 432042.6073 4579782.4975, 432044.0396 4579790.3641, 432045.341 4579789.992, 432050.001 4579791.598, 432052.287 4579793.254, 432060.543 4579805.532, 432070.754 4579825.954, 432080.986 4579842.568, 432084.246 4579845.386, 432094.736 4579841.42, 432116.856 4579828.272, 432165.966 4579800.671, 432193.348 4579787.493, 432196.498 4579784.483, 432197.974 4579782.291, 432197.966 4579775.683, 432196.287 4579769.501, 432191.633 4579763.305, 432169.37 4579717.92, 432154.143 4579690.484, 432052.275 4579486.093, 432044.349 4579465.779, 432044.2216 4579452.2035, 432036.9189 4579437.144, 432024.066 4579420.162, 432018.16 4579422.444, 432007.506 4579422.06, 431991.4019 4579419.1277, 431979.7768 4579414.2558, 431977.9308 4579410.8638, 431975.9368 4579405.7718, 431975.1127 4579397.9578, 432012.918 4579387.628, 432015.358 4579382.192, 432012.7959 4579369.3851, 432009.427 4579357.036, 431996.733 4579311.368, 431989.745 4579287.776, 431984.321 4579267.268, 431977.314 4579247.494, 431970.677 4579221.138, 431968.951 4579221.422, 431937.239 4579115.199, 431903.633 4579005.102, 431872.702 4578899.128, 431852.768 4578832.356, 431839.542 4578836.11, 431833.9 4578817.878, 431832.22 4578817.56, 431800.92 4578826.992, 431795.504 4578809.607, 431859.053 4578790.28, 431873.28 4578835.788, 431900.099 4578924.893, 431923.934 4579006.836, 431946.321 4579079.581, 431987.5443 4579217.0149, 432007.4481 4579211.4147, 432012.4682 4579230.0058, 432007.4725 4579231.2641, 432043.72 4579350.352, 432062.754 4579382.279, 432065.6467 4579425.304, 432088.269 4579460.223, 432119.9556 4579534.2287, 432240.6576 4579776.3132, 432267.462 4579820.379, 432270.146 4579829.541, 432295.3005 4579885.9069, 432414.9625 4580125.9044, 432416.7046 4580131.0334, 432416.9586 4580134.9164, 432416.6201 4580136.6856, 432415.761 4580138.107, 432409.839 4580144.981, 432391.171 4580151.279, 432382.029 4580143.933, 432381.8974 4580139.1397, 432364.152 4580103.915, 432361.254 4580096.421, 432355.656 4580085.051, 432352.212 4580080.319, 432342.402 4580078.589, 432332.052 4580080.551, 432304.92 4580090.11, 432288.402 4580094.297, 432273.014 4580108.744, 432246.902 4580140.552, 432234.23 4580166.152, 432220.919 4580203.72, 432218.024 4580225.274, 432217.675 4580270.501, 432220.465 4580322.193, 432236.076 4580416.218, 432283.657 4580577.495, 432337.376 4580724.043, 432374.438 4580795.312, 432406.695 4580839.685, 432429.602 4580863.463, 432453.313 4580883.427, 432498.497 4580905.759, 432535.166 4580914.052, 432552.486 4580912.617, 432554.879 4580913.704, 432534.871 4580931.675, 432524.275293 4580952.2968695, 432432.2981 4580993.1838, 432386.9145 4581008.9569, 432377.9475 4581010.4141, 432366.1832 4581007.1017, 432367.8318 4581002.0763, 432266.8665 4580972.8205, 432158.961104 4580940.674753, 432128.892559 4581046.3644955, 432012.4710105 4581448.5579245, 431970.4973235 4581486.522803, 431956.8415 4581495.7835, 431946.6695 4581499.8795, 431935.5535 4581502.9215, 431918.11485 4581506.8687305, 431902.4546295 4581515.648537))","POLYGON ((2.18557333896022 41.3822845388695, 2.18461837613074 41.3827358580427, 2.18445552225281 41.382551503922, 2.18411892678897 41.3821594613826, 2.18428208787916 41.3820863206084, 2.18360004234092 41.3812769044383, 2.18253568634759 41.3812418650864, 2.18242000188121 41.3812973311938, 2.18241977579899 41.3812924655248, 2.18242511124825 41.3812722905519, 2.18244594899463 41.3812432902604, 2.18255461147819 41.3811612200624, 2.18260849373034 41.380931595713, 2.18278066358581 41.3808606683386, 2.18277418463499 41.3808527857785, 2.1828212978648 41.3808342045727, 2.18282753482882 41.3808413558022, 2.1831090770089 41.3807241763237, 2.1831327343302 41.3807096980351, 2.18314209842171 41.3806991896769, 2.18316407161676 41.3806443997616, 2.18350090546199 41.3805076691449, 2.18355048479822 41.380453569551, 2.18465709071041 41.3807052407098, 2.18467093537837 41.3807036634094, 2.1859170098676 41.3801099734107, 2.18604672930685 41.3797875920367, 2.18594501864748 41.3797644257688, 2.18602910976752 41.3795546399458, 2.18644607421167 41.3796492916463, 2.18726355215682 41.3775986559382, 2.18643647753417 41.3774108141745, 2.18644207192935 41.3773350913888, 2.1871973760877 41.377226743173, 2.18694168441335 41.3762272175474, 2.186941617914 41.3762152730895, 2.18689469585161 41.3760096454599, 2.18660195187376 41.3760499443382, 2.18683517630692 41.3759070037838, 2.18684707876471 41.3759575841233, 2.18688021573428 41.3759531577863, 2.18683292900225 41.3757686772339, 2.18685044980946 41.3757656574178, 2.18683082657971 41.3756878467892, 2.1868341851715 41.3756755031802, 2.18692682475568 41.3756247788281, 2.18636057260682 41.375409738865, 2.18598267722447 41.3752706471278, 2.18567770905429 41.3751446627905, 2.18539548984803 41.3750347189727, 2.18537043259692 41.3750226336257, 2.18533594763639 41.3750003750753, 2.18530674484369 41.3749755147047, 2.18472995997185 41.3750283392526, 2.18472099543755 41.3749734198589, 2.18527072023233 41.3749224529794, 2.18520784670983 41.3745311663877, 2.18454799957031 41.3746379695011, 2.18453524452159 41.3745840050493, 2.18519788654121 41.3744755103655, 2.18513698162883 41.3740828279672, 2.18449212458161 41.3742220109246, 2.1844697388236 41.3741684105704, 2.18512861569034 41.3740268769683, 2.18506632877292 41.3736376796415, 2.18447353964987 41.3738143332857, 2.18444665175435 41.3737631330508, 2.18505796054445 41.3735809629766, 2.18500354838832 41.3732325083995, 2.18494249663743 41.3732129079452, 2.18442253338635 41.3734098036577, 2.18439219321455 41.3733592905339, 2.18498723738463 41.3731348232395, 2.18492982467381 41.3727892297625, 2.18487418675597 41.372772784226, 2.18430152061122 41.3730334757638, 2.18426417163706 41.3729869302819, 2.18492530768424 41.3726836114167, 2.18493238818467 41.3726739154136, 2.18490666218516 41.3726580060301, 2.18424481419629 41.3729647245917, 2.18423353126559 41.3729508991043, 2.18489213172051 41.3726456888842, 2.18498359050641 41.3726414365936, 2.18499391942993 41.3726378166593, 2.18553244981148 41.3725910612732, 2.18556558504412 41.3725929711986, 2.18559782070266 41.3726037291573, 2.18562316831441 41.372622184842, 2.18563797974257 41.3726445833188, 2.18593429746872 41.3745318762319, 2.18666052864973 41.3748151553092, 2.18748921367293 41.3745569888559, 2.1872340616824 41.3740770768816, 2.18721409320036 41.3740442925294, 2.18720832735885 41.3740463775816, 2.18711851453626 41.3738740955586, 2.18680185502576 41.3735599812538, 2.18683881743443 41.373538840551, 2.18684448599261 41.3735397633468, 2.18709201437788 41.3737877422634, 2.18681859651296 41.3732872792916, 2.18712128034132 41.3731937848639, 2.1875455485053 41.3731562652592, 2.18740320968299 41.3722783403484, 2.18650647274779 41.3723570265752, 2.18592035244033 41.3724047829767, 2.18579653830481 41.3716925276209, 2.18580256187684 41.371687021597, 2.18616428638089 41.3716539826272, 2.18615216905033 41.3715881238763, 2.18579762594686 41.371618727541, 2.18579195751873 41.3716168498955, 2.18576928166089 41.3714944391245, 2.18577305796085 41.3714850349511, 2.18580767750436 41.3714820759245, 2.18576759118303 41.3712090322788, 2.18651114831374 41.3711476623807, 2.18651336082051 41.3711629908398, 2.1872136534454 41.3711026508611, 2.18714291825684 41.3706437115336, 2.1865715568408 41.3707061974941, 2.18535073385172 41.370833665175, 2.18497375665084 41.3708695030062, 2.18478455340038 41.3708934109133, 2.1847095425801 41.3709002206305, 2.1846912604424 41.370899190346, 2.18466402022962 41.3708925659578, 2.18464014092498 41.3708801284913, 2.18462248368144 41.3708635285869, 2.18461222573253 41.370845206625, 2.18456198165879 41.3705444311095, 2.18456028683092 41.3705173694554, 2.18456762495728 41.3704908582182, 2.1845787812875 41.3704755343796, 2.18459466033899 41.3704621626113, 2.18461419555347 41.370451888319, 2.18463572840493 41.3704453843225, 2.18496430241427 41.3704160324884, 2.18495653017196 41.3703585453587, 2.18494796312173 41.3703589891016, 2.18470407042199 41.3690141287915, 2.18462434879652 41.3686054681855, 2.18463486082539 41.3685804296386, 2.1846467062078 41.3685654349416, 2.184662952263 41.3685523179701, 2.18468275149761 41.3685419194268, 2.18470476802272 41.3685349324334, 2.18519249329406 41.3684816033663, 2.18514523436895 41.3682184466091, 2.18516041813931 41.3682166625422, 2.18514533893491 41.3681439459507, 2.18514866673661 41.3681436452437, 2.18514588033198 41.3681264301107, 2.18515039334551 41.3681260116906, 2.18514688532176 41.3681043417208, 2.18524019712733 41.3680957697022, 2.18524812328327 41.3681447548028, 2.18568839937111 41.3681010500058, 2.18567954845243 41.3680437354192, 2.18581999346174 41.3680314160402, 2.1858205581862 41.3680350320612, 2.18586008340601 41.3680315645672, 2.18585941938502 41.3680272812856, 2.1858733884694 41.3680260560059, 2.18587463899724 41.3680341266057, 2.18595353366264 41.3680272174876, 2.18599432222006 41.368257180395, 2.18597620846028 41.3682590068982, 2.18597827537684 41.3682706502592, 2.18597147528509 41.368271331767, 2.18597617890518 41.3682978292054, 2.18598447563113 41.3682969871411, 2.18598801722952 41.3683169458893, 2.18595118738945 41.368317117718, 2.18594879087049 41.3683539776509, 2.18593978229181 41.3683860258176, 2.18591838268833 41.3684106812064, 2.18586053735029 41.3684478514433, 2.18596228121859 41.3690271257584, 2.18617360109513 41.3701256400397, 2.18720181102109 41.3700069097169, 2.18688012937491 41.3683008603141, 2.18697270451298 41.3682909575764, 2.18686127700397 41.367796394657, 2.18668079660437 41.3669123256496, 2.18625241632317 41.3664088919028, 2.18602750048778 41.3661507031946, 2.18576033132273 41.3658244602977, 2.18548170330165 41.3655016666201, 2.18546319839966 41.3654754768006, 2.18536378688496 41.3653584496112, 2.18513331893167 41.3656871787067, 2.1850873693689 41.3657035082775, 2.18497611741035 41.3656696626842, 2.18493432181374 41.3656309764879, 2.18493025014546 41.3655931699916, 2.18493594898576 41.3652562830056, 2.18513169735956 41.3652961162193, 2.18531283771602 41.364750850402, 2.18536651040951 41.364719180607, 2.18543000773609 41.364714630904, 2.18555005329945 41.3647604724007, 2.18560786814462 41.3647494690062, 2.18597300043997 41.364224657706, 2.18628144056544 41.3641062343437, 2.18648207387595 41.364036555374, 2.1865347677859 41.3640315413603, 2.18659597533995 41.3640341439353, 2.18664856400269 41.3640452616496, 2.18670308933508 41.3640679226926, 2.18674338524828 41.3640945446544, 2.18679443492512 41.3641410240786, 2.18679251798404 41.3641624665186, 2.18677799129102 41.3641787756197, 2.18615485050273 41.3644074812099, 2.18586403106778 41.3648254659672, 2.18586240943444 41.3648520627961, 2.18587075354895 41.3648847922111, 2.18592043943153 41.3649369911698, 2.18631429424366 41.3652051823852, 2.18668978408701 41.3655043365102, 2.18683960598377 41.3656730158729, 2.18703623113359 41.365910501978, 2.1871567386983 41.3661078790427, 2.18726462866974 41.3662507171371, 2.187443657055 41.3666863424729, 2.18745989967649 41.3667573159336, 2.18747550053328 41.3667540743815, 2.18753103418642 41.3667689326032, 2.18755817939629 41.366784040753, 2.18765551024517 41.3668953225427, 2.18777530266331 41.367080120251, 2.18789577332456 41.3672306218797, 2.18793443362101 41.3672562779729, 2.18806029409517 41.3672214421552, 2.18832622812547 41.3671048869935, 2.18891646376154 41.3668604313721, 2.18924530912752 41.3667440472481, 2.18928330616254 41.3667172022298, 2.18930119786355 41.3666975837331, 2.18930184102403 41.3666380663883, 2.1892824586077 41.3665822451772, 2.18922750966347 41.3665260472743, 2.18896641685279 41.3661153998434, 2.18878743834532 41.3658670071817, 2.18759244958998 41.36401751486, 2.18749996864299 41.3638338825298, 2.18749996657911 41.3637116004966, 2.18741434915682 41.3635753467317, 2.18726259434399 41.3634213087992, 2.18719173176094 41.363441363538, 2.18706440515623 41.3634370052334, 2.18687220781753 41.3634092344856, 2.18673377501091 41.3633643723453, 2.18671208633049 41.3633336654484, 2.1866888189773 41.3632876345511, 2.18667984316537 41.3632171860997, 2.18713296567097 41.3631273415019, 2.18716274527685 41.3630785867961, 2.18713355080011 41.3629630217509, 2.18709465981864 41.3628515118579, 2.18694802315038 41.3624391189731, 2.18686712740742 41.3622260411837, 2.18680458373903 41.3620408723149, 2.18672303364101 41.3618621806307, 2.18664664542947 41.3616242376424, 2.18662597964898 41.3616266497227, 2.18625878865938 41.3606672442453, 2.18586940144543 41.3596727851563, 2.18551154042035 41.3587156859071, 2.18528074508259 41.3581125994305, 2.18512221813151 41.358145291385, 2.1850568214313 41.3579806024596, 2.18503677427994 41.357977596088, 2.18466155086061 41.358059897535, 2.18459876181129 41.3579028562279, 2.1853606024606 41.3577341626651, 2.18552556263645 41.3581452463385, 2.18583615837084 41.3589500627404, 2.18611189331169 41.3596901195348, 2.18637135606018 41.3603472090347, 2.18684875238291 41.3615885268848, 2.18708732530484 41.3615397683154, 2.18714525563292 41.3617076378787, 2.18708539207353 41.3617185492196, 2.1875053812995 41.3627942059891, 2.18772935644171 41.3630833712865, 2.18775911981553 41.363471131318, 2.18802566205986 41.3637875470504, 2.18839619805039 41.3644567710958, 2.18981217832454 41.366647337122, 2.19012772184668 41.3670464830813, 2.19015878784762 41.3671292288627, 2.19045323651249 41.3676390191732, 2.19185715157711 41.369810675503, 2.19187740892694 41.3698570174571, 2.19188001301868 41.3698920120366, 2.19187576861299 41.3699079183755, 2.1918653385214 41.3699206484501, 2.19179376703226 41.3699820636503, 2.1915698643373 41.3700372203799, 2.191461378869 41.3699702887666, 2.19146033996736 41.3699271056093, 2.19125209987279 41.3696083542416, 2.1912182866518 41.3695406140599, 2.1911526241209 41.3694377367636, 2.19111197486005 41.3693948273356, 2.19099487754627 41.3693784211105, 2.1908709119237 41.3693952223254, 2.19054544905029 41.3694790365135, 2.19034748869737 41.3695153584275, 2.19016189265119 41.3696441844124, 2.18984613689346 41.3699284737548, 2.18969176554128 41.3701579799188, 2.1895284150858 41.3704952248874, 2.18949139170345 41.3706891126779, 2.18948216270416 41.3710964317463, 2.18950974251217 41.3715622437956, 2.18968588756949 41.3724104182276, 2.19023678716355 41.373867004959, 2.19086274879307 41.3751914445929, 2.19129795791316 41.3758364620068, 2.19167871906909 41.3762388286355, 2.1919499778669 41.3764549149356, 2.19223127735218 41.3766367163441, 2.19276907953235 41.3768416465892, 2.19320662869978 41.3769194146991, 2.19341389380111 41.3769079419085, 2.19344238734923 41.3769179328202, 2.19320113964338 41.3770781159676, 2.1930721445036 41.3772629636238, 2.19196775562866 41.3776235041088, 2.19142331206769 41.3777617563616, 2.1913159244686 41.3777741274879, 2.19117561968326 41.3777433048218, 2.19119589396934 41.3776981808805, 2.18999184845811 41.3774261890041, 2.18870514962139 41.3771275705312, 2.18833376646596 41.3780769551056, 2.18689650275996 41.3816895761446, 2.18639030073179 41.3820279675789, 2.18622595765347 41.3821102213775, 2.18610385560928 41.3821462526006, 2.1859705829708 41.3821727107398, 2.18576159890562 41.3822067868837, 2.18557333896022 41.3822845388695))"
"01","Ciutat Vella","03","la Barceloneta","013","033","POLYGON ((432266.8665 4580972.8205, 432237.1955 4581076.5665, 432128.892559 4581046.3644955, 432158.961104 4580940.674753, 432266.8665 4580972.8205))","POLYGON ((2.18999184845811 41.3774261890041, 2.18962545328351 41.378358104528, 2.18833376646596 41.3780769551056, 2.18870514962139 41.3771275705312, 2.18999184845811 41.3774261890041))"
"01","Ciutat Vella","03","la Barceloneta","013","034","POLYGON ((432465.3444535 4581129.207702, 432427.7125 4581130.7395, 432381.1055 4581118.3355, 432294.9045 4581093.0215, 432237.1955 4581076.5665, 432266.8665 4580972.8205, 432367.8318 4581002.0763, 432366.1832 4581007.1017, 432377.9475 4581010.4141, 432386.9145 4581008.9569, 432432.2981 4580993.1838, 432524.275293 4580952.2968695, 432515.523 4580969.331, 432507.63 4580993.872, 432503.763 4581027.957, 432508.68 4581079.072, 432516.0615795 4581111.439139, 432478.2022 4581123.9667, 432465.3444535 4581129.207702))","POLYGON ((2.19234775745001 41.3788514113983, 2.19189758611239 41.3788620485424, 2.19134164642572 41.3787464135603, 2.19031369015505 41.3785111682906, 2.18962545328351 41.378358104528, 2.18999184845811 41.3774261890041, 2.19119589396934 41.3776981808805, 2.19117561968326 41.3777433048218, 2.1913159244686 41.3777741274879, 2.19142331206769 41.3777617563616, 2.19196775562866 41.3776235041088, 2.1930721445036 41.3772629636238, 2.19296559105263 41.377415651849, 2.1928684763393 41.3776360245442, 2.19281844003712 41.3779426952811, 2.19287154439246 41.3784034877351, 2.19295620828894 41.3786956295552, 2.19250209350192 41.3788052860758, 2.19234775745001 41.3788514113983))"
"01","Ciutat Vella","03","la Barceloneta","014","035","POLYGON ((432473.6168 4581228.7916, 432445.4985 4581329.2535, 432330.8675 4581295.8545, 432381.1055 4581118.3355, 432427.7125 4581130.7395, 432465.3444535 4581129.207702, 432478.201933 4581123.966809, 432516.0615795 4581111.439139, 432517.104 4581116.01, 432535.586 4581166.892, 432544.696182 4581186.411927, 432500.9805 4581204.7765, 432473.6168 4581228.7916))","POLYGON ((2.19243558189831 41.3797490326667, 2.1920881416244 41.3806515071158, 2.19072108324611 41.3803410582462, 2.19134164642572 41.3787464135603, 2.19189758611239 41.3788620485424, 2.19234775745001 41.3788514113983, 2.19250209029701 41.3788052870351, 2.19295620828894 41.3786956295552, 2.19296816451317 41.3787368855794, 2.19318350674818 41.379196716814, 2.19329027370104 41.3793732916913, 2.19276547462069 41.3795350307178, 2.19243558189831 41.3797490326667))"
"01","Ciutat Vella","03","la Barceloneta","014","036","POLYGON ((432763.7714065 4582121.4634675, 432759.4908 4582125.8389, 432575.4071935 4581948.4673315, 432536.8605 4581910.6285, 432507.1895 4581883.2895, 432493.5065 4581871.3795, 432482.3145 4581862.1495, 432460.5685 4581845.1885, 432444.1495 4581833.2175, 432392.3395 4581797.5295, 432380.7485 4581788.8945, 432337.2945 4581760.7085, 432301.4085 4581737.9095, 432228.3755 4581692.7315, 432282.4989 4581499.1784, 432276.9535 4581479.1985, 432304.2095 4581386.3285, 432306.2015 4581381.4035, 432330.8675 4581295.8545, 432445.4985 4581329.2535, 432473.6168 4581228.7916, 432500.9805 4581204.7765, 432544.696182 4581186.411927, 432555.551 4581209.67, 432600.501 4581278.977, 432647.628 4581333.759, 432680.068 4581358.184, 432687.55 4581362.296, 432816.768 4581298.9769, 432814.739 4581293.929, 432817.297 4581287.271, 432821.893 4581283.55, 432825.324 4581281.392, 432832.096 4581279.866, 432841.148 4581281.866, 432848.096 4581284.496, 432849.801 4581286.167, 432850.169 4581287.153, 432850.406 4581291.643, 432849.322 4581298.254, 432851.117 4581303.317, 432849.931 4581309.732, 432847.414 4581313.317, 432841.57 4581316.894, 432840.892 4581317.057, 432830.798 4581314.749, 432829.365 4581314.061, 432826.6557 4581311.0207, 432718.7466 4581363.9241, 432746.7779 4581423.0481, 432853.3524 4581371.4478, 432851.475 4581365.374, 432852.132 4581362.723, 432858.564 4581359.101, 432865.8 4581359.223, 432870.427 4581360.082, 432877.724 4581366.7, 432879.31 4581368.565, 432882.176 4581372.541, 432883.196000001 4581375.935, 432883.108 4581376.813, 432879.288 4581381.408, 432876.697 4581387.779, 432875.067 4581389.409, 432873.326 4581390.034, 432867.061 4581390.758, 432855.812 4581389.985, 432854.7558 4581387.4215, 432728.7353 4581447.9409, 432729.027 4581484.062, 432738.444 4581534.141, 432758.745 4581589.164, 432769.706 4581608.547, 432801.413 4581653.734, 432822.654 4581678.147, 432860.091 4581708.726, 432878.576 4581720.681, 432930.882 4581743.912, 432959.9856 4581749.529, 432960.758 4581746.062, 432961.734 4581744.074, 432962.554 4581740.35, 432964.436 4581734.512, 432965.589 4581733.636, 432966.605 4581733.842, 432967.555 4581733.136, 432969.974 4581734.021, 432970.911 4581738.782, 432969.924 4581743.031, 432969.987 4581744.737, 432969.415 4581746.079, 432968.684 4581751.077, 432967.285 4581755.588, 432967.213 4581756.914, 432966.61 4581757.749, 432966.598 4581759.541, 432965.118 4581763.772, 432964.879 4581767.868, 432965.219 4581769.005, 432964.366 4581770.34, 432964.335 4581771.985, 432963.2181 4581774.281, 432963.932 4581775.229, 432966.08 4581776.364, 432969.445 4581780.47, 432970.213 4581780.533, 432970.938 4581781.269, 432972.802 4581784.262, 432977.788 4581785.829, 432979.298 4581786.67, 432988.965 4581795.793, 432989.671 4581797.132, 432990.918 4581801.403, 432993.782 4581805.815, 432994.8 4581806.661, 432995.366 4581806.849, 433031.287 4581770.554, 433030.808 4581770.058, 433034.509 4581766.367, 433051.639 4581776.65, 433062.585 4581784.008, 433072.243 4581791.16, 433082.613 4581799.512, 433088.279545 4581804.696949, 432814.7025 4582082.3868, 432810.9826 4582081.4027, 432805.852 4582081.1784, 432798.7341255 4582081.2599495, 432794.048759 4582081.7901495, 432788.906416 4582083.2938215, 432784.4835 4582085.1915, 432779.4788 4582087.8208, 432775.459044 4582090.8075775, 432771.8965 4582094.4568, 432768.473185 4582099.104729, 432766.2468 4582103.0923, 432764.3503015 4582108.4511, 432763.4041 4582114.2978, 432763.7714065 4582121.4634675))","POLYGON ((2.19580622502246 41.3878134015331, 2.19575454506013 41.3878524521092, 2.19357272093522 41.3862395039717, 2.19311594320946 41.3858954677708, 2.19276414650674 41.3856467437212, 2.19260183604561 41.3855383253671, 2.19246901768923 41.3854542539158, 2.19221084481857 41.3852996652225, 2.1920158228499 41.3851904669326, 2.19140020434533 41.3848646820699, 2.19126255086139 41.3847859347189, 2.19074603125566 41.3845284172402, 2.19031941898473 41.3843200536372, 2.18945107556448 41.3839069983397, 2.19011996063619 41.3821682741837, 2.19005587873352 41.3819878537017, 2.1903921946398 41.3811536916344, 2.19041656584298 41.3811095010411, 2.19072108324611 41.3803410582462, 2.1920881416244 41.3806515071158, 2.19243558189831 41.3797490326667, 2.19276547462069 41.3795350307178, 2.19329027370104 41.3793732916913, 2.19341748769495 41.3795836812515, 2.19394729525591 41.3802116785602, 2.19450476053651 41.380709032657, 2.19488997398027 41.3809317374343, 2.19497898943398 41.3809693991788, 2.19653124162688 41.3804098997719, 2.19650753799855 41.3803642651534, 2.19653886525153 41.3803045117727, 2.19659423769838 41.3802713813814, 2.19663550552743 41.3802522312584, 2.19671665564565 41.3802390523013, 2.19682467968398 41.3802578214172, 2.19690747389621 41.380282089092, 2.1969276774941 41.3802972816776, 2.19693196886359 41.380306193051, 2.19693430544543 41.3803466531631, 2.19692061018087 41.3804061063557, 2.19694151421155 41.3804518573648, 2.19692662090603 41.3805095367203, 2.19689612471777 41.3805416158699, 2.19682584423099 41.3805733452637, 2.19681771846186 41.3805747567728, 2.19669726753034 41.3805531265786, 2.19668020759829 41.3805468103004, 2.19664814608384 41.3805192008772, 2.19535186806649 41.3809866724107, 2.19568051418879 41.3815215311396, 2.19696069658361 41.3810656813448, 2.19693891898585 41.3810108194378, 2.19694706936757 41.3809869973627, 2.19702438673351 41.3809549116646, 2.19711090375 41.3809566142905, 2.1971661398247 41.3809647371551, 2.19725266679544 41.3810249526457, 2.19727142616996 41.3810418825548, 2.19730525844354 41.3810779324994, 2.19731708006753 41.3811085865141, 2.1973159304877 41.3811164871044, 2.19726974056984 41.381157554476, 2.19723805072429 41.3812147203574, 2.19721837800097 41.3812292653804, 2.19719748921397 41.3812347493505, 2.1971224896988 41.3812407475206, 2.19698805541982 41.3812328466167, 2.19697570901392 41.3812096696584, 2.19546198945927 41.3817442260053, 2.19546146778281 41.3820695841085, 2.19556852250585 41.3825214204453, 2.19580518855024 41.3830186957701, 2.19593411737407 41.3831941896186, 2.19630828192443 41.3836038265947, 2.19655959257639 41.3838254822947, 2.19700390808271 41.384104024885, 2.19722364424668 41.3842132430545, 2.19784659682258 41.3844268412556, 2.19819402459213 41.3844798579891, 2.19820364532442 41.3844486959461, 2.19821553725147 41.3844308718544, 2.19822575564825 41.3843973990403, 2.19824890834812 41.3843449744449, 2.19826279395022 41.384337180605, 2.19827492146346 41.384339120654, 2.19828636058456 41.3843328410443, 2.19831519140132 41.3843410135749, 2.19832587024369 41.3843839727932, 2.19831359667012 41.3844221602472, 2.19831416134929 41.3844375310157, 2.19830717234502 41.3844495704177, 2.19829787738423 41.3844945252568, 2.19828064767924 41.3845350381464, 2.19827963992795 41.3845469751002, 2.19827233626932 41.3845544454934, 2.19827199449935 41.384570584593, 2.19825382705682 41.3846085688378, 2.19825051567001 41.3846454405779, 2.19825445593818 41.3846557095859, 2.19824410718844 41.3846676625212, 2.19824355445332 41.3846824760445, 2.19822994338176 41.3847030624764, 2.19823837604266 41.3847116603655, 2.19826393846268 41.3847220620157, 2.19830372634216 41.3847593241231, 2.19831290391376 41.3847599555394, 2.19832149279208 41.384766644916, 2.19834345333189 41.3847937574304, 2.19840290778786 41.3848082864178, 2.19842087292028 41.3848159868954, 2.19853547202774 41.3848989607922, 2.19854376703249 41.3849110796413, 2.1985582076198 41.3849496513496, 2.19859197046409 41.3849896276934, 2.19860405124716 41.3849973321966, 2.1986107992967 41.3849990726085, 2.19904439331483 41.3846751635736, 2.19903871976565 41.3846706563495, 2.19908338806495 41.3846377205047, 2.19928710980932 41.3847317626863, 2.19941720051028 41.3847989452312, 2.19953191096481 41.3848641650858, 2.19965500397223 41.3849402521584, 2.19972219799315 41.3849874230544, 2.19641967391967 41.3874657035701, 2.19637529481604 41.3874565293315, 2.19631396014715 41.3874540805603, 2.19622882469513 41.387454220446, 2.19617273111362 41.3874586043827, 2.1961110642985 41.3874717179215, 2.19605795775202 41.3874884402575, 2.19599781213012 41.3875117034779, 2.19594940627382 41.3875382686874, 2.19590639491081 41.3875708385593, 2.19586493778364 41.3876124151429, 2.19583786865135 41.3876481440806, 2.19581459259815 41.3876962508905, 2.19580262750896 41.3877488315169, 2.19580622502246 41.3878134015331))"
"01","Ciutat Vella","03","la Barceloneta","015","037","POLYGON ((432304.2095 4581386.3285, 432276.9535 4581479.1985, 432239.2635 4581468.9075, 432190.8655 4581454.4645, 432224.3775 4581338.3475, 432244.4765 4581270.0445, 432330.8675 4581295.8545, 432306.2015 4581381.4035, 432304.2095 4581386.3285))","POLYGON ((2.1903921946398 41.3811536916344, 2.19005587873352 41.3819878537017, 2.18960631343599 41.381891991954, 2.18902916282319 41.3817578300844, 2.18944290172336 41.3807148184591, 2.18969088768466 41.3801013239462, 2.19072108324611 41.3803410582462, 2.19041656584298 41.3811095010411, 2.1903921946398 41.3811536916344))"
"01","Ciutat Vella","03","la Barceloneta","015","038","POLYGON ((432356.6475 4581205.2735, 432330.8675 4581295.8545, 432244.4765 4581270.0445, 432257.5995 4581224.3335, 432266.9555 4581190.3955, 432273.6235 4581168.1135, 432294.9045 4581093.0215, 432381.1055 4581118.3355, 432356.6475 4581205.2735))","POLYGON ((2.19103947628367 41.3795273861965, 2.19072108324611 41.3803410582462, 2.18969088768466 41.3801013239462, 2.18985292424096 41.3796907217986, 2.189968597118 41.3793858386524, 2.19005082329843 41.3791857117069, 2.19031369015505 41.3785111682906, 2.19134164642572 41.3787464135603, 2.19103947628367 41.3795273861965))"
"01","Ciutat Vella","03","la Barceloneta","015","039","POLYGON ((432218.7335 4581358.3915, 432203.7295 4581354.2635, 432182.8595 4581347.8505, 432102.9475 4581324.6065, 432118.0115 4581271.9265, 432117.8885 4581268.8925, 432136.5975 4581204.2795, 432137.5335 4581204.5525, 432153.6395 4581148.2535, 432179.4205 4581060.4165, 432294.9045 4581093.0215, 432273.6235 4581168.1135, 432266.9555 4581190.3955, 432257.5995 4581224.3335, 432244.3835 4581270.3775, 432218.7335 4581358.3915))","POLYGON ((2.18937316731386 41.3808948740695, 2.18919420674747 41.3808564301255, 2.18894535478736 41.3807969110986, 2.1879923487652 41.380580818962, 2.18817838862662 41.3801076151601, 2.18817725761985 41.3800802783443, 2.18840821805095 41.3794999042083, 2.18841938021202 41.379502441991, 2.18861827912239 41.3789967298261, 2.18893639635475 41.3782077781676, 2.19031369015505 41.3785111682906, 2.19005082329843 41.3791857117069, 2.189968597118 41.3793858386524, 2.18985292424096 41.3796907217986, 2.18968973834508 41.3801043153591, 2.18937316731386 41.3808948740695))"
"01","Ciutat Vella","03","la Barceloneta","015","040","POLYGON ((432118.0115 4581271.9265, 432102.9475 4581324.6065, 432052.81591 4581309.856315, 432128.892559 4581046.3644955, 432179.4205 4581060.4165, 432153.6395 4581148.2535, 432137.5335 4581204.5525, 432136.5975 4581204.2795, 432117.8885 4581268.8925, 432118.0115 4581271.9265))","POLYGON ((2.18817838862662 41.3801076151601, 2.1879923487652 41.380580818962, 2.18739451694869 41.3804437359717, 2.18833376646596 41.3780769551056, 2.18893639635475 41.3782077781676, 2.18861827912239 41.3789967298261, 2.18841938021202 41.379502441991, 2.18840821805095 41.3794999042083, 2.18817725761985 41.3800802783443, 2.18817838862662 41.3801076151601))"
"01","Ciutat Vella","03","la Barceloneta","015","041","POLYGON ((432193.9935 4581443.6715, 432190.8655 4581454.4645, 432172.6055 4581448.9095, 432123.3515 4581434.9295, 432024.9312455 4581405.649896, 432052.81591 4581309.856315, 432182.8595 4581347.8505, 432203.7295 4581354.2635, 432218.7265 4581358.4135, 432193.9935 4581443.6715))","POLYGON ((2.18906777658572 41.381660884007, 2.18902916282319 41.3817578300844, 2.18881142311194 41.3817062584947, 2.18822398756019 41.3815761905663, 2.18705032093001 41.381304167861, 2.18739451694869 41.3804437359717, 2.18894535478736 41.3807969110986, 2.18919420674747 41.3808564301255, 2.18937308114502 41.380895071628, 2.18906777658572 41.381660884007))"
"01","Ciutat Vella","03","la Barceloneta","015","042","POLYGON ((432282.4989 4581499.1784, 432228.3755 4581692.7315, 432155.2755 4581648.5055, 431918.11485 4581506.8687305, 431935.5535 4581502.9215, 431946.6695 4581499.8795, 431956.8415 4581495.7835, 431970.4973235 4581486.522803, 432012.4710105 4581448.5579245, 432024.9312455 4581405.649896, 432123.3515 4581434.9295, 432172.6055 4581448.9095, 432239.2635 4581468.9075, 432276.9535 4581479.1985, 432282.4989 4581499.1784))","POLYGON ((2.19011996063619 41.3821682741837, 2.18945107556448 41.3839069983397, 2.18858183536496 41.3835025053185, 2.18576159890562 41.3822067868837, 2.1859705829708 41.3821727107398, 2.18610385560928 41.3821462526006, 2.18622595765347 41.3821102213775, 2.18639030073179 41.3820279675789, 2.18689650275996 41.3816895761446, 2.18705032093001 41.381304167861, 2.18822398756019 41.3815761905663, 2.18881142311194 41.3817062584947, 2.18960631343599 41.381891991954, 2.19005587873352 41.3819878537017, 2.19011996063619 41.3821682741837))"
"01","Ciutat Vella","04","Sant Pere, Santa Caterina i la Ribera","016","043","POLYGON ((432029.733 4582507.688, 432011.9795265 4582525.871526, 431827.6725 4582345.8425, 431765.0355 4582286.6015, 431641.3348 4582165.1033, 431880.9564705 4581920.054972, 431841.2564105 4581880.5712095, 431830.640733 4581868.204454, 431798.149259 4581836.4678855, 431780.5295 4581821.162, 431747.9995 4581789.6475, 431750.2165 4581787.7485, 431733.133500001 4581753.0415, 431710.440714 4581702.671653, 431722.4525 4581694.9325, 431693.7707 4581647.9937, 431696.5144 4581635.2363, 431676.685115 4581604.716168, 431659.7575 4581583.2015, 431623.7975 4581526.5255, 431616.4495 4581519.0555, 431577.6181 4581458.7157, 431597.0066 4581438.9604, 431621.331381 4581418.7485265, 431625.046 4581416.794, 431647.37 4581402.284, 431736.404 4581405.3351, 431794.2797825 4581494.658111, 431780.7135 4581502.9065, 431809.2675 4581546.1655, 431823.077004 4581566.504057, 431902.4546295 4581515.648537, 431918.11485 4581506.8687305, 432155.2755 4581648.5055, 432209.2445 4581681.0405, 432301.4085 4581737.9095, 432337.2945 4581760.7085, 432380.7485 4581788.8945, 432392.3395 4581797.5295, 432444.1495 4581833.2175, 432460.5685 4581845.1885, 432487.9305 4581866.7325, 432507.1895 4581883.2895, 432529.2825 4581903.4405, 432575.4071935 4581948.4673315, 432557.99 4581967.168, 432520.3376 4582005.0617, 432449.0042 4582078.9508, 432449.289 4582079.227, 432438.608 4582089.771, 432402.763 4582127.01, 432402.532 4582126.784, 432396.907 4582132.423, 432381.69 4582148.439, 432175.025 4582358.791, 432029.733 4582507.688))","POLYGON ((2.18698410106281 41.3912303269291, 2.18676972502336 41.3913926002551, 2.1845856357711 41.3897555297812, 2.18384317617257 41.389216651858, 2.18237745019752 41.3881118494892, 2.18527078628059 41.3859250960261, 2.18480044679864 41.3855661141153, 2.18467488383614 41.3854538307086, 2.18428988683384 41.3851652343679, 2.18408089429513 41.3850258845721, 2.18369541669759 41.3847392831098, 2.183722143696 41.3847223674372, 2.18352175884244 41.3844083217814, 2.18325605450259 41.3839527287439, 2.18340057370715 41.3838840438845, 2.18306286438766 41.3834588445661, 2.18309711372413 41.3833441751821, 2.18286342198698 41.3830676051576, 2.18266341654752 41.3828723908398, 2.18223977910477 41.3823588706215, 2.18215275068308 41.3822909659059, 2.18169519720811 41.3817442008216, 2.18192928336819 41.3815679189851, 2.18222244967641 41.3813879439627, 2.18226709101218 41.381370655775, 2.18253568634759 41.3812418650864, 2.18360004234092 41.3812769044383, 2.18428208787916 41.3820863206084, 2.18411892678897 41.3821594613826, 2.18445552225281 41.382551503922, 2.18461837613074 41.3827358580427, 2.18557333896022 41.3822845388695, 2.18576159890562 41.3822067868837, 2.18858183536496 41.3835025053185, 2.18922359872367 41.3838000887918, 2.19031941898473 41.3843200536372, 2.19074603125566 41.3845284172402, 2.19126255086139 41.3847859347189, 2.19140020434533 41.3848646820699, 2.1920158228499 41.3851904669326, 2.19221084481857 41.3852996652225, 2.19253566957352 41.3854960031232, 2.19276414650674 41.3856467437212, 2.19302611665733 41.3858300917871, 2.19357272093522 41.3862395039717, 2.19336234179041 41.3864064759709, 2.19290782372299 41.3867446169688, 2.1920464811226 41.3874041294225, 2.19204985639126 41.3874066409989, 2.19192094100262 41.3875007109744, 2.19148809665044 41.3878331012575, 2.19148535920568 41.387831046324, 2.19141745727288 41.3878813625636, 2.19123368046322 41.3880243353458, 2.18873849476326 41.3899015185102, 2.18698410106281 41.3912303269291))"
"01","Ciutat Vella","04","Sant Pere, Santa Caterina i la Ribera","016","044","POLYGON ((431766.7175 4582036.8635, 431707.4635 4582097.3065, 431650.2795 4582038.6635, 431622.3333 4582007.6168, 431616.2205685 4581998.8818265, 431600.0109125 4581982.006531, 431595.6546495 4581980.325695, 431544.3265 4581926.9795, 431563.2915 4581909.1435, 431590.4595 4581882.8395, 431605.3015 4581870.4895, 431644.3475 4581841.8195, 431680.4405 4581818.7445, 431685.3545 4581828.7345, 431688.7315 4581827.5175, 431692.0835 4581827.7255, 431695.0995 4581829.2035, 431697.7295 4581832.2455, 431703.3515 4581827.1695, 431723.5625 4581810.5675, 431747.9995 4581789.6475, 431780.5295 4581821.162, 431798.149259 4581836.4678855, 431830.640733 4581868.204454, 431841.2564105 4581880.5712095, 431880.9564705 4581920.054972, 431766.7175 4582036.8635))","POLYGON ((2.18389142245103 41.3869674757114, 2.18317596646446 41.3875068402281, 2.18249869105768 41.386973802705, 2.18216797556752 41.3866917989821, 2.18209585728962 41.3866126059681, 2.18190390595726 41.3864592368988, 2.18185199788014 41.3864437276715, 2.18124417708799 41.3859588875893, 2.18147299823754 41.3857998575041, 2.18180087534648 41.3855652557113, 2.18197976704877 41.3854552847932, 2.1824499574508 41.3852003809854, 2.18288419828398 41.3849956170161, 2.18294183857042 41.3850860114249, 2.18298236150764 41.3850753370143, 2.18302242479602 41.3850774950386, 2.18305832666773 41.3850910630513, 2.18308943604194 41.385118684786, 2.18315724206619 41.3850734439968, 2.18340081735799 41.384925630052, 2.18369541669759 41.3847392831098, 2.18408089429513 41.3850258845721, 2.18428988683384 41.3851652343679, 2.18467488383614 41.3854538307086, 2.18480044679864 41.3855661141153, 2.18527078628059 41.3859250960261, 2.18389142245103 41.3869674757114))"
"01","Ciutat Vella","04","Sant Pere, Santa Caterina i la Ribera","016","045","POLYGON ((431563.2915 4581909.1435, 431544.3265 4581926.9795, 431462.574312 4581842.2079555, 431415.0935 4581792.3955, 431431.1655 4581779.0975, 431432.3835 4581779.2995, 431438.5055 4581785.1935, 431445.9945 4581777.5155, 431457.9505 4581764.5795, 431446.9015 4581753.3005, 431463.6075 4581741.2095, 431516.6335 4581717.4115, 431538.4535 4581708.2375, 431563.0435 4581696.5695, 431572.9455 4581691.0735, 431582.5665 4581685.1855, 431574.7575 4581672.7075, 431567.6015 4581659.3495, 431604.5075 4581639.6215, 431608.1585 4581645.3825, 431676.685115 4581604.716168, 431696.5144 4581635.2363, 431693.7707 4581647.9937, 431722.4525 4581694.9325, 431710.440714 4581702.671653, 431733.133500001 4581753.0415, 431750.2165 4581787.7485, 431723.5625 4581810.5675, 431703.3515 4581827.1695, 431697.7295 4581832.2455, 431695.0995 4581829.2035, 431692.0835 4581827.7255, 431688.7315 4581827.5175, 431685.3545 4581828.7345, 431680.4405 4581818.7445, 431644.3475 4581841.8195, 431605.1895 4581870.5825, 431590.4595 4581882.8395, 431563.2915 4581909.1435))","POLYGON ((2.18147299823754 41.3857998575041, 2.18124417708799 41.3859588875893, 2.18027607566412 41.3851884138488, 2.17971388844563 41.3847357209291, 2.17990759812209 41.3846173197277, 2.17992214127252 41.3846192428967, 2.17999468705292 41.3846728502185, 2.18008511651214 41.3846043349011, 2.18022956120408 41.3844888428201, 2.18009870308923 41.3843863146714, 2.18029985643904 41.3842788379128, 2.18093667882376 41.3840690117875, 2.18119865775203 41.3839882413319, 2.18149404370277 41.3838852431657, 2.18161308070593 41.3838365845313, 2.18172880137047 41.3837843712421, 2.18163682415416 41.3836713213002, 2.18155275571798 41.3835504009201, 2.18199633289382 41.3833758548043, 2.1820393439828 41.3834280528834, 2.18286342198698 41.3830676051576, 2.18309711372413 41.3833441751821, 2.18306286438766 41.3834588445661, 2.18340057370715 41.3838840438845, 2.18325605450259 41.3839527287439, 2.18352175884244 41.3844083217814, 2.183722143696 41.3847223674372, 2.18340081735799 41.384925630052, 2.18315724206619 41.3850734439968, 2.18308943604194 41.385118684786, 2.18305832666773 41.3850910630513, 2.18302242479602 41.3850774950386, 2.18298236150764 41.3850753370143, 2.18294183857042 41.3850860114249, 2.18288419828398 41.3849956170161, 2.1824499574508 41.3852003809854, 2.18197841712891 41.3854561128954, 2.18180087534648 41.3855652557113, 2.18147299823754 41.3857998575041))"
"01","Ciutat Vella","04","Sant Pere, Santa Caterina i la Ribera","016","046","POLYGON ((431423.5735 4581785.1615, 431415.0935 4581792.3955, 431332.4295 4581707.4075, 431438.8085 4581599.2855, 431512.1865 4581524.0275, 431577.6181 4581458.7157, 431616.4495 4581519.0555, 431623.7975 4581526.5255, 431659.7575 4581583.2015, 431676.685115 4581604.716168, 431608.1585 4581645.3825, 431604.5075 4581639.6215, 431567.6015 4581659.3495, 431574.7575 4581672.7075, 431582.5665 4581685.1855, 431572.9455 4581691.0735, 431563.0435 4581696.5695, 431538.4535 4581708.2375, 431516.6335 4581717.4115, 431463.6075 4581741.2095, 431446.9015 4581753.3005, 431457.9505 4581764.5795, 431455.8195 4581767.0325, 431438.5055 4581785.1935, 431432.3835 4581779.2995, 431431.6765 4581778.9955, 431430.9435 4581779.2355, 431423.5735 4581785.1615))","POLYGON ((2.17981611936635 41.3846712892926, 2.17971388844563 41.3847357209291, 2.17873494352846 41.3839632071059, 2.18001934694716 41.382998456162, 2.18090535592045 41.3823268785809, 2.18169519720811 41.3817442008216, 2.18215275068308 41.3822909659059, 2.18223977910477 41.3823588706215, 2.18266341654752 41.3828723908398, 2.18286342198698 41.3830676051576, 2.1820393439828 41.3834280528834, 2.18199633289382 41.3833758548043, 2.18155275571798 41.3835504009201, 2.18163682415416 41.3836713213002, 2.18172880137047 41.3837843712421, 2.18161308070593 41.3838365845313, 2.18149404370277 41.3838852431657, 2.18119865775203 41.3839882413319, 2.18093667882376 41.3840690117875, 2.18029985643904 41.3842788379128, 2.18009870308923 41.3843863146714, 2.18022956120408 41.3844888428201, 2.18020379920474 41.3845107547204, 2.17999468705292 41.3846728502185, 2.17992214127252 41.3846192428967, 2.17991372069296 41.3846164445973, 2.17990492761572 41.3846185437319, 2.17981611936635 41.3846712892926))"
"01","Ciutat Vella","04","Sant Pere, Santa Caterina i la Ribera","017","047","POLYGON ((431301.8535 4582011.2515, 431298.2375 4582014.3175, 431249.2235 4581963.2535, 431230.8595 4581945.1655, 431175.8211 4581892.4732, 431170.0319 4581895.5017, 431161.3331 4581895.6386, 431153.9965 4581888.4402, 431189.9075 4581851.4475, 431332.4295 4581707.4075, 431415.0935 4581792.3955, 431462.574312 4581842.2079555, 431481.0285 4581861.0935, 431473.1455 4581868.4495, 431444.0625 4581891.5715, 431441.0687 4581899.6059, 431426.9455 4581910.7625, 431432.1415 4581923.5975, 431392.1955 4581945.8855, 431389.9955 4581942.4835, 431377.8735 4581949.5475, 431364.8015 4581958.8155, 431356.9935 4581965.3555, 431345.2815 4581974.4135, 431301.8535 4582011.2515))","POLYGON ((2.17833483764482 41.3866972303918, 2.17829124499922 41.3867245361301, 2.17771086488861 41.3862604303154, 2.17749329837638 41.3860959473915, 2.17684106788593 41.3856166566038, 2.17677149001847 41.3856434380923, 2.17666744432942 41.3856439267836, 2.17658052292009 41.3855784651007, 2.1770141884741 41.385248355328, 2.17873494352846 41.3839632071059, 2.17971388844563 41.3847357209291, 2.18027607566412 41.3851884138488, 2.18049463465681 41.3853600825079, 2.18039952909412 41.3854256644094, 2.18004910601376 41.3856314396295, 2.18001239354591 41.3857035479976, 2.17984222922244 41.3858028284814, 2.17990291646803 41.3859188724926, 2.17942267047412 41.3861162081569, 2.17939674543569 41.3860853797053, 2.17925097558468 41.386147969119, 2.17909359447939 41.3862303280718, 2.17899947564555 41.3862885657082, 2.17885838229975 41.3863691489718, 2.17833483764482 41.3866972303918))"
"01","Ciutat Vella","04","Sant Pere, Santa Caterina i la Ribera","017","048","POLYGON ((431369.2895 4582111.4595, 431364.8295 4582117.9355, 431349.6765 4582104.5655, 431338.1751 4582096.8958, 431326.9282 4582091.8784, 431334.2307 4582075.1302, 431341.1037 4582069.694, 431355.4515 4582063.5655, 431354.8895 4582061.5495, 431326.6474 4582041.4298, 431315.6755 4582032.6695, 431298.2375 4582014.3175, 431345.2815 4581974.4135, 431356.9935 4581965.3555, 431364.8015 4581958.8155, 431377.8735 4581949.5475, 431389.9955 4581942.4835, 431392.1955 4581945.8855, 431432.1415 4581923.5975, 431426.9455 4581910.7625, 431441.0687 4581899.6059, 431444.0625 4581891.5715, 431473.1455 4581868.4495, 431481.0285 4581861.0935, 431591.0805 4581975.4125, 431587.7835 4581981.0815, 431573.381 4581973.9378, 431565.1458 4581984.918, 431556.8974 4581997.3986, 431541.8205 4582018.5521, 431525.6148 4582042.0339, 431515.296 4582053.0142, 431500.3999 4582060.6739, 431480.7175 4582069.0779, 431471.4655 4582042.1095, 431435.2647 4582058.7472, 431410.6222 4582071.2226, 431401.891 4582076.7127, 431388.9594 4582087.263, 431377.1855 4582100.4735, 431369.2895 4582111.4595))","POLYGON ((2.17912997504137 41.3876055305403, 2.17907590193852 41.3876634774207, 2.1788961945665 41.3875417647166, 2.1787595129798 41.3874717043488, 2.17862557470798 41.3874255540276, 2.17871480708974 41.3872753313409, 2.17879762044417 41.3872269557583, 2.17896990642592 41.3871729826713, 2.17896341366705 41.3871547771959, 2.17862793528336 41.3869711544505, 2.17849771130953 41.3868913162703, 2.17829124499922 41.3867245361301, 2.17885838229975 41.3863691489718, 2.17899947564555 41.3862885657082, 2.17909359447939 41.3862303280718, 2.17925097558468 41.386147969119, 2.17939674543569 41.3860853797053, 2.17942267047412 41.3861162081569, 2.17990291646803 41.3859188724926, 2.17984222922244 41.3858028284814, 2.18001239354591 41.3857035479976, 2.18004910601376 41.3856314396295, 2.18039952909412 41.3854256644094, 2.18049463465681 41.3853600825079, 2.18179784905017 41.3863990869642, 2.18175777910874 41.3864498656321, 2.18158634216851 41.3863842994058, 2.18148661472085 41.386482494356, 2.18138655960088 41.3865942017616, 2.18120385970585 41.3867834422831, 2.18100739581866 41.3869935567345, 2.1808827479154 41.3870915746694, 2.18070373319785 41.38715929502, 2.18046739247147 41.3872333110995, 2.18035979439195 41.38698962646, 2.17992497176576 41.3871363925735, 2.17962884932034 41.3872466540335, 2.17952380739872 41.38729535722, 2.17936795772 41.3873892777809, 2.17922565174519 41.3875072565246, 2.17912997504137 41.3876055305403))"
"01","Ciutat Vella","04","Sant Pere, Santa Caterina i la Ribera","017","049","POLYGON ((431323.7593 4582171.4413, 431321.6688 4582173.8477, 431300.7475 4582154.1815, 431287.4735 4582140.6615, 431270.6985 4582121.9815, 431237.7675 4582080.0095, 431206.6225 4582043.9225, 431184.7922 4582024.5571, 431177.0135 4582017.9855, 431169.2485 4582012.0245, 431156.2515 4582003.3795, 431149.9255 4581999.8265, 431136.9315 4581993.6995, 431120.8375 4581986.7705, 431116.5435 4581984.5135, 431107.8215 4581979.4015, 431082.9406 4581962.2246, 431153.9965 4581888.4402, 431161.3331 4581895.6386, 431170.0319 4581895.5017, 431175.8211 4581892.4732, 431230.8595 4581945.1655, 431249.2235 4581963.2535, 431315.6755 4582032.6695, 431326.6474 4582041.4298, 431354.8895 4582061.5495, 431355.4515 4582063.5655, 431341.1037 4582069.694, 431334.2307 4582075.1302, 431326.9282 4582091.8784, 431338.1751 4582096.8958, 431349.6765 4582104.5655, 431364.8295 4582117.9355, 431347.3073 4582141.9137, 431323.7593 4582171.4413))","POLYGON ((2.17857865654568 41.3881418828926, 2.17855338218307 41.3881633781366, 2.17830540201726 41.3879844640006, 2.17814818423102 41.3878615596093, 2.17794968216676 41.3876918813, 2.17756060752203 41.3873110376747, 2.17719222857039 41.3869833499264, 2.17693335139872 41.3868070643509, 2.17684106975941 41.3867472104411, 2.17674888275872 41.3866928571218, 2.17659442975995 41.3866138820021, 2.17651917893042 41.3865813397853, 2.17636447613815 41.3865250434879, 2.17617279101197 41.3864612581807, 2.17612169446876 41.386440562376, 2.17601796693963 41.3863937732171, 2.17572236348905 41.3862369348507, 2.17658052292009 41.3855784651007, 2.17666744432942 41.3856439267836, 2.17677149001847 41.3856434380923, 2.17684106788593 41.3856166566038, 2.17749329837638 41.3860959473915, 2.17771086488861 41.3862604303154, 2.17849771130953 41.3868913162703, 2.17862793528336 41.3869711544505, 2.17896341366705 41.3871547771959, 2.17896990642592 41.3871729826713, 2.17879762044417 41.3872269557583, 2.17871480708974 41.3872753313409, 2.17862557470798 41.3874255540276, 2.1787595129798 41.3874717043488, 2.1788961945665 41.3875417647166, 2.17907590193852 41.3876634774207, 2.1788636275576 41.3878779466879, 2.17857865654568 41.3881418828926))"
"01","Ciutat Vella","04","Sant Pere, Santa Caterina i la Ribera","018","050","POLYGON ((431227.1055 4582143.5635, 431163.8605 4582205.2075, 431140.9415 4582179.7195, 431128.5255 4582165.0275, 431119.0235 4582154.3515, 431098.3015 4582126.1195, 431081.7195 4582104.6485, 431067.1685 4582088.5955, 431043.1915 4582058.6225, 431038.4015 4582049.7515, 431035.0935 4582035.3935, 431025.7895 4582021.6815, 431082.9406 4581962.2246, 431107.8215 4581979.4015, 431116.5435 4581984.5135, 431120.8375 4581986.7705, 431136.9315 4581993.6995, 431149.9255 4581999.8265, 431156.2515 4582003.3795, 431163.3155 4582007.8415, 431177.0135 4582017.9855, 431206.6225 4582043.9225, 431237.7675 4582080.0095, 431249.2515 4582094.5055, 431254.0095 4582100.9875, 431263.4256 4582112.3919, 431250.4875 4582123.5055, 431239.3475 4582134.1035, 431228.5465 4582145.1185, 431227.1055 4582143.5635))","POLYGON ((2.17742588093529 41.387882538047, 2.17666249458858 41.3884323372038, 2.17639128871474 41.3882008128383, 2.17624446862778 41.3880674234779, 2.17613204263794 41.3879704543634, 2.175887427719 41.3877144025784, 2.17569155773623 41.3875195992679, 2.17551936203967 41.3873737679579, 2.17523602206235 41.387101755206, 2.17517974636131 41.3870214461744, 2.17514181921443 41.386891844429, 2.17503211048495 41.3867675468982, 2.17572236348905 41.3862369348507, 2.17601796693963 41.3863937732171, 2.17612169446876 41.386440562376, 2.17617279101197 41.3864612581807, 2.17636447613815 41.3865250434879, 2.17651917893042 41.3865813397853, 2.17659442975995 41.3866138820021, 2.17667840335779 41.3866546744138, 2.17684106975941 41.3867472104411, 2.17719222857039 41.3869833499264, 2.17756060752203 41.3873110376747, 2.17769630466837 41.387442580413, 2.17775247224267 41.3875013684953, 2.17786378990028 41.3876048891902, 2.17770779545819 41.3877038803879, 2.17757336350672 41.3877983812194, 2.17744293811409 41.3878966666655, 2.17742588093529 41.387882538047))"
"01","Ciutat Vella","04","Sant Pere, Santa Caterina i la Ribera","018","051","POLYGON ((431337.4132 4582304.8721, 431326.1095 4582307.6815, 431313.7402 4582302.456, 431304.4136 4582296.3044, 431246.6695 4582260.8725, 431215.8925 4582245.3925, 431199.9205 4582236.7995, 431185.7355 4582228.0185, 431173.7535 4582215.9015, 431163.8605 4582205.2075, 431227.1055 4582143.5635, 431228.5465 4582145.1185, 431239.3475 4582134.1035, 431250.4875 4582123.5055, 431263.4256 4582112.3919, 431270.6985 4582121.9815, 431287.4735 4582140.6615, 431300.7475 4582154.1815, 431334.2975 4582186.1015, 431349.9335 4582202.2155, 431368.4555 4582222.6455, 431375.6795 4582231.9455, 431379.5095 4582237.7695, 431383.1695 4582244.3255, 431399.2995 4582275.9935, 431403.3607 4582282.4673, 431399.1538 4582285.9598, 431383.3051 4582292.0916, 431368.4224 4582294.6063, 431357.9449 4582297.2945, 431337.4132 4582304.8721))","POLYGON ((2.17872682736121 41.3893448199346, 2.17859131863325 41.3893691583491, 2.17844397651048 41.3893210376732, 2.17833312973637 41.3892648355727, 2.17764654324371 41.388940777422, 2.17728021602171 41.3887987224578, 2.17709017140856 41.3887199619206, 2.17692152057369 41.3886396606944, 2.17677959634368 41.3885295013835, 2.17666249458858 41.3884323372038, 2.17742588093529 41.387882538047, 2.17744293811409 41.3878966666655, 2.17757336350672 41.3877983812194, 2.17770779545819 41.3877038803879, 2.17786378990028 41.3876048891902, 2.17794968216676 41.3876918813, 2.17814818423102 41.3878615596093, 2.17830540201726 41.3879844640006, 2.1787030274392 41.3882748226093, 2.17888820198204 41.3884212912293, 2.17910740399694 41.3886068787327, 2.17919274721183 41.3886912574134, 2.17923789312739 41.3887440391972, 2.1792809230458 41.388803399368, 2.1794702470184 41.3890899994601, 2.17951808494781 41.3891486534087, 2.17946737579341 41.3891797505361, 2.17927713404527 41.3892336259909, 2.17909885498863 41.3892550054117, 2.17897324150808 41.3892783231625, 2.17872682736121 41.3893448199346))"
"01","Ciutat Vella","04","Sant Pere, Santa Caterina i la Ribera","018","052","POLYGON ((431485.6625 4582440.6276, 431433.8785 4582493.5255, 431234.8775 4582396.7875, 431096.5441 4582263.2084, 430892.3799 4582265.0865, 430837.8072 4582212.5609, 430963.7795 4582085.1695, 431025.7895 4582021.6815, 431035.0935 4582035.3935, 431038.4015 4582049.7515, 431043.1915 4582058.6225, 431067.1685 4582088.5955, 431081.7195 4582104.6485, 431098.3015 4582126.1195, 431119.0235 4582154.3515, 431128.5255 4582165.0275, 431140.9415 4582179.7195, 431163.8605 4582205.2075, 431173.7535 4582215.9015, 431185.7355 4582228.0185, 431199.9205 4582236.7995, 431215.8925 4582245.3925, 431246.6695 4582260.8725, 431304.4136 4582296.3044, 431313.7402 4582302.456, 431326.1095 4582307.6815, 431337.4132 4582304.8721, 431357.9449 4582297.2945, 431368.4224 4582294.6063, 431383.3051 4582292.0916, 431399.1538 4582285.9598, 431403.3607 4582282.4673, 431409.0975 4582291.3855, 431436.8145 4582356.3105, 431451.1975 4582387.9039, 431455.6655 4582387.6975, 431485.6625 4582440.6276))","POLYGON ((2.18048450735532 41.3905801710263, 2.17985917990553 41.3910521937893, 2.1774900843701 41.3901639147242, 2.17585081687545 41.3889489700784, 2.17340885306511 41.3889483704494, 2.17276217535814 41.3884705982153, 2.17428327719019 41.387334044548, 2.17503211048495 41.3867675468982, 2.17514181921443 41.386891844429, 2.17517974636131 41.3870214461744, 2.17523602206235 41.387101755206, 2.17551936203967 41.3873737679579, 2.17569155773623 41.3875195992679, 2.175887427719 41.3877144025784, 2.17613204263794 41.3879704543634, 2.17624446862778 41.3880674234779, 2.17639128871474 41.3882008128383, 2.17666249458858 41.3884323372038, 2.17677959634368 41.3885295013835, 2.17692152057369 41.3886396606944, 2.17709017140856 41.3887199619206, 2.17728021602171 41.3887987224578, 2.17764654324371 41.388940777422, 2.17833312973637 41.3892648355727, 2.17844397651048 41.3893210376732, 2.17859131863325 41.3893691583491, 2.17872682736121 41.3893448199346, 2.17897324150808 41.3892783231625, 2.17909885498863 41.3892550054117, 2.17927713404527 41.3892336259909, 2.17946737579341 41.3891797505361, 2.17951808494781 41.3891486534087, 2.17958568601023 41.38922946621, 2.17990982698388 41.3898165894957, 2.18007827098901 41.3901023677694, 2.18013173146297 41.3901008895585, 2.18048450735532 41.3905801710263))"
"01","Ciutat Vella","04","Sant Pere, Santa Caterina i la Ribera","019","053","POLYGON ((431556.8958 4582367.7914, 431485.6625 4582440.6276, 431455.6655 4582387.6975, 431451.1975 4582387.9039, 431436.8145 4582356.3105, 431409.0975 4582291.3855, 431399.2995 4582275.9935, 431383.1695 4582244.3255, 431379.5095 4582237.7695, 431375.6795 4582231.9455, 431371.2555 4582226.0605, 431358.6095 4582211.6455, 431349.9335 4582202.2155, 431334.2975 4582186.1015, 431321.6688 4582173.8477, 431347.3073 4582141.9137, 431377.1855 4582100.4735, 431388.9594 4582087.263, 431401.891 4582076.7127, 431410.6222 4582071.2226, 431435.2647 4582058.7472, 431471.4655 4582042.1095, 431480.7175 4582069.0779, 431483.8292 4582081.4245, 431486.2959 4582095.2095, 431486.5915 4582103.8695, 431486.258500001 4582110.6375, 431481.5649 4582125.7911, 431481.3674 4582134.5378, 431479.7317 4582148.2219, 431478.9455 4582161.0365, 431480.8595 4582166.1761, 431484.5742 4582170.0798, 431492.1531 4582169.6838, 431495.3388 4582177.192, 431497.2035 4582191.2215, 431520.2975 4582318.7515, 431523.3235 4582356.1355, 431557.8445 4582341.1135, 431558.354 4582361.0487, 431556.8958 4582367.7914))","POLYGON ((2.18134469169072 41.3899302215888, 2.18048450735532 41.3905801710263, 2.18013173146297 41.3901008895585, 2.18007827098901 41.3901023677694, 2.17990982698388 41.3898165894957, 2.17958568601023 41.38922946621, 2.1794702470184 41.3890899994601, 2.1792809230458 41.388803399368, 2.17923789312739 41.3887440391972, 2.17919274721183 41.3886912574134, 2.17914050422252 41.3886378755235, 2.17899089537857 41.3885069648499, 2.17888820198204 41.3884212912293, 2.1787030274392 41.3882748226093, 2.17855338218307 41.3881633781366, 2.1788636275576 41.3878779466879, 2.17922565174519 41.3875072565246, 2.17936795772 41.3873892777809, 2.17952380739872 41.38729535722, 2.17962884932034 41.3872466540335, 2.17992497176576 41.3871363925735, 2.18035979439195 41.38698962646, 2.18046739247147 41.3872333110995, 2.18050321025826 41.3873447783686, 2.1805311516215 41.3874691459375, 2.18053370742793 41.387547169204, 2.18052895947143 41.3876080982386, 2.18047111236579 41.3877441824933, 2.18046776104696 41.3878229446359, 2.18044665100672 41.3879460539833, 2.18043579890767 41.3880614043565, 2.18045810822717 41.3881078582668, 2.18050209302827 41.3881433341653, 2.18059277846949 41.3881404130262, 2.18063002911281 41.3882083084971, 2.18065074370851 41.3883348268945, 2.18091252254286 41.3894854185764, 2.18094448686383 41.3898223828678, 2.1813590524739 41.3896900223138, 2.18136289353867 41.3898696161544, 2.18134469169072 41.3899302215888))"
"01","Ciutat Vella","04","Sant Pere, Santa Caterina i la Ribera","019","054","POLYGON ((431557.8445 4582341.1135, 431523.3235 4582356.1355, 431520.2975 4582318.7515, 431497.2035 4582191.2215, 431495.3388 4582177.192, 431492.1531 4582169.6838, 431484.5742 4582170.0798, 431480.8595 4582166.1761, 431478.9455 4582161.0365, 431479.7317 4582148.2219, 431481.3674 4582134.5378, 431481.5649 4582125.7911, 431486.258500001 4582110.6375, 431486.5915 4582103.8695, 431486.2959 4582095.2095, 431483.8292 4582081.4245, 431480.7175 4582069.0779, 431500.3999 4582060.6739, 431515.296 4582053.0142, 431525.6148 4582042.0339, 431541.8205 4582018.5521, 431556.8974 4581997.3986, 431565.1458 4581984.918, 431573.381 4581973.9378, 431587.7835 4581981.0815, 431591.0805 4581975.4125, 431595.6546495 4581980.325695, 431600.0109125 4581982.006531, 431616.2205685 4581998.8818265, 431622.3333 4582007.6168, 431614.3375 4582020.7535, 431611.8055 4582026.6015, 431610.6775 4582030.2025, 431571.2535 4582189.7715, 431564.9875 4582219.1455, 431562.5835 4582234.8615, 431560.1835 4582258.3135, 431559.5355 4582296.8875, 431557.8445 4582341.1135))","POLYGON ((2.1813590524739 41.3896900223138, 2.18094448686383 41.3898223828678, 2.18091252254286 41.3894854185764, 2.18065074370851 41.3883348268945, 2.18063002911281 41.3882083084971, 2.18059277846949 41.3881404130262, 2.18050209302827 41.3881433341653, 2.18045810822717 41.3881078582668, 2.18043579890767 41.3880614043565, 2.18044665100672 41.3879460539833, 2.18046776104696 41.3878229446359, 2.18047111236579 41.3877441824933, 2.18052895947143 41.3876080982386, 2.18053370742793 41.387547169204, 2.1805311516215 41.3874691459375, 2.18050321025826 41.3873447783686, 2.18046739247147 41.3872333110995, 2.18070373319785 41.38715929502, 2.1808827479154 41.3870915746694, 2.18100739581866 41.3869935567345, 2.18120385970585 41.3867834422831, 2.18138655960088 41.3865942017616, 2.18148661472085 41.386482494356, 2.18158634216851 41.3863842994058, 2.18175777910874 41.3864498656321, 2.18179784905017 41.3863990869642, 2.18185199788014 41.3864437276715, 2.18190390595726 41.3864592368988, 2.18209585728962 41.3866126059681, 2.18216797556752 41.3866917989821, 2.18207086815142 41.3868094377621, 2.18203992687912 41.3868618937599, 2.18202603019322 41.3868942310318, 2.18153651907769 41.3883280700403, 2.18145826150008 41.388592100016, 2.1814277348453 41.388733444905, 2.18139638185504 41.3889444660109, 2.18138427363594 41.3892918355968, 2.1813590524739 41.3896900223138))"
"01","Ciutat Vella","04","Sant Pere, Santa Caterina i la Ribera","019","055","POLYGON ((431645.0933 4582532.3809, 431557.5115 4582622.2635, 431433.8785 4582493.5255, 431556.8958 4582367.7914, 431558.354 4582361.0487, 431557.8445 4582341.1135, 431559.5355 4582296.8875, 431560.1835 4582258.3135, 431562.5835 4582234.8615, 431564.2695 4582223.0555, 431571.2535 4582189.7715, 431610.6775 4582030.2025, 431611.8055 4582026.6015, 431614.3375 4582020.7535, 431622.3333 4582007.6168, 431650.2795 4582038.6635, 431707.4635 4582097.3065, 431641.3348 4582165.1033, 431765.0355 4582286.6015, 431827.6725 4582345.8425, 431645.0933 4582532.3809))","POLYGON ((2.18238095389561 41.3914201311414, 2.1813233001074 41.3922222288543, 2.17985917990553 41.3910521937893, 2.18134469169072 41.3899302215888, 2.18136289353867 41.3898696161544, 2.1813590524739 41.3896900223138, 2.18138427363594 41.3892918355968, 2.18139638185504 41.3889444660109, 2.1814277348453 41.388733444905, 2.18144923271118 41.3886272551577, 2.18153651907769 41.3883280700403, 2.18202603019322 41.3868942310318, 2.18203992687912 41.3868618937599, 2.18207086815142 41.3868094377621, 2.18216797556752 41.3866917989821, 2.18249869105768 41.386973802705, 2.18317596646446 41.3875068402281, 2.18237745019752 41.3881118494892, 2.18384317617257 41.389216651858, 2.1845856357711 41.3897555297812, 2.18238095389561 41.3914201311414))"
"02","Eixample","05","el Fort Pienc","020","001","POLYGON ((431886.9075 4583045.9655, 431845.4275 4583090.0275, 431790.8875 4583035.7765, 431774.4275 4583021.2155, 431488.3135 4582743.1595, 431464.6855 4582719.3055, 431416.0135 4582672.2475, 431368.3535 4582624.8995, 431465.1165 4582526.0533, 431557.5115 4582622.2635, 431645.0933 4582532.3809, 432012.1834 4582886.3619, 432010.1685 4582888.6687, 432008.0688 4582892.0665, 432006.6349 4582895.7945, 432005.9163 4582899.7235, 432005.9379 4582903.7177, 432006.6989 4582907.6387, 432008.173 4582911.3509, 432010.3092 4582914.7259, 432012.1879 4582916.7401, 431911.5675 4583019.8975, 431886.9075 4583045.9655))","POLYGON ((2.18521534094273 41.3960663528585, 2.184714236367 41.3964596917611, 2.18406798676339 41.3959664448554, 2.18387274845933 41.3958339019604, 2.18048199132989 41.3933052111258, 2.18020208687195 41.3930883521731, 2.17962527395983 41.3926603658555, 2.1790606053539 41.392229851101, 2.18022911006421 41.391347824378, 2.1813233001074 41.3922222288543, 2.18238095389561 41.3914201311414, 2.186731694657 41.3946394508532, 2.1867073358202 41.3946600571888, 2.1866818401966 41.3946904826704, 2.1866642709949 41.394723938454, 2.18665523479277 41.3947592650616, 2.18665504467593 41.3947952414893, 2.18666370662981 41.394830621141, 2.1866809213229 41.3948641804813, 2.18670609317909 41.3948947587333, 2.18672833791381 41.3949130588793, 2.18551323215777 41.3958336544011, 2.18521534094273 41.3960663528585))"
"02","Eixample","05","el Fort Pienc","020","002","POLYGON ((431609.6575 4582953.1235, 431563.4975 4583000.2895, 431466.3355 4582907.2075, 431371.3445 4582813.4415, 431463.8505 4582718.4975, 431488.3135 4582743.1595, 431655.1965 4582905.4065, 431650.2745 4582911.1955, 431609.6575 4582953.1235))","POLYGON ((2.18190962125288 41.3952066218841, 2.18135217550253 41.3956275048501, 2.18020055746294 41.3947808691491, 2.17907501343365 41.3939282467605, 2.18019219128329 41.3930810036043, 2.18048199132989 41.3933052111258, 2.18245969432132 41.3947807206531, 2.18240016973343 41.39483244213, 2.18190962125288 41.3952066218841))"
"02","Eixample","05","el Fort Pienc","020","003","POLYGON ((431804.9355 4583133.0395, 431753.1395 4583186.2885, 431658.3895 4583093.2655, 431607.8695 4583045.2935, 431563.4975 4583000.2895, 431650.2745 4582911.1955, 431655.1965 4582905.4065, 431774.4275 4583021.2155, 431790.8875 4583035.7765, 431845.4275 4583090.0275, 431804.9355 4583133.0395))","POLYGON ((2.18422506167952 41.3968436551509, 2.18359951708539 41.3973188586649, 2.18247668362053 41.3964729815493, 2.18187782523282 41.3960366171854, 2.18135217550253 41.3956275048501, 2.18240016973343 41.39483244213, 2.18245969432132 41.3947807206531, 2.18387274845933 41.3958339019604, 2.18406798676339 41.3959664448554, 2.184714236367 41.3964596917611, 2.18422506167952 41.3968436551509))"
"02","Eixample","05","el Fort Pienc","020","004","POLYGON ((431644.9615 4583107.0015, 431564.1665 4583191.1075, 431469.0155 4583097.7315, 431511.3375 4583052.9375, 431563.4975 4583000.2895, 431607.8695 4583045.2935, 431658.3895 4583093.2655, 431644.9615 4583107.0015))","POLYGON ((2.18231451884916 41.3965955562398, 2.18133861119797 41.3973462014051, 2.18021105047779 41.3964970889578, 2.18072233618773 41.3960972487343, 2.18135217550253 41.3956275048501, 2.18187782523282 41.3960366171854, 2.18247668362053 41.3964729815493, 2.18231451884916 41.3965955562398))"
"02","Eixample","05","el Fort Pienc","020","005","POLYGON ((431511.3375 4583052.9375, 431469.0155 4583097.7315, 431373.3755 4583004.4585, 431276.9125 4582909.6995, 431371.3445 4582813.4415, 431466.3355 4582907.2075, 431563.4975 4583000.2895, 431511.3375 4583052.9375))","POLYGON ((2.18072233618773 41.3960972487343, 2.18021105047779 41.3964970889578, 2.17907765851925 41.3956488515651, 2.17793462092028 41.3947871488836, 2.17907501343365 41.3939282467605, 2.18020055746294 41.3947808691491, 2.18135217550253 41.3956275048501, 2.18072233618773 41.3960972487343))"
"02","Eixample","05","el Fort Pienc","020","006","POLYGON ((431371.3445 4582813.4415, 431276.9125 4582909.6995, 431180.8225 4582816.4655, 431368.3535 4582624.8995, 431416.0135 4582672.2475, 431463.8505 4582718.4975, 431371.3445 4582813.4415))","POLYGON ((2.17907501343365 41.3939282467605, 2.17793462092028 41.3947871488836, 2.17679590154148 41.3939392021169, 2.1790606053539 41.392229851101, 2.17962527395983 41.3926603658555, 2.18019219128329 41.3930810036043, 2.17907501343365 41.3939282467605))"
"02","Eixample","05","el Fort Pienc","020","007","POLYGON ((431282.4395 4583095.2555, 431268.5615 4583110.3445, 431238.9435 4583080.8715, 431204.5255 4583048.4355, 431173.4235 4583016.6115, 431118.2335 4582962.9395, 431119.2415 4582961.9835, 431123.6335 4582955.9235, 431126.6355 4582950.6095, 431128.2655 4582946.8455, 431130.1095 4582940.9695, 431131.7775 4582933.0455, 431132.2855 4582928.6795, 431132.2035 4582926.4955, 431131.4435 4582919.5295, 431130.5175 4582914.9175, 431128.5135 4582908.1345, 431126.7775 4582903.7515, 431122.4235 4582895.4735, 431116.9635 4582888.3655, 431113.7275 4582885.0015, 431180.8225 4582816.4655, 431277.6915 4582910.4555, 431373.3755 4583004.4585, 431350.9645 4583025.2895, 431332.6255 4583043.8035, 431307.0995 4583070.5195, 431282.4395 4583095.2555))","POLYGON ((2.17797967145086 41.3964588664138, 2.17781196227662 41.3965935822747, 2.17746104391661 41.3963255961594, 2.17705305204796 41.3960305115532, 2.17668465694048 41.3957412214249, 2.17603063536772 41.3952530891792, 2.17604280069278 41.3952445651267, 2.17609602220314 41.3951903607878, 2.17613253316351 41.3951427563673, 2.17615245747693 41.3951089947988, 2.17617518158852 41.3950562294323, 2.1761960334623 41.3949850032951, 2.17620260609228 41.3949457236061, 2.17620187367699 41.3949260459811, 2.17619357565124 41.3948632403202, 2.17618302443401 41.3948216221824, 2.17615982638395 41.3947603582077, 2.17613956091307 41.394720733228, 2.17608842512868 41.3946458029802, 2.17602392776445 41.3945813158006, 2.1759856053693 41.3945507401252, 2.17679590154148 41.3939392021169, 2.17794385260252 41.3947940245111, 2.17907765851925 41.3956488515651, 2.17880723951504 41.3958345571173, 2.1785857870892 41.3959997412313, 2.17827743888005 41.3962381838704, 2.17797967145086 41.3964588664138))"
"02","Eixample","05","el Fort Pienc","020","008","POLYGON ((431460.3515 4583297.1415, 431460.1605 4583297.3355, 431382.8715 4583221.5915, 431288.7455 4583128.6575, 431268.5615 4583110.3445, 431282.4395 4583095.2555, 431307.0995 4583070.5195, 431332.6255 4583043.8035, 431350.9645 4583025.2895, 431373.3755 4583004.4585, 431469.0155 4583097.7315, 431564.1665 4583191.1075, 431460.3515 4583297.1415))","POLYGON ((2.1800848467124 41.3982923748521, 2.18008254011148 41.3982941058695, 2.17916663446569 41.3976053115849, 2.17805130798868 41.3967602466485, 2.17781196227662 41.3965935822747, 2.17797967145086 41.3964588664138, 2.17827743888005 41.3962381838704, 2.1785857870892 41.3959997412313, 2.17880723951504 41.3958345571173, 2.17907765851925 41.3956488515651, 2.18021105047779 41.3964970889578, 2.18133861119797 41.3973462014051, 2.1800848467124 41.3982923748521))"
"02","Eixample","05","el Fort Pienc","020","009","POLYGON ((431569.5065 4583376.3805, 431555.2145 4583390.8895, 431460.1605 4583297.3355, 431563.5215 4583191.7895, 431658.3895 4583093.2655, 431753.1395 4583186.2885, 431659.3015 4583282.7575, 431569.5065 4583376.3805))","POLYGON ((2.18138154485254 41.3990153528741, 2.1812089494209 41.3991448145171, 2.18008254011148 41.3982941058695, 2.18133081907913 41.3973522890769, 2.18247668362053 41.3964729815493, 2.18359951708539 41.3973188586649, 2.18246620470613 41.398179756031, 2.18138154485254 41.3990153528741))"
"02","Eixample","05","el Fort Pienc","021","010","POLYGON ((431699.6495 4583450.4055, 431657.9895 4583493.5165, 431623.9575 4583459.1175, 431555.2145 4583390.8895, 431570.0575 4583375.8215, 431658.4515 4583283.6445, 431763.0485 4583384.8955, 431699.6495 4583450.4055))","POLYGON ((2.18292991301864 41.3996931386453, 2.18242672083821 41.4000778863019, 2.18202352196145 41.3997651717627, 2.1812089494209 41.3991448145171, 2.18138819887546 41.3990103650258, 2.18245593735362 41.3981876727276, 2.18369565834338 41.3991084928773, 2.18292991301864 41.3996931386453))"
"02","Eixample","05","el Fort Pienc","021","011","POLYGON ((431857.2175 4583287.5165, 431763.0485 4583384.8955, 431658.4515 4583283.6445, 431753.1395 4583186.2885, 431857.2175 4583287.5165))","POLYGON ((2.18483303268947 41.3982394154908, 2.18369565834338 41.3991084928773, 2.18245593735362 41.3981876727276, 2.18359951708539 41.3973188586649, 2.18483303268947 41.3982394154908))"
"02","Eixample","05","el Fort Pienc","021","012","POLYGON ((431857.9975 4583286.7095, 431857.2175 4583287.5165, 431753.1395 4583186.2885, 431804.9355 4583133.0395, 431911.5675 4583019.8975, 432012.1879 4582916.7401, 432016.2518 4582920.0125, 432019.8526 4582921.7412, 432023.7112 4582922.773, 432026.0481 4583105.8934, 431949.9475 4583193.1095, 431857.9975 4583286.7095))","POLYGON ((2.18484245345886 41.3982322131836, 2.18483303268947 41.3982394154908, 2.18359951708539 41.3973188586649, 2.18422506167952 41.3968436551509, 2.18551323215777 41.3958336544011, 2.18672833791381 41.3949130588793, 2.18677657829981 41.3949428759964, 2.18681945294187 41.3949587502882, 2.18686548934762 41.394968369579, 2.18687288488859 41.3966178792639, 2.1859528303781 41.3973969726028, 2.18484245345886 41.3982322131836))"
"02","Eixample","05","el Fort Pienc","021","013","POLYGON ((431947.7400895 4583752.8882105, 431937.2387 4583763.6602, 431767.3455 4583597.0725, 431657.9895 4583493.5165, 431857.9975 4583286.7095, 431949.9475 4583193.1095, 432026.0481 4583105.8934, 432033.1863 4583665.2401, 431947.7400895 4583752.8882105))","POLYGON ((2.18586350447616 41.4024385448837, 2.18573667313583 41.4025346759683, 2.18372314413194 41.4010198711033, 2.18242672083821 41.4000778863019, 2.18484245345886 41.3982322131836, 2.1859528303781 41.3973969726028, 2.18687288488859 41.3966178792639, 2.18689547377861 41.4016563526978, 2.18586350447616 41.4024385448837))"
"02","Eixample","05","el Fort Pienc","022","014","POLYGON ((431937.2387 4583763.6602, 431890.7599 4583811.3368, 431611.9545 4583721.3735, 431648.4175 4583685.1825, 431749.7335 4583580.1585, 431877.9305 4583705.2445, 431937.2387 4583763.6602))","POLYGON ((2.18573667313583 41.4025346759683, 2.18517531734508 41.4029601484077, 2.1818503191208 41.4021262093551, 2.18229058226229 41.4018033490191, 2.18351437668428 41.4008660370693, 2.18503378692161 41.4020035205242, 2.18573667313583 41.4025346759683))"
"02","Eixample","05","el Fort Pienc","022","015","POLYGON ((431648.4175 4583685.1825, 431611.9545 4583721.3735, 431479.1725 4583678.5285, 431497.2314 4583658.7762, 431558.2965 4583596.9795, 431580.7815 4583573.1235, 431657.9895 4583493.5165, 431749.7335 4583580.1585, 431648.4175 4583685.1825))","POLYGON ((2.18229058226229 41.4018033490191, 2.1818503191208 41.4021262093551, 2.18026680798664 41.4017290124499, 2.18048506544515 41.4015526485596, 2.18122251669698 41.4010012655205, 2.18149417763421 41.4007883156534, 2.18242672083821 41.4000778863019, 2.18351437668428 41.4008660370693, 2.18229058226229 41.4018033490191))"
"02","Eixample","05","el Fort Pienc","022","016","POLYGON ((431580.7815 4583573.1235, 431558.2965 4583596.9795, 431532.0155 4583572.1655, 431471.0795 4583512.6435, 431452.8885 4583495.3155, 431262.6056 4583308.6676, 431308.3375 4583260.9995, 431364.6495 4583203.5395, 431523.3235 4583359.2375, 431623.9575 4583459.1175, 431657.9895 4583493.5165, 431580.7815 4583573.1235))","POLYGON ((2.18149417763421 41.4007883156534, 2.18122251669698 41.4010012655205, 2.180910950728 41.4007755359957, 2.18018877678609 41.4002342486099, 2.17997314125949 41.4000766301121, 2.17771820856427 41.3983793070356, 2.17827063756634 41.3979538834814, 2.17895072129549 41.3974411677142, 2.18083106117161 41.3988570194787, 2.18202352196145 41.3997651717627, 2.18242672083821 41.4000778863019, 2.18149417763421 41.4007883156534))"
"02","Eixample","05","el Fort Pienc","022","017","POLYGON ((431262.6056 4583308.6676, 431167.43492 4583405.478504, 431070.6675 4583312.4355, 431101.3975 4583281.7635, 431126.6775 4583255.5435, 431164.8435 4583216.7075, 431201.7695 4583178.1195, 431254.6815 4583123.9475, 431268.5615 4583110.3445, 431288.7455 4583128.6575, 431364.6495 4583203.5395, 431308.3375 4583260.9995, 431262.6056 4583308.6676))","POLYGON ((2.17771820856427 41.3983793070356, 2.17656882096425 41.3992431107618, 2.1754219180379 41.3983968127437, 2.17579298432606 41.3981231935256, 2.17609835161096 41.3978892040325, 2.17655928475312 41.3975426885774, 2.17700535286454 41.3971982987788, 2.17764439719561 41.3967149137741, 2.17781196227662 41.3965935822747, 2.17805130798868 41.3967602466485, 2.17895072129549 41.3974411677142, 2.17827063756634 41.3979538834814, 2.17771820856427 41.3983793070356))"
"02","Eixample","05","el Fort Pienc","022","018","POLYGON ((431072.5675 4583502.7675, 431040.4346965 4583536.854037, 430897.0175 4583489.9665, 430976.9865 4583408.4115, 431038.2015 4583345.0875, 431070.6675 4583312.4355, 431167.43492 4583405.478504, 431072.5675 4583502.7675))","POLYGON ((2.17542297602187 41.4001112346122, 2.17503472771405 41.4004154857372, 2.17332454672108 41.3999808719166, 2.17429041426897 41.3992532014119, 2.17502985791701 41.3986881150607, 2.1754219180379 41.3983968127437, 2.17656882096425 41.3992431107618, 2.17542297602187 41.4001112346122))"
"02","Eixample","05","el Fort Pienc","022","019","POLYGON ((431261.8635 4583499.6955, 431180.8445 4583582.2665, 431040.4346965 4583536.854037, 431072.5675 4583502.7675, 431167.43492 4583405.478504, 431262.6056 4583308.6676, 431357.6926 4583401.8008, 431261.8635 4583499.6955))","POLYGON ((2.1776876436575 41.4000997713258, 2.1767091253421 41.4008365313915, 2.17503472771405 41.4004154857372, 2.17542297602187 41.4001112346122, 2.17656882096425 41.3992431107618, 2.17771820856427 41.3983793070356, 2.17884503055878 41.3992262513516, 2.1776876436575 41.4000997713258))"
"02","Eixample","05","el Fort Pienc","022","020","POLYGON ((431497.2314 4583658.7762, 431479.1725 4583678.5285, 431180.8445 4583582.2665, 431357.6926 4583401.8008, 431452.8885 4583495.3155, 431471.0795 4583512.6435, 431514.9675 4583555.7195, 431558.2965 4583596.9795, 431497.2314 4583658.7762))","POLYGON ((2.18048506544515 41.4015526485596, 2.18026680798664 41.4017290124499, 2.1767091253421 41.4008365313915, 2.17884503055878 41.3992262513516, 2.17997314125949 41.4000766301121, 2.18018877678609 41.4002342486099, 2.18070888433397 41.4006259600902, 2.18122251669698 41.4010012655205, 2.18048506544515 41.4015526485596))"
"02","Eixample","06","la Sagrada Família","023","021","POLYGON ((431611.1095 4583910.8975, 431578.2715 4583944.3055, 431567.9235 4583929.0475, 431525.3075 4583858.1535, 431441.5635 4583721.7945, 431459.3827445 4583702.7831135, 431479.1725 4583678.5285, 431751.0925 4583766.2705, 431611.1095 4583910.8975))","POLYGON ((2.18181879881036 41.4038331207087, 2.18142219831064 41.4041312219057, 2.18130013497464 41.4039929171579, 2.18079836041253 41.4033507687241, 2.1798120255598 41.4021154895207, 2.18002733486408 41.4019457792713, 2.18026680798664 41.4017290124499, 2.18350965056709 41.4025424059242, 2.18181879881036 41.4038331207087))"
"02","Eixample","06","la Sagrada Família","023","022","POLYGON ((431873.5098 4584021.8349, 431744.1328 4584154.5468, 431647.2645 4584062.6365, 431711.2255 4583995.2795, 431741.1255 4583964.6915, 431666.6555 4583891.8995, 431646.9095 4583873.7495, 431751.0925 4583766.2705, 431890.7599 4583811.3368, 431837.0835 4583866.3965, 431933.4563 4583960.3432, 431873.5098 4584021.8349))","POLYGON ((2.18494527408403 41.4048545783971, 2.18338261213622 41.406038898532, 2.18223416690127 41.4052028608506, 2.18300691525955 41.4046016333087, 2.18336804743141 41.4043286760421, 2.18248541185543 41.4036667348858, 2.18225125074251 41.4035015849276, 2.18350965056709 41.4025424059242, 2.18517531734508 41.4029601484077, 2.18452702217332 41.4034515051027, 2.18566931023154 41.404305819413, 2.18494527408403 41.4048545783971))"
"02","Eixample","06","la Sagrada Família","023","023","POLYGON ((431648.3235 4584061.5795, 431647.2645 4584062.6365, 431552.7305 4583970.4465, 431611.1095 4583910.8975, 431646.9095 4583873.7495, 431666.6555 4583891.8995, 431741.1255 4583964.6915, 431711.2255 4583995.2795, 431648.3235 4584061.5795))","POLYGON ((2.18224695480873 41.4051934308277, 2.18223416690127 41.4052028608506, 2.18111370700714 41.4043644914343, 2.18181879881036 41.4038331207087, 2.18225125074251 41.4035015849276, 2.18248541185543 41.4036667348858, 2.18336804743141 41.4043286760421, 2.18300691525955 41.4046016333087, 2.18224695480873 41.4051934308277))"
"02","Eixample","06","la Sagrada Família","023","024","POLYGON ((431574.2855 4583948.3855, 431552.7305 4583970.4465, 431521.1495 4583940.3395, 431491.3535 4583910.6155, 431458.9645 4583879.4215, 431388.4395 4583808.9695, 431275.9015 4583700.4195, 431168.325554 4583594.3795555, 431180.8445 4583582.2665, 431479.1725 4583678.5285, 431459.3827445 4583702.7831135, 431441.5635 4583721.7945, 431525.3075 4583858.1535, 431567.9235 4583929.0475, 431578.2715 4583944.3055, 431574.2855 4583948.3855))","POLYGON ((2.18137405439811 41.4041676299214, 2.18111370700714 41.4043644914343, 2.18073932290566 41.404090637798, 2.18038625162517 41.4038203846308, 2.18000233114625 41.4035366695098, 2.17916666678856 41.4028961151679, 2.17783277673934 41.4019088282508, 2.17655799746317 41.400944558146, 2.1767091253421 41.4008365313915, 2.18026680798664 41.4017290124499, 2.18002733486408 41.4019457792713, 2.1798120255598 41.4021154895207, 2.18079836041253 41.4033507687241, 2.18130013497464 41.4039929171579, 2.18142219831064 41.4041312219057, 2.18137405439811 41.4041676299214))"
"02","Eixample","06","la Sagrada Família","024","025","POLYGON ((431552.7305 4583970.4465, 431460.5015 4584065.8905, 431367.5315 4583975.0585, 431458.9645 4583879.4215, 431491.3535 4583910.6155, 431521.1495 4583940.3395, 431552.7305 4583970.4465))","POLYGON ((2.18111370700714 41.4043644914343, 2.17999960239336 41.4052162671761, 2.17889772683795 41.4043902408527, 2.18000233114625 41.4035366695098, 2.18038625162517 41.4038203846308, 2.18073932290566 41.404090637798, 2.18111370700714 41.4043644914343))"
"02","Eixample","06","la Sagrada Família","024","026","POLYGON ((431332.9875 4584010.7215, 431274.2095 4584071.1635, 431228.4195 4584026.1735, 431182.5795 4583982.1515, 431275.9935 4583886.7235, 431369.2855 4583790.7475, 431388.4395 4583808.9695, 431458.9645 4583879.4215, 431367.5315 4583975.0585, 431332.9875 4584010.7215))","POLYGON ((2.17848044564287 41.4047084961352, 2.17777044286352 41.4052478548323, 2.17722778126671 41.404838728725, 2.17668441829214 41.404438314271, 2.17781272588787 41.4035868161996, 2.17893960675407 41.402730360591, 2.17916666678856 41.4028961151679, 2.18000233114625 41.4035366695098, 2.17889772683795 41.4043902408527, 2.17848044564287 41.4047084961352))"
"02","Eixample","06","la Sagrada Família","024","027","POLYGON ((431290.7785 4584242.5175, 431275.7573 4584259.2174, 431089.7225 4584077.2335, 431182.5795 4583982.1515, 431228.4195 4584026.1735, 431367.0625 4584162.2735, 431290.7785 4584242.5175))","POLYGON ((2.17794920030037 41.4067926005734, 2.17776760506761 41.4069417270151, 2.17556278386899 41.4052867323183, 2.17668441829214 41.404438314271, 2.17722778126671 41.404838728725, 2.17887088709571 41.4060763856983, 2.17794920030037 41.4067926005734))"
"02","Eixample","06","la Sagrada Família","024","028","POLYGON ((431479.2555 4584233.1735, 431459.8995 4584252.9352, 431274.2095 4584071.1635, 431367.5315 4583975.0585, 431460.5015 4584065.8905, 431554.8034 4584156.2174, 431479.2555 4584233.1735))","POLYGON ((2.18020501272247 41.4067245300173, 2.17997121865177 41.4069008671203, 2.17777044286352 41.4052478548323, 2.17889772683795 41.4043902408527, 2.17999960239336 41.4052162671761, 2.18111749635662 41.4060378472149, 2.18020501272247 41.4067245300173))"
"02","Eixample","06","la Sagrada Família","024","029","POLYGON ((431576.3375 4584133.3435, 431554.8034 4584156.2174, 431460.5015 4584065.8905, 431552.7305 4583970.4465, 431647.2645 4584062.6365, 431576.3375 4584133.3435))","POLYGON ((2.18137769237546 41.4058336625018, 2.18111749635662 41.4060378472149, 2.17999960239336 41.4052162671761, 2.18111370700714 41.4043644914343, 2.18223416690127 41.4052028608506, 2.18137769237546 41.4058336625018))"
"02","Eixample","06","la Sagrada Família","024","030","POLYGON ((431720.9446 4584178.3327, 431650.5357 4584250.3363, 431554.8034 4584156.2174, 431576.3375 4584133.3435, 431647.2645 4584062.6365, 431744.1328 4584154.5468, 431720.9446 4584178.3327))","POLYGON ((2.18310253071809 41.4062511614247, 2.18225210217646 41.4068936914925, 2.18111749635662 41.4060378472149, 2.18137769237546 41.4058336625018, 2.18223416690127 41.4052028608506, 2.18338261213622 41.406038898532, 2.18310253071809 41.4062511614247))"
"02","Eixample","06","la Sagrada Família","024","031","POLYGON ((431650.5357 4584250.3363, 431556.5046 4584347.0114, 431459.8995 4584252.9352, 431554.8034 4584156.2174, 431650.5357 4584250.3363))","POLYGON ((2.18225210217646 41.4068936914925, 2.1811162703898 41.4077564123059, 2.17997121865177 41.4069008671203, 2.18111749635662 41.4060378472149, 2.18225210217646 41.4068936914925))"
"02","Eixample","06","la Sagrada Família","024","032","POLYGON ((431556.5046 4584347.0114, 431465.6866 4584440.167, 431368.0193 4584346.3568, 431275.7573 4584259.2174, 431290.7785 4584242.5175, 431367.0625 4584162.2735, 431556.5046 4584347.0114))","POLYGON ((2.1811162703898 41.4077564123059, 2.18001924660184 41.4085876964755, 2.17886145754467 41.4077344455764, 2.17776760506761 41.4069417270151, 2.17794920030037 41.4067926005734, 2.17887088709571 41.4060763856983, 2.1811162703898 41.4077564123059))"
"02","Eixample","06","la Sagrada Família","025","033","POLYGON ((431302.0625 4584413.6255, 431272.5705 4584444.2845, 431180.1575 4584356.2675, 431275.7573 4584259.2174, 431368.0193 4584346.3568, 431302.0625 4584413.6255))","POLYGON ((2.17806476749592 41.4083346783983, 2.17770846392292 41.408608292779, 2.17661290451165 41.4078076461902, 2.17776760506761 41.4069417270151, 2.17886145754467 41.4077344455764, 2.17806476749592 41.4083346783983))"
"02","Eixample","06","la Sagrada Família","025","034","POLYGON ((431275.7573 4584259.2174, 431180.1575 4584356.2675, 431151.7205 4584329.0655, 431086.3055 4584264.4935, 431181.2345 4584166.8345, 431275.7573 4584259.2174))","POLYGON ((2.17776760506761 41.4069417270151, 2.17661290451165 41.4078076461902, 2.17627580166969 41.4075602117171, 2.17550058499123 41.4069730279005, 2.17664732970758 41.4061015781774, 2.17776760506761 41.4069417270151))"
"02","Eixample","06","la Sagrada Família","025","035","POLYGON ((431129.383500001 4584220.1575, 431086.3055 4584264.4935, 430994.1305 4584176.3055, 431089.7225 4584077.2335, 431181.2345 4584166.8345, 431129.383500001 4584220.1575))","POLYGON ((2.17602097429643 41.4065774001827, 2.17550058499123 41.4069730279005, 2.17440794684087 41.4061708408569, 2.17556278386899 41.4052867323183, 2.17664732970758 41.4061015781774, 2.17602097429643 41.4065774001827))"
"02","Eixample","06","la Sagrada Família","025","036","POLYGON ((431099.9435 4584438.7155, 431086.9995 4584452.1235, 430993.9064 4584362.7928, 430994.1305 4584176.3055, 431086.3055 4584264.4935, 431151.7205 4584329.0655, 431180.1575 4584356.2675, 431123.1395 4584415.3475, 431099.9435 4584438.7155))","POLYGON ((2.17564390161595 41.4085433561361, 2.17548752139174 41.408663007854, 2.1743840023093 41.4078504499317, 2.17440794684087 41.4061708408569, 2.17550058499123 41.4069730279005, 2.17627580166969 41.4075602117171, 2.17661290451165 41.4078076461902, 2.17592406273263 41.4083348763537, 2.17564390161595 41.4085433561361))"
"02","Eixample","06","la Sagrada Família","025","037","POLYGON ((431272.5705 4584444.2845, 431178.5475 4584541.4195, 431086.9995 4584452.1235, 431123.1395 4584415.3475, 431180.1575 4584356.2675, 431272.5705 4584444.2845))","POLYGON ((2.17770846392292 41.408608292779, 2.17657258711827 41.4094751105076, 2.17548752139174 41.408663007854, 2.17592406273263 41.4083348763537, 2.17661290451165 41.4078076461902, 2.17770846392292 41.408608292779))"
"02","Eixample","06","la Sagrada Família","025","038","POLYGON ((431206.8873 4584705.6407, 431182.1433 4584731.0225, 431137.6255 4584688.3675, 431101.7395 4584652.6615, 431085.3505 4584637.0155, 431178.5475 4584541.4195, 431302.0625 4584413.6255, 431368.0193 4584346.3568, 431465.6866 4584440.167, 431206.8873 4584705.6407))","POLYGON ((2.17689296042624 41.4109566216674, 2.17659404194235 41.4111831087129, 2.17606629356453 41.4107951166402, 2.17564102826638 41.4104704494297, 2.17544673736936 41.4103281261842, 2.17657258711827 41.4094751105076, 2.17806476749592 41.4083346783983, 2.17886145754467 41.4077344455764, 2.18001924660184 41.4085876964755, 2.17689296042624 41.4109566216674))"
"02","Eixample","06","la Sagrada Família","025","039","POLYGON ((431131.633500001 4584589.3125, 431085.3505 4584637.0155, 430994.2935 4584546.6815, 430993.9064 4584362.7928, 431086.9995 4584452.1235, 431178.5475 4584541.4195, 431131.633500001 4584589.3125))","POLYGON ((2.17600588060415 41.4099024483733, 2.17544673736936 41.4103281261842, 2.17436766426722 41.409506706271, 2.1743840023093 41.4078504499317, 2.17548752139174 41.408663007854, 2.17657258711827 41.4094751105076, 2.17600588060415 41.4099024483733))"
"02","Eixample","06","la Sagrada Família","025","040","POLYGON ((431182.1433 4584731.0225, 431088.9155 4584826.6535, 430992.8295 4584732.7232, 430994.2935 4584546.6815, 431085.3505 4584637.0155, 431101.7395 4584652.6615, 431137.6255 4584688.3675, 431182.1433 4584731.0225))","POLYGON ((2.17659404194235 41.4111831087129, 2.17546779013762 41.4120364366702, 2.17432893295812 41.4111821945289, 2.17436766426722 41.409506706271, 2.17544673736936 41.4103281261842, 2.17564102826638 41.4104704494297, 2.17606629356453 41.4107951166402, 2.17659404194235 41.4111831087129))"
"02","Eixample","06","la Sagrada Família","026","041","POLYGON ((430994.2935 4584546.6815, 430992.8295 4584732.7232, 430807.9127 4584551.935, 430900.4265 4584456.1725, 430994.2935 4584546.6815))","POLYGON ((2.17436766426722 41.409506706271, 2.17432893295812 41.4111821945289, 2.17213729696389 41.4095380001211, 2.17325502131624 41.4086834586491, 2.17436766426722 41.409506706271))"
"02","Eixample","06","la Sagrada Família","026","042","POLYGON ((430900.4265 4584456.1725, 430807.9127 4584551.935, 430625.1038 4584373.2472, 430717.6335 4584277.0415, 430862.1975 4584417.8575, 430891.2905 4584447.3795, 430900.4265 4584456.1725))","POLYGON ((2.17325502131624 41.4086834586491, 2.17213729696389 41.4095380001211, 2.16997074793529 41.4079128640224, 2.17108871307872 41.4070543529849, 2.1728020518704 41.4083350812938, 2.17314672832226 41.4086034776744, 2.17325502131624 41.4086834586491))"
"02","Eixample","06","la Sagrada Família","026","043","POLYGON ((430696.4955 4584298.8415, 430625.1038 4584373.2472, 430514.4425 4584265.0685, 430607.8024 4584169.4547, 430717.6335 4584277.0415, 430696.4955 4584298.8415))","POLYGON ((2.17083334184664 41.4072488759442, 2.16997074793529 41.4079128640224, 2.16865930584209 41.4069289780776, 2.16978713466359 41.406075882345, 2.17108871307872 41.4070543529849, 2.17083334184664 41.4072488759442))"
"02","Eixample","06","la Sagrada Família","026","044","POLYGON ((430808.8355 4584182.3715, 430717.6335 4584277.0415, 430607.8024 4584169.4547, 430699.6907 4584075.3481, 430808.8355 4584182.3715))","POLYGON ((2.17219059008364 41.4062095479337, 2.17108871307872 41.4070543529849, 2.16978713466359 41.406075882345, 2.17089715708406 41.4052362231337, 2.17219059008364 41.4062095479337))"
"02","Eixample","06","la Sagrada Família","026","045","POLYGON ((430899.8145 4584271.9115, 430807.0265 4584364.1155, 430717.6335 4584277.0415, 430808.8355 4584182.3715, 430899.8145 4584271.9115))","POLYGON ((2.17326873908655 41.4070238299801, 2.17214817026901 41.4078462983048, 2.17108871307872 41.4070543529849, 2.17219059008364 41.4062095479337, 2.17326873908655 41.4070238299801))"
"02","Eixample","06","la Sagrada Família","026","046","POLYGON ((430993.9064 4584362.7928, 430994.2935 4584546.6815, 430891.2905 4584447.3795, 430862.1975 4584417.8575, 430807.0265 4584364.1155, 430899.8145 4584271.9115, 430993.9064 4584362.7928))","POLYGON ((2.1743840023093 41.4078504499317, 2.17436766426722 41.409506706271, 2.17314672832226 41.4086034776744, 2.1728020518704 41.4083350812938, 2.17214817026901 41.4078462983048, 2.17326873908655 41.4070238299801, 2.1743840023093 41.4078504499317))"
"02","Eixample","06","la Sagrada Família","026","047","POLYGON ((430994.1305 4584176.3055, 430993.9064 4584362.7928, 430899.8145 4584271.9115, 430808.8355 4584182.3715, 430902.6685 4584085.0895, 430994.1305 4584176.3055))","POLYGON ((2.17440794684087 41.4061708408569, 2.1743840023093 41.4078504499317, 2.17326873908655 41.4070238299801, 2.17219059008364 41.4062095479337, 2.17332421070064 41.4053414326822, 2.17440794684087 41.4061708408569))"
"02","Eixample","06","la Sagrada Família","026","048","POLYGON ((430902.6685 4584085.0895, 430808.8355 4584182.3715, 430699.6907 4584075.3481, 430794.5415 4583978.2075, 430902.6685 4584085.0895))","POLYGON ((2.17332421070064 41.4053414326822, 2.17219059008364 41.4062095479337, 2.17089715708406 41.4052362231337, 2.17204293689952 41.404369481643, 2.17332421070064 41.4053414326822))"
"02","Eixample","06","la Sagrada Família","027","049","POLYGON ((431089.1765 4584077.7935, 430994.1305 4584176.3055, 430902.6685 4584085.0895, 430794.5415 4583978.2075, 430843.0395 4583929.1135, 430889.2375 4583880.5675, 430981.5925 4583785.7455, 431182.5795 4583982.1515, 431089.1765 4584077.7935))","POLYGON ((2.17555618845772 41.4052917292495, 2.17440794684087 41.4061708408569, 2.17332421070064 41.4053414326822, 2.17204293689952 41.404369481643, 2.17262870617372 41.4039314819425, 2.17318689149814 41.403498217093, 2.17430249061934 41.4026521205875, 2.17668441829214 41.404438314271, 2.17555618845772 41.4052917292495))"
"02","Eixample","06","la Sagrada Família","027","050","POLYGON ((431275.9935 4583886.7235, 431182.5795 4583982.1515, 431090.1595 4583892.1165, 431198.3615 4583780.1435, 431275.9015 4583700.4195, 431369.2855 4583790.7475, 431275.9935 4583886.7235))","POLYGON ((2.17781272588787 41.4035868161996, 2.17668441829214 41.404438314271, 2.17558908682755 41.4036194820557, 2.17689617283699 41.4026202448083, 2.17783277673934 41.4019088282508, 2.17893960675407 41.402730360591, 2.17781272588787 41.4035868161996))"
"02","Eixample","06","la Sagrada Família","027","051","POLYGON ((431169.5365 4583810.1085, 431090.1595 4583892.1165, 430981.5925 4583785.7455, 431147.4475 4583617.4155, 431168.325554 4583594.3795555, 431275.9015 4583700.4195, 431169.5365 4583810.1085))","POLYGON ((2.17654795379628 41.402887662555, 2.17558908682755 41.4036194820557, 2.17430249061934 41.4026521205875, 2.17630563546377 41.4011502478357, 2.17655799746317 41.400944558146, 2.17783277673934 41.4019088282508, 2.17654795379628 41.402887662555))"
"02","Eixample","06","la Sagrada Família","027","052","POLYGON ((430981.5925 4583785.7455, 430889.2375 4583880.5675, 430793.4555 4583787.4095, 430886.5355 4583692.0895, 430981.2035 4583596.1695, 431040.4346965 4583536.854037, 431180.8445 4583582.2665, 431168.325554 4583594.3795555, 431147.4475 4583617.4155, 430981.5925 4583785.7455))","POLYGON ((2.17430249061934 41.4026521205875, 2.17318689149814 41.403498217093, 2.1720517600635 41.4026509347917, 2.17317608842798 41.4018004261733, 2.17431945142601 41.4009446384856, 2.17503472771405 41.4004154857372, 2.1767091253421 41.4008365313915, 2.17655799746317 41.400944558146, 2.17630563546377 41.4011502478357, 2.17430249061934 41.4026521205875))"
"02","Eixample","06","la Sagrada Família","027","053","POLYGON ((430886.5355 4583692.0895, 430793.4555 4583787.4095, 430697.0395 4583695.7705, 430897.0175 4583489.9665, 431040.4346965 4583536.854037, 430981.2035 4583596.1695, 430886.5355 4583692.0895))","POLYGON ((2.17317608842798 41.4018004261733, 2.1720517600635 41.4026509347917, 2.17090890026615 41.4018172679138, 2.17332454672108 41.3999808719166, 2.17503472771405 41.4004154857372, 2.17431945142601 41.4009446384856, 2.17317608842798 41.4018004261733))"
"02","Eixample","06","la Sagrada Família","027","054","POLYGON ((430816.6815 4583955.6715, 430794.5415 4583978.2075, 430603.4203 4583791.6112, 430632.3595 4583761.6195, 430697.0395 4583695.7705, 430793.4555 4583787.4095, 430889.2375 4583880.5675, 430843.0395 4583929.1135, 430816.6815 4583955.6715))","POLYGON ((2.17231036372063 41.4041684130888, 2.17204293689952 41.404369481643, 2.16977803267547 41.4026723973217, 2.17012764711515 41.402404769678, 2.17090890026615 41.4018172679138, 2.1720517600635 41.4026509347917, 2.17318689149814 41.403498217093, 2.17262870617372 41.4039314819425, 2.17231036372063 41.4041684130888))"
"02","Eixample","07","la Dreta de l'Eixample","028","055","POLYGON ((430632.3595 4583761.6195, 430603.4203 4583791.6112, 430398.8168 4583591.8288, 430491.6886 4583495.4085, 430697.0395 4583695.7705, 430632.3595 4583761.6195))","POLYGON ((2.17012764711515 41.402404769678, 2.16977803267547 41.4026723973217, 2.16735348815403 41.4008553393425, 2.16847548158148 41.3999949486292, 2.17090890026615 41.4018172679138, 2.17012764711515 41.402404769678))"
"02","Eixample","07","la Dreta de l'Eixample","028","056","POLYGON ((430804.4215 4583585.0155, 430697.0395 4583695.7705, 430491.6886 4583495.4085, 430575.5825 4583409.6533, 430597.3825 4583393.5745, 430598.1395 4583391.6475, 430600.1835 4583388.4235, 430601.4235 4583387.0795, 430604.1875 4583384.9435, 430607.5015 4583383.4115, 430609.5815 4583382.8775, 430613.9645 4583382.6855, 430616.1415 4583383.0475, 430618.2315 4583383.7025, 430621.9315 4583385.7555, 430624.9595 4583388.7115, 430626.1875 4583390.5275, 430627.8435 4583394.6055, 430628.2295 4583396.7635, 430628.1635 4583400.5315, 430627.5255 4583403.3985, 430713.4775 4583431.7455, 430754.7375 4583444.7275, 430796.2215 4583458.8275, 430847.5715 4583474.9415, 430897.0175 4583489.9665, 430804.4215 4583585.0155))","POLYGON ((2.17220607255979 41.4008289834089, 2.17090890026615 41.4018172679138, 2.16847548158148 41.3999949486292, 2.16948883252425 41.3992298284387, 2.16975143865954 41.399086894012, 2.16976071446704 41.3990696035071, 2.16978553348453 41.3990407424384, 2.1698005198876 41.3990287445035, 2.1698338264915 41.3990097448175, 2.16987364270833 41.3989962326131, 2.16989858396166 41.3989916025562, 2.16995103349351 41.3989902515086, 2.16997703232944 41.3989936997776, 2.17000195693545 41.3989997794868, 2.17004597946915 41.3990185894264, 2.17008186038188 41.3990454743894, 2.17009634110959 41.3990619364445, 2.17011568221817 41.3990988085023, 2.17012005212446 41.3991182781897, 2.17011883091967 41.3991522096126, 2.17011087091732 41.3991779766796, 2.17113575024954 41.3994406997199, 2.17162780310547 41.3995611786162, 2.17212240943524 41.3996917441585, 2.17273480209175 41.3998412956062, 2.17332454672108 41.3999808719166, 2.17220607255979 41.4008289834089))"
"02","Eixample","07","la Dreta de l'Eixample","028","057","POLYGON ((430491.6886 4583495.4085, 430398.8168 4583591.8288, 430339.4395 4583533.8135, 430316.2065 4583511.6585, 430329.4675 4583497.7365, 430471.7095 4583353.6915, 430597.3825 4583393.5745, 430575.5825 4583409.6533, 430491.6886 4583495.4085))","POLYGON ((2.16847548158148 41.3999949486292, 2.16735348815403 41.4008553393425, 2.1666498987291 41.4003276732796, 2.16637454039468 41.4001261176285, 2.16653476742904 41.4000018761326, 2.16825277158671 41.3987168242208, 2.16975143865954 41.399086894012, 2.16948883252425 41.3992298284387, 2.16847548158148 41.3999949486292))"
"02","Eixample","07","la Dreta de l'Eixample","028","058","POLYGON ((430305.3672 4583687.0374, 430304.8259 4583687.5889, 430126.7745 4583513.4564, 430220.5265 4583417.5775, 430316.2065 4583511.6585, 430339.4395 4583533.8135, 430398.8168 4583591.8288, 430305.3672 4583687.0374))","POLYGON ((2.16622469294808 41.4017047552617, 2.16621815439717 41.4017096755083, 2.16410839378483 41.4001258710108, 2.16524088298725 41.3992704647084, 2.16637454039468 41.4001261176285, 2.1666498987291 41.4003276732796, 2.16735348815403 41.4008553393425, 2.16622469294808 41.4017047552617))"
"02","Eixample","07","la Dreta de l'Eixample","028","059","POLYGON ((430220.5265 4583417.5775, 430126.7745 4583513.4564, 429935.4391 4583326.3322, 429989.9595 4583270.1055, 430029.9025 4583230.3385, 430124.2365 4583323.7535, 430220.5265 4583417.5775))","POLYGON ((2.16524088298725 41.3992704647084, 2.16410839378483 41.4001258710108, 2.16184134306807 41.3984238592966, 2.16249998673822 41.3979221938598, 2.16298235423231 41.3975675029986, 2.1640999291826 41.3984170624717, 2.16524088298725 41.3992704647084))"
"02","Eixample","07","la Dreta de l'Eixample","028","060","POLYGON ((430329.4675 4583497.7365, 430316.2065 4583511.6585, 430220.5265 4583417.5775, 430124.2365 4583323.7535, 430029.9025 4583230.3385, 430044.0935 4583215.5875, 430471.7095 4583353.6915, 430329.4675 4583497.7365))","POLYGON ((2.16653476742904 41.4000018761326, 2.16637454039468 41.4001261176285, 2.16524088298725 41.3992704647084, 2.1640999291826 41.3984170624717, 2.16298235423231 41.3975675029986, 2.16315380103274 41.3974358805659, 2.16825277158671 41.3987168242208, 2.16653476742904 41.4000018761326))"
"02","Eixample","07","la Dreta de l'Eixample","029","061","POLYGON ((430959.6685 4583426.0165, 430897.0175 4583489.9665, 430847.5715 4583474.9415, 430796.2215 4583458.8275, 430754.7375 4583444.7275, 430713.4775 4583431.7455, 430627.5255 4583403.3985, 430628.3155 4583398.9075, 430627.8435 4583394.6055, 430626.1875 4583390.5275, 430623.6355 4583387.2365, 430786.7745 4583220.3555, 430976.9865 4583408.4115, 430959.6685 4583426.0165))","POLYGON ((2.174081255306 41.3994102771217, 2.17332454672108 41.3999808719166, 2.17273480209175 41.3998412956062, 2.17212240943524 41.3996917441585, 2.17162780310547 41.3995611786162, 2.17113575024954 41.3994406997199, 2.17011087091732 41.3991779766796, 2.17012083516046 41.3991375959011, 2.17011568221817 41.3990988085023, 2.17009634110959 41.3990619364445, 2.17006619227639 41.3990320753226, 2.17203666839078 41.3975430921614, 2.17429041426897 41.3992532014119, 2.174081255306 41.3994102771217))"
"02","Eixample","07","la Dreta de l'Eixample","029","062","POLYGON ((430597.4095 4583393.4715, 430471.7095 4583353.6915, 430327.5675 4583307.1215, 430501.6575 4583129.6995, 430692.6315 4583316.6875, 430623.6355 4583387.2365, 430620.1715 4583384.6175, 430616.1415 4583383.0475, 430613.9645 4583382.6855, 430609.5815 4583382.8775, 430605.5275 4583384.2375, 430601.4235 4583387.0795, 430599.0735 4583389.9555, 430597.4095 4583393.4715))","POLYGON ((2.1697517734292 41.3990859686559, 2.16825277158671 41.3987168242208, 2.16653397556985 41.3982849074479, 2.16863670493206 41.3967019923837, 2.17089956877265 41.3984026139407, 2.17006619227639 41.3990320753226, 2.17002505751717 41.3990081879811, 2.16997703232944 41.3989936997776, 2.16995103349351 41.3989902515086, 2.16989858396166 41.3989916025562, 2.16984993590906 41.3990035017589, 2.1698005198876 41.3990287445035, 2.16977208053033 41.3990544448449, 2.1697517734292 41.3990859686559))"
"02","Eixample","07","la Dreta de l'Eixample","029","063","POLYGON ((430342.2675 4583292.2735, 430327.5675 4583307.1215, 430044.0935 4583215.5875, 430076.8395 4583181.5455, 430216.8315 4583037.9195, 430407.7835 4583225.4455, 430342.2675 4583292.2735))","POLYGON ((2.16671151671242 41.3981524501374, 2.16653397556985 41.3982849074479, 2.16315380103274 41.3974358805659, 2.16354941555329 41.3971321241801, 2.16524044080009 41.3958506945986, 2.16750286085275 41.3975562257801, 2.16671151671242 41.3981524501374))"
"02","Eixample","07","la Dreta de l'Eixample","029","064","POLYGON ((430501.6575 4583129.6995, 430407.7835 4583225.4455, 430216.8315 4583037.9195, 430310.9755 4582943.6345, 430405.734 4583036.7705, 430501.6575 4583129.6995))","POLYGON ((2.16863670493206 41.3967019923837, 2.16750286085275 41.3975562257801, 2.16524044080009 41.3958506945986, 2.16637734541373 41.3950096653799, 2.16750003135333 41.3958567161319, 2.16863670493206 41.3967019923837))"
"02","Eixample","07","la Dreta de l'Eixample","029","065","POLYGON ((430709.1535 4583299.8895, 430692.6315 4583316.6875, 430501.6575 4583129.6995, 430405.734 4583036.7705, 430310.9755 4582943.6345, 430405.4705 4582846.6585, 430690.2255 4583128.3705, 430786.7745 4583220.3555, 430709.1535 4583299.8895))","POLYGON ((2.1710991183793 41.3982527438187, 2.17089956877265 41.3984026139407, 2.16863670493206 41.3967019923837, 2.16750003135333 41.3958567161319, 2.16637734541373 41.3950096653799, 2.16751872816553 41.3941444179626, 2.17089234597969 41.3967062974615, 2.17203666839078 41.3975430921614, 2.1710991183793 41.3982527438187))"
"02","Eixample","07","la Dreta de l'Eixample","030","066","POLYGON ((431013.9135 4583370.3175, 430976.9865 4583408.4115, 430786.7745 4583220.3555, 430879.9715 4583125.1005, 431070.6675 4583312.4355, 431038.2015 4583345.0875, 431013.9135 4583370.3175))","POLYGON ((2.17473646173353 41.3989132701147, 2.17429041426897 41.3992532014119, 2.17203666839078 41.3975430921614, 2.1731622998554 41.3966931776163, 2.1754219180379 41.3983968127437, 2.17502985791701 41.3986881150607, 2.17473646173353 41.3989132701147))"
"02","Eixample","07","la Dreta de l'Eixample","030","067","POLYGON ((431101.3975 4583281.7635, 431070.6675 4583312.4355, 430879.9715 4583125.1005, 430973.5095 4583029.2415, 431165.6285 4583215.8875, 431126.6775 4583255.5435, 431101.3975 4583281.7635))","POLYGON ((2.17579298432606 41.3981231935256, 2.1754219180379 41.3983968127437, 2.1731622998554 41.3966931776163, 2.17429204954015 41.3958378408971, 2.17656876760757 41.3975353702955, 2.17609835161096 41.3978892040325, 2.17579298432606 41.3981231935256))"
"02","Eixample","07","la Dreta de l'Eixample","030","068","POLYGON ((431201.7695 4583178.1195, 431165.6285 4583215.8875, 430973.5095 4583029.2415, 430997.4975 4583005.0755, 431041.8135795 4582959.3767505, 431044.38208 4582961.8847775, 431049.493523 4582965.9085395, 431055.9446655 4582969.3772785, 431064.7653855 4582973.308592, 431072.8815 4582975.6895, 431083.0595 4582976.7655, 431091.9575 4582976.0695, 431098.9105 4582974.2995, 431105.5695 4582971.5335, 431111.6855 4582967.8845, 431116.8475 4582964.2535, 431118.2335 4582962.9395, 431173.4235 4583016.6115, 431204.5255 4583048.4355, 431238.9435 4583080.8715, 431268.5615 4583110.3445, 431254.6815 4583123.9475, 431201.7695 4583178.1195))","POLYGON ((2.17700535286454 41.3971982987788, 2.17656876760757 41.3975353702955, 2.17429204954015 41.3958378408971, 2.1745817237035 41.3956222441106, 2.17511699055123 41.3952144512993, 2.17514742650084 41.3952372605473, 2.17520810575232 41.3952739395682, 2.17528487227951 41.3953057344971, 2.17538992852431 41.3953418987635, 2.17548673363345 41.3953640385303, 2.17560834936272 41.3953746020248, 2.17571485679899 41.3953690958673, 2.17579822244063 41.3953537497891, 2.1758781848516 41.3953294078048, 2.17595175288261 41.3952970663467, 2.17601390809744 41.3952648052457, 2.17603063536772 41.3952530891792, 2.17668465694048 41.3957412214249, 2.17705305204796 41.3960305115532, 2.17746104391661 41.3963255961594, 2.17781196227662 41.3965935822747, 2.17764439719561 41.3967149137741, 2.17700535286454 41.3971982987788))"
"02","Eixample","07","la Dreta de l'Eixample","030","069","POLYGON ((430798.8515 4583208.0495, 430786.7745 4583220.3555, 430690.2255 4583128.3705, 430784.8155 4583032.7835, 430982.2925 4582830.2475, 430994.028316 4582841.821967, 431008.0975 4582869.5855, 431014.2395 4582882.7095, 431020.081 4582903.209, 431024.3615 4582921.5115, 431025.1605 4582927.7055, 431026.6515 4582934.1005, 431028.8855 4582940.3655, 431031.8375 4582946.3735, 431035.4555 4582952.0075, 431041.8135795 4582959.3767505, 430997.4975 4583005.0755, 430973.5095 4583029.2415, 430798.8515 4583208.0495))","POLYGON ((2.17218253149735 41.3974332954579, 2.17203666839078 41.3975430921614, 2.17089234597969 41.3967062974615, 2.17203467716518 41.3958535236749, 2.17441978267231 41.3940463190216, 2.17455883200882 41.3941515736657, 2.17472394618015 41.3944028381232, 2.17479591398277 41.3945215687329, 2.1748634477034 41.394706702318, 2.17491256119276 41.3948719142922, 2.17492141238875 41.3949277702193, 2.17493851760863 41.39498549584, 2.17496452457871 41.3950421143126, 2.1749991487635 41.3950964796384, 2.17504178154034 41.3951475335686, 2.17511699055123 41.3952144512993, 2.1745817237035 41.3956222441106, 2.17429204954015 41.3958378408971, 2.17218253149735 41.3974332954579))"
"02","Eixample","07","la Dreta de l'Eixample","031","070","POLYGON ((430784.8155 4583032.7835, 430690.2255 4583128.3705, 430405.4705 4582846.6585, 430498.2435 4582751.4495, 430689.3855 4582938.2925, 430784.8155 4583032.7835))","POLYGON ((2.17203467716518 41.3958535236749, 2.17089234597969 41.3967062974615, 2.16751872816553 41.3941444179626, 2.16863928185663 41.3932949247874, 2.17090405506309 41.3949942547056, 2.17203467716518 41.3958535236749))"
"02","Eixample","07","la Dreta de l'Eixample","031","071","POLYGON ((430878.4175 4582936.6345, 430784.8155 4583032.7835, 430689.3855 4582938.2925, 430498.2435 4582751.4495, 430590.6105 4582656.6565, 430686.8575 4582748.8835, 430878.4175 4582936.6345))","POLYGON ((2.17316522532759 41.3949955914704, 2.17203467716518 41.3958535236749, 2.17090405506309 41.3949942547056, 2.16863928185663 41.3932949247874, 2.16975490278326 41.3924491320409, 2.17089549687203 41.3932880914257, 2.17316522532759 41.3949955914704))"
"02","Eixample","07","la Dreta de l'Eixample","031","072","POLYGON ((430982.2925 4582830.2475, 430878.4208 4582936.6298, 430686.8575 4582748.8835, 430590.6105 4582656.6565, 430697.5574 4582546.6284, 430717.2015 4582566.3103, 430728.7274 4582581.9816, 430982.2925 4582830.2475))","POLYGON ((2.17441978267231 41.3940463190216, 2.17316526533483 41.3949955494226, 2.17089549687203 41.3932880914257, 2.16975490278326 41.3924491320409, 2.17104661670078 41.3914673668436, 2.17127931239838 41.3916463278399, 2.17141537234593 41.3917884670142, 2.17441978267231 41.3940463190216))"
"02","Eixample","07","la Dreta de l'Eixample","032","073","POLYGON ((431091.9575 4582976.0695, 431083.0595 4582976.7655, 431072.8815 4582975.6895, 431064.7653855 4582973.308592, 431055.9446655 4582969.3772785, 431049.493523 4582965.9085395, 431044.38208 4582961.8847775, 431039.6655 4582957.1575, 431035.4555 4582952.0075, 431031.8375 4582946.3735, 431028.8855 4582940.3655, 431026.6515 4582934.1005, 431025.1605 4582927.7055, 431024.3615 4582921.5115, 431020.081 4582903.209, 431014.2395 4582882.7095, 431008.0975 4582869.5855, 430994.028316 4582841.821967, 430886.6925 4582736.6665, 431083.9928 4582534.3448, 431180.0315 4582628.3775, 431274.7935 4582720.4725, 431113.7275 4582885.0015, 431119.0555 4582890.8935, 431123.6155 4582897.4735, 431127.6835 4582905.9255, 431129.9315 4582912.6345, 431131.4435 4582919.5295, 431132.2855 4582928.6795, 431131.7775 4582933.0455, 431130.1095 4582940.9695, 431128.2655 4582946.8455, 431124.7035 4582954.2025, 431119.2415 4582961.9835, 431116.8475 4582964.2535, 431111.6855 4582967.8845, 431105.5695 4582971.5335, 431098.9105 4582974.2995, 431091.9575 4582976.0695))","POLYGON ((2.17571485679899 41.3953690958673, 2.17560834936272 41.3953746020248, 2.17548673363345 41.3953640385303, 2.17538992852431 41.3953418987635, 2.17528487227951 41.3953057344971, 2.17520810575232 41.3952739395682, 2.17514742650084 41.3952372605473, 2.17509155034317 41.3951942790138, 2.17504178154034 41.3951475335686, 2.1749991487635 41.3950964796384, 2.17496452457871 41.3950421143126, 2.17493851760863 41.39498549584, 2.17492141238875 41.3949277702193, 2.17491256119276 41.3948719142922, 2.1748634477034 41.394706702318, 2.17479591398277 41.3945215687329, 2.17472394618015 41.3944028381232, 2.17455883200882 41.3941515736657, 2.17328702256676 41.3931952546932, 2.17566985768016 41.391389937022, 2.17680781396869 41.3922450840151, 2.17793074999544 41.3930826585361, 2.1759856053693 41.3945507401252, 2.17604866215551 41.3946042638892, 2.1761024549101 41.3946639184439, 2.17615015014623 41.3947403913556, 2.17617627503458 41.3948010097333, 2.17619357565124 41.3948632403202, 2.17620260609228 41.3949457236061, 2.1761960334623 41.3949850032951, 2.17617518158852 41.3950562294323, 2.17615245747693 41.3951089947988, 2.17610901609218 41.3951749519236, 2.17604280069278 41.3952445651267, 2.17601390809744 41.3952648052457, 2.17595175288261 41.3952970663467, 2.1758781848516 41.3953294078048, 2.17579822244063 41.3953537497891, 2.17571485679899 41.3953690958673))"
"02","Eixample","07","la Dreta de l'Eixample","032","074","POLYGON ((431275.1015 4582720.1575, 431274.7935 4582720.4725, 431180.0315 4582628.3775, 431083.9928 4582534.3448, 431157.8885 4582459.1555, 431189.9715 4582428.0795, 431209.0875 4582406.9415, 431226.6358 4582388.8291, 431234.8775 4582396.7875, 431433.8785 4582493.5255, 431465.1165 4582526.0533, 431275.1015 4582720.1575))","POLYGON ((2.17793446957589 41.3930798477473, 2.17793074999544 41.3930826585361, 2.17680781396869 41.3922450840151, 2.17566985768016 41.391389937022, 2.17656221013134 41.3907190584444, 2.17694945530513 41.3904419117849, 2.17718048364814 41.3902531634104, 2.1773924175142 41.3900915311719, 2.1774900843701 41.3901639147242, 2.17985917990553 41.3910521937893, 2.18022911006421 41.391347824378, 2.17793446957589 41.3930798477473))"
"02","Eixample","07","la Dreta de l'Eixample","032","075","POLYGON ((431114.9715 4582503.0075, 431083.9928 4582534.3448, 430988.3805 4582440.7985, 430893.0165 4582346.4735, 430904.8855 4582328.3575, 430909.4015 4582317.7655, 430913.2745 4582302.2615, 430921.5323 4582264.8183, 431096.5441 4582263.2084, 431226.6358 4582388.8291, 431209.0875 4582406.9415, 431189.9715 4582428.0795, 431157.8885 4582459.1555, 431114.9715 4582503.0075))","POLYGON ((2.17604393276237 41.3911103454432, 2.17566985768016 41.391389937022, 2.17453697555706 41.3905391963639, 2.1734071814524 41.3896814525256, 2.17355119957907 41.3895193070218, 2.17360641833331 41.3894242960941, 2.17365450700155 41.3892849890508, 2.17375753856082 41.3889484589895, 2.17585081687545 41.3889489700784, 2.1773924175142 41.3900915311719, 2.17718048364814 41.3902531634104, 2.17694945530513 41.3904419117849, 2.17656221013134 41.3907190584444, 2.17604393276237 41.3911103454432))"
"02","Eixample","07","la Dreta de l'Eixample","032","076","POLYGON ((430887.1225 4582736.2335, 430886.6925 4582736.6665, 430728.7274 4582581.9816, 430717.2015 4582566.3103, 430697.5574 4582546.6284, 430759.1135 4582484.6795, 430816.6275 4582425.6695, 430875.8195 4582365.5655, 430893.0165 4582346.4735, 430988.3805 4582440.7985, 431083.9928 4582534.3448, 430887.1225 4582736.2335))","POLYGON ((2.17329221499947 41.3931913917521, 2.17328702256676 41.3931952546932, 2.17141537234593 41.3917884670142, 2.17127931239838 41.3916463278399, 2.17104661670078 41.3914673668436, 2.17178992114457 41.3909147144756, 2.17248453385237 41.3903881792131, 2.17319932890424 41.3898519304973, 2.1734071814524 41.3896814525256, 2.17453697555706 41.3905391963639, 2.17566985768016 41.391389937022, 2.17329221499947 41.3931913917521))"
"02","Eixample","07","la Dreta de l'Eixample","033","077","POLYGON ((430723.6915 4582520.4925, 430697.5574 4582546.6284, 430674.857 4582529.1833, 430478.9774 4582336.3653, 430465.3466 4582350.4392, 430451.6215 4582336.9535, 430435.2745 4582318.4985, 430366.1332 4582250.5589, 430333.4567 4582221.0976, 430346.0467 4582208.1046, 430220.3309 4582083.6728, 430117.0067 4581983.1555, 430162.1875 4581936.9845, 430550.1044 4581889.9008, 430584.4679 4581893.3434, 430600.8181 4581903.4957, 430615.1158 4581914.3584, 430627.88 4581926.7774, 430700.289 4582033.077, 430731.6185 4582055.191, 430838.0786 4582212.9631, 430892.3799 4582265.0865, 430921.5323 4582264.8183, 430913.2745 4582302.2615, 430909.4015 4582317.7655, 430904.8855 4582328.3575, 430893.0165 4582346.4735, 430875.8195 4582365.5655, 430723.6915 4582520.4925))","POLYGON ((2.17136217479925 41.391234220576, 2.17104661670078 41.3914673668436, 2.17077711244377 41.3913082880964, 2.168456493779 41.3895547314613, 2.16829185615378 41.3896803122764, 2.16812925440311 41.3895576643005, 2.16793586654107 41.389390032469, 2.16711676080783 41.3887721398774, 2.16672934857484 41.3885039620719, 2.16688141431878 41.3883880286569, 2.16539223597023 41.3872564161353, 2.16416813604416 41.3863421201766, 2.16471378585589 41.3859301967194, 2.16935834445165 41.3855397120555, 2.16976890641144 41.3855736843886, 2.16996327721338 41.385666533647, 2.17013302108303 41.3857656039031, 2.17028424789839 41.3858785587781, 2.17113803946364 41.3868422071246, 2.17151019109989 41.387044079411, 2.17276537528488 41.3884742440411, 2.17340885306511 41.3889483704494, 2.17375753856082 41.3889484589895, 2.17365450700155 41.3892849890508, 2.17360641833331 41.3894242960941, 2.17355119957907 41.3895193070218, 2.1734071814524 41.3896814525256, 2.17319932890424 41.3898519304973, 2.17136217479925 41.391234220576))"
"02","Eixample","07","la Dreta de l'Eixample","034","078","POLYGON ((430498.2435 4582751.4495, 430405.4705 4582846.6585, 430308.4645 4582752.8595, 430184.2695 4582629.9015, 430432.2755 4582358.4955, 430451.6215 4582336.9535, 430465.3466 4582350.4392, 430478.9774 4582336.3653, 430674.857 4582529.1833, 430697.5574 4582546.6284, 430498.2435 4582751.4495))","POLYGON ((2.16863928185663 41.3932949247874, 2.16751872816553 41.3941444179626, 2.16636926613249 41.3932912012418, 2.1648980056004 41.3921729881219, 2.16789540550525 41.3897500131061, 2.16812925440311 41.3895576643005, 2.16829185615378 41.3896803122764, 2.168456493779 41.3895547314613, 2.17077711244377 41.3913082880964, 2.17104661670078 41.3914673668436, 2.16863928185663 41.3932949247874))"
"02","Eixample","07","la Dreta de l'Eixample","034","079","POLYGON ((430273.4545 4582532.2625, 430184.2695 4582629.9015, 430060.025 4582510.3233, 429928.2325 4582380.1055, 430115.2735 4582188.2415, 430197.0374 4582106.3454, 430220.3309 4582083.6728, 430346.0467 4582208.1046, 430333.4567 4582221.0976, 430366.1332 4582250.5589, 430435.2745 4582318.4985, 430451.6215 4582336.9535, 430432.2755 4582358.4955, 430273.4545 4582532.2625))","POLYGON ((2.16597592545522 41.3913013229335, 2.1648980056004 41.3921729881219, 2.1634258131956 41.3910851928622, 2.16186462746773 41.3899008942177, 2.1641237498648 41.3881891117014, 2.16511104732433 41.3874585998616, 2.16539223597023 41.3872564161353, 2.16688141431878 41.3883880286569, 2.16672934857484 41.3885039620719, 2.16711676080783 41.3887721398774, 2.16793586654107 41.389390032469, 2.16812925440311 41.3895576643005, 2.16789540550525 41.3897500131061, 2.16597592545522 41.3913013229335))"
"02","Eixample","07","la Dreta de l'Eixample","035","080","POLYGON ((430216.8235 4583037.9275, 430122.1015 4583135.1095, 430028.5675 4583041.0015, 429924.6135 4582939.4275, 429912.4675 4582926.9675, 429985.8635 4582846.3155, 430000.9855 4582828.5945, 430092.9705 4582729.5165, 430184.2695 4582629.9015, 430308.4645 4582752.8595, 430405.4705 4582846.6585, 430310.9155 4582943.6955, 430216.8235 4583037.9275))","POLYGON ((2.16524034419039 41.3958507659577, 2.16409616241735 41.3967178255999, 2.16298826511286 41.3958620941126, 2.16175662920865 41.3949382005238, 2.16161279549814 41.3948249191633, 2.16249999306879 41.3941049076405, 2.16268291024407 41.3939466170348, 2.16379454443165 41.3930622562212, 2.1648980056004 41.3921729881219, 2.16636926613249 41.3932912012418, 2.16751872816553 41.3941444179626, 2.16637662074451 41.3950102095869, 2.16524034419039 41.3958507659577))"
"02","Eixample","07","la Dreta de l'Eixample","035","081","POLYGON ((429985.8635 4582846.3155, 429912.4675 4582926.9675, 429781.2215 4582798.5315, 429647.2315 4582666.3635, 429834.3995 4582475.2555, 429928.2325 4582380.1055, 430060.025 4582510.3233, 430184.2695 4582629.9015, 430092.9705 4582729.5165, 430000.9855 4582828.5945, 429985.8635 4582846.3155))","POLYGON ((2.16249999306879 41.3941049076405, 2.16161279549814 41.3948249191633, 2.16005788457609 41.3936566919164, 2.15847064369498 41.3924545911035, 2.16073137489807 41.3907496977659, 2.16186462746773 41.3899008942177, 2.1634258131956 41.3910851928622, 2.1648980056004 41.3921729881219, 2.16379454443165 41.3930622562212, 2.16268291024407 41.3939466170348, 2.16249999306879 41.3941049076405))"
"02","Eixample","07","la Dreta de l'Eixample","036","082","POLYGON ((429989.9595 4583270.1055, 429935.4391 4583326.3322, 429714.736 4583110.4868, 429754.5676 4583097.7567, 429820.7905 4583027.7095, 429912.4675 4582926.9675, 429924.6135 4582939.4275, 430028.5675 4583041.0015, 430122.1015 4583135.1095, 430076.8395 4583181.5455, 430027.7475 4583232.5775, 429989.9595 4583270.1055))","POLYGON ((2.16249998673822 41.3979221938598, 2.16184134306807 41.3984238592966, 2.15922647404882 41.396460555564, 2.15970437926209 41.3963493804745, 2.16050459277412 41.39572427201, 2.16161279549814 41.3948249191633, 2.16175662920865 41.3949382005238, 2.16298826511286 41.3958620941126, 2.16409616241735 41.3967178255999, 2.16354941555329 41.3971321241801, 2.16295631892764 41.397587481373, 2.16249998673822 41.3979221938598))"
"02","Eixample","07","la Dreta de l'Eixample","036","083","POLYGON ((429754.5676 4583097.7567, 429714.736 4583110.4868, 429335.9965 4582987.3074, 429369.2968 4582954.9899, 429460.2315 4582860.6395, 429554.9075 4582761.8155, 429647.2315 4582666.3635, 429781.2215 4582798.5315, 429912.4675 4582926.9675, 429820.7905 4583027.7095, 429754.5676 4583097.7567))","POLYGON ((2.15970437926209 41.3963493804745, 2.15922647404882 41.396460555564, 2.154710724293 41.3953179314467, 2.15511279335953 41.3950297848626, 2.15621143471637 41.3941879861764, 2.1573553158587 41.3933062121966, 2.15847064369498 41.3924545911035, 2.16005788457609 41.3936566919164, 2.16161279549814 41.3948249191633, 2.16050459277412 41.39572427201, 2.15970437926209 41.3963493804745))"
"02","Eixample","08","l'Antiga Esquerra de l'Eixample","037","084","POLYGON ((429554.9075 4582761.8155, 429461.7085 4582859.0975, 429364.7655 4582764.9535, 429268.9105 4582670.5355, 429456.0445 4582479.3115, 429647.2315 4582666.3635, 429554.9075 4582761.8155))","POLYGON ((2.1573553158587 41.3933062121966, 2.15622928019059 41.394174227485, 2.15508076090941 41.3933177976166, 2.15394531660802 41.3924589843089, 2.15620577159441 41.3907531332589, 2.15847064369498 41.3924545911035, 2.1573553158587 41.3933062121966))"
"02","Eixample","08","l'Antiga Esquerra de l'Eixample","037","085","POLYGON ((429369.2968 4582954.9899, 429335.9965 4582987.3074, 429050.5998 4582894.502, 429268.9105 4582670.5355, 429364.7655 4582764.9535, 429461.7085 4582859.0975, 429369.2968 4582954.9899))","POLYGON ((2.15511279335953 41.3950297848626, 2.154710724293 41.3953179314467, 2.15130801469858 41.3944569390458, 2.15394531660802 41.3924589843089, 2.15508076090941 41.3933177976166, 2.15622928019059 41.394174227485, 2.15511279335953 41.3950297848626))"
"02","Eixample","08","l'Antiga Esquerra de l'Eixample","037","086","POLYGON ((429066.0675 4582878.8355, 429050.5998 4582894.502, 428908.7955 4582848.39, 429079.9935 4582674.0315, 429167.8795 4582583.6715, 429174.3935 4582577.5135, 429268.9105 4582670.5355, 429066.0675 4582878.8355))","POLYGON ((2.15149485387842 41.3943172011248, 2.15130801469858 41.3944569390458, 2.1496173533844 41.3940291026395, 2.15168540118302 41.3924738349893, 2.15274711300826 41.3916677402697, 2.1528257416392 41.3916128510448, 2.15394531660802 41.3924589843089, 2.15149485387842 41.3943172011248))"
"02","Eixample","08","l'Antiga Esquerra de l'Eixample","037","087","POLYGON ((429456.0445 4582479.3115, 429268.9105 4582670.5355, 429174.3935 4582577.5135, 429267.3975 4582481.2025, 429294.1295 4582454.1535, 429360.2015 4582385.8715, 429456.0445 4582479.3115))","POLYGON ((2.15620577159441 41.3907531332589, 2.15394531660802 41.3924589843089, 2.1528257416392 41.3916128510448, 2.15394933166179 41.3907535969937, 2.15427220402415 41.3905123267298, 2.15507038582813 41.3899031405101, 2.15620577159441 41.3907531332589))"
"02","Eixample","08","l'Antiga Esquerra de l'Eixample","038","088","POLYGON ((429740.6055 4582571.1855, 429647.2315 4582666.3635, 429360.2015 4582385.8715, 429398.3555 4582346.9715, 429448.8175 4582294.1815, 429453.6235 4582289.6335, 429740.6055 4582571.1855))","POLYGON ((2.15959846881096 41.3916055183464, 2.15847064369498 41.3924545911035, 2.15507038582813 41.3899031405101, 2.15553123606668 41.389556131863, 2.15614089948744 41.3890850985898, 2.15619890749317 41.3890445578724, 2.15959846881096 41.3916055183464))"
"02","Eixample","08","l'Antiga Esquerra de l'Eixample","038","089","POLYGON ((429741.2535 4582570.5395, 429740.6055 4582571.1855, 429737.3735 4582568.0335, 429453.6235 4582289.6335, 429466.1595 4582277.7735, 429487.8995 4582255.9355, 429547.5935 4582195.1655, 429660.1515 4582304.7015, 429713.6035 4582357.8255, 429742.4175 4582387.2755, 429765.9355 4582408.8375, 429800.7835 4582443.1395, 429834.2185 4582475.4445, 429741.2535 4582570.5395))","POLYGON ((2.15960629394248 41.3915997566546, 2.15959846881096 41.3916055183464, 2.15956017917597 41.3915768470332, 2.15619890749317 41.3890445578724, 2.15635021524075 41.3889388383742, 2.15661276067502 41.3887440571975, 2.15733374743366 41.3882019535315, 2.15866717122796 41.3891983571895, 2.15930027873206 41.3896814993321, 2.15964147322669 41.3899492627251, 2.15992024539763 41.3901455181826, 2.16033304893479 41.3904575067187, 2.16072918823951 41.3907513842343, 2.15960629394248 41.3915997566546))"
"02","Eixample","08","l'Antiga Esquerra de l'Eixample","038","090","POLYGON ((429834.3995 4582475.2555, 429834.2185 4582475.4445, 429800.7835 4582443.1395, 429765.9355 4582408.8375, 429742.4175 4582387.2755, 429713.6035 4582357.8255, 429660.1515 4582304.7015, 429547.5935 4582195.1655, 429610.8615 4582130.2195, 429640.5645 4582099.2295, 429675.6765 4582134.2175, 429713.4815 4582171.2035, 429753.7815 4582208.7295, 429928.2325 4582380.1055, 429834.3995 4582475.2555))","POLYGON ((2.16073137489807 41.3907496977659, 2.16072918823951 41.3907513842343, 2.16033304893479 41.3904575067187, 2.15992024539763 41.3901455181826, 2.15964147322669 41.3899492627251, 2.15930027873206 41.3896814993321, 2.15866717122796 41.3891983571895, 2.15733374743366 41.3882019535315, 2.15809795050838 41.3876225461388, 2.15845678113399 41.3873460284452, 2.15887263775955 41.3876642237969, 2.15932047358548 41.3880006482856, 2.15979809055817 41.3883421525428, 2.16186462746773 41.3899008942177, 2.16073137489807 41.3907496977659))"
"02","Eixample","08","l'Antiga Esquerra de l'Eixample","039","091","POLYGON ((429928.3175 4582380.0215, 429753.7815 4582208.7295, 429736.4805 4582192.6195, 430027.6555 4581895.0075, 430117.0067 4581983.1555, 430220.3309 4582083.6728, 430197.0374 4582106.3454, 430115.2735 4582188.2415, 429928.3175 4582380.0215))","POLYGON ((2.16186565377414 41.3899001450631, 2.15979809055817 41.3883421525428, 2.15959304647773 41.3881955441921, 2.16310974573555 41.3855404330908, 2.16416813604416 41.3863421201766, 2.16539223597023 41.3872564161353, 2.16511104732433 41.3874585998616, 2.1641237498648 41.3881891117014, 2.16186565377414 41.3899001450631))"
"02","Eixample","08","l'Antiga Esquerra de l'Eixample","039","092","POLYGON ((430027.6555 4581895.0075, 429736.4805 4582192.6195, 429713.4815 4582171.2035, 429675.6765 4582134.2175, 429640.5645 4582099.2295, 429931.3935 4581801.9295, 430027.6555 4581895.0075))","POLYGON ((2.16310974573555 41.3855404330908, 2.15959304647773 41.3881955441921, 2.15932047358548 41.3880006482856, 2.15887263775955 41.3876642237969, 2.15845678113399 41.3873460284452, 2.16196930582448 41.3846937316337, 2.16310974573555 41.3855404330908))"
"02","Eixample","08","l'Antiga Esquerra de l'Eixample","040","093","POLYGON ((429827.9635 4581907.7865, 429640.5645 4582099.2295, 429545.8594 4582005.8086, 429731.9275 4581813.3495, 429827.9635 4581907.7865))","POLYGON ((2.16072013484341 41.3856381351295, 2.15845678113399 41.3873460284452, 2.1573350304061 41.3864963293815, 2.15958258497281 41.3847791899614, 2.16072013484341 41.3856381351295))"
"02","Eixample","08","l'Antiga Esquerra de l'Eixample","040","094","POLYGON ((429931.3935 4581801.9295, 429827.9635 4581907.7865, 429731.9275 4581813.3495, 429637.1585 4581720.8475, 429720.9375 4581634.8375, 429740.4815 4581615.2475, 429835.4845 4581708.5225, 429931.3935 4581801.9295))","POLYGON ((2.16196930582448 41.3846937316337, 2.16072013484341 41.3856381351295, 2.15958258497281 41.3847791899614, 2.15845999209145 41.3839377724097, 2.15947186203892 41.3831704321311, 2.15970785304518 41.3829956985453, 2.16083315505015 41.3838440866208, 2.16196930582448 41.3846937316337))"
"02","Eixample","08","l'Antiga Esquerra de l'Eixample","040","095","POLYGON ((429637.1585 4581720.8475, 429543.4515 4581815.9015, 429447.1935 4581723.2335, 429540.7855 4581626.4495, 429644.5675 4581521.0785, 429740.4815 4581615.2475, 429720.9375 4581634.8375, 429637.1585 4581720.8475))","POLYGON ((2.15845999209145 41.3839377724097, 2.1573283186282 41.3847856902539, 2.1561879677989 41.3839426252982, 2.15731846701739 41.3830791269523, 2.15857178995367 41.3821391679937, 2.15970785304518 41.3829956985453, 2.15947186203892 41.3831704321311, 2.15845999209145 41.3839377724097))"
"02","Eixample","08","l'Antiga Esquerra de l'Eixample","040","096","POLYGON ((429731.9275 4581813.3495, 429545.8594 4582005.8086, 429423.7755 4581938.0185, 429543.4515 4581815.9015, 429637.1585 4581720.8475, 429731.9275 4581813.3495))","POLYGON ((2.15958258497281 41.3847791899614, 2.1573350304061 41.3864963293815, 2.1558828980371 41.3858750657617, 2.1573283186282 41.3847856902539, 2.15845999209145 41.3839377724097, 2.15958258497281 41.3847791899614))"
"02","Eixample","08","l'Antiga Esquerra de l'Eixample","040","097","POLYGON ((429449.8968 4581911.3484, 429423.7755 4581938.0185, 429303.8015 4581869.6575, 429447.1935 4581723.2335, 429543.4515 4581815.9015, 429449.8968 4581911.3484))","POLYGON ((2.15619839137495 41.3856371486362, 2.1558828980371 41.3858750657617, 2.15445609242772 41.3852488275334, 2.1561879677989 41.3839426252982, 2.1573283186282 41.3847856902539, 2.15619839137495 41.3856371486362))"
"02","Eixample","08","l'Antiga Esquerra de l'Eixample","041","098","POLYGON ((429466.1595 4582277.7735, 429453.6235 4582289.6335, 429358.3735 4582196.7855, 429526.6955 4582024.3195, 429545.8594 4582005.8086, 429640.5645 4582099.2295, 429610.8615 4582130.2195, 429547.5935 4582195.1655, 429466.1595 4582277.7735))","POLYGON ((2.15635021524075 41.3889388383742, 2.15619890749317 41.3890445578724, 2.15507057414477 41.388199949102, 2.15710369155767 41.3866613720326, 2.1573350304061 41.3864963293815, 2.15845678113399 41.3873460284452, 2.15809795050838 41.3876225461388, 2.15733374743366 41.3882019535315, 2.15635021524075 41.3889388383742))"
"02","Eixample","08","l'Antiga Esquerra de l'Eixample","041","099","POLYGON ((429375.2555 4582179.7155, 429358.3735 4582196.7855, 429262.3155 4582103.3375, 429423.7755 4581938.0185, 429545.8594 4582005.8086, 429526.6955 4582024.3195, 429375.2555 4582179.7155))","POLYGON ((2.15527446519535 41.3880476880177, 2.15507057414477 41.388199949102, 2.15393267688772 41.3873498543793, 2.1558828980371 41.3858750657617, 2.1573350304061 41.3864963293815, 2.15710369155767 41.3866613720326, 2.15527446519535 41.3880476880177))"
"02","Eixample","08","l'Antiga Esquerra de l'Eixample","041","100","POLYGON ((429278.9455 4582086.4475, 429262.3155 4582103.3375, 429167.8045 4582008.1255, 429303.8015 4581869.6575, 429423.7755 4581938.0185, 429278.9455 4582086.4475))","POLYGON ((2.15413353310054 41.3871991943308, 2.15393267688772 41.3873498543793, 2.15281351643711 41.3864839970559, 2.15445609242772 41.3852488275334, 2.1558828980371 41.3858750657617, 2.15413353310054 41.3871991943308))"
"02","Eixample","08","l'Antiga Esquerra de l'Eixample","041","101","POLYGON ((429398.3555 4582346.9715, 429360.2015 4582385.8715, 429313.6475 4582339.7615, 429280.133500001 4582307.6835, 429126.7335 4582157.7735, 429092.0715 4582123.5455, 429073.0775 4582105.5655, 429167.8045 4582008.1255, 429262.3155 4582103.3375, 429453.6235 4582289.6335, 429448.8175 4582294.1815, 429398.3555 4582346.9715))","POLYGON ((2.15553123606668 41.389556131863, 2.15507038582813 41.3899031405101, 2.15451898784185 41.3894837542238, 2.15412191314506 41.3891918931633, 2.15230483219489 41.3878282058133, 2.15189429973504 41.3875168717428, 2.15166924792476 41.3873532577843, 2.15281351643711 41.3864839970559, 2.15393267688772 41.3873498543793, 2.15619890749317 41.3890445578724, 2.15614089948744 41.3890850985898, 2.15553123606668 41.389556131863))"
"02","Eixample","08","l'Antiga Esquerra de l'Eixample","042","102","POLYGON ((429177.8035 4582574.0975, 429174.3935 4582577.5135, 429083.4335 4582488.8415, 429113.6635 4582468.2535, 429130.7095 4582455.3955, 429149.5435 4582440.1555, 429164.7115 4582426.8755, 429179.7555 4582412.5515, 429193.6395 4582398.3335, 429206.9275 4582383.9155, 429222.0815 4582366.0815, 429235.2095 4582349.6375, 429262.2155 4582312.1275, 429272.8125 4582300.4875, 429313.6475 4582339.7615, 429360.2015 4582385.8715, 429294.1295 4582454.1535, 429267.3975 4582481.2025, 429177.8035 4582574.0975))","POLYGON ((2.15286692521434 41.3915823846471, 2.1528257416392 41.3916128510448, 2.15174822811335 41.3908061995391, 2.15211218858444 41.3906234357152, 2.1523175627333 41.3905091304859, 2.15254459915108 41.3903735285685, 2.15272756040331 41.3902552563565, 2.15290916003173 41.3901275699943, 2.15307687311853 41.3900007359245, 2.15323748086338 41.3898720478167, 2.1534208041428 41.389712756987, 2.15357973362021 41.3895658068447, 2.15390709997041 41.3892303431193, 2.15403519626104 41.3891264376455, 2.15451898784185 41.3894837542238, 2.15507038582813 41.3899031405101, 2.15427220402415 41.3905123267298, 2.15394933166179 41.3907535969937, 2.15286692521434 41.3915823846471))"
"02","Eixample","08","l'Antiga Esquerra de l'Eixample","042","103","POLYGON ((429093.3055 4582482.1155, 429083.4335 4582488.8415, 428886.3035 4582295.8215, 428979.5135 4582200.3455, 429073.0775 4582105.5655, 429092.0715 4582123.5455, 429126.7335 4582157.7735, 429272.8125 4582300.4875, 429262.2155 4582312.1275, 429235.2095 4582349.6375, 429222.0815 4582366.0815, 429206.9275 4582383.9155, 429193.6395 4582398.3335, 429179.7555 4582412.5515, 429164.7115 4582426.8755, 429149.5435 4582440.1555, 429130.7095 4582455.3955, 429113.6635 4582468.2535, 429093.3055 4582482.1155))","POLYGON ((2.15186708468432 41.3907464912592, 2.15174822811335 41.3908061995391, 2.14941321423654 41.3890503341065, 2.15053916971174 41.3881986517394, 2.15166924792476 41.3873532577843, 2.15189429973504 41.3875168717428, 2.15230483219489 41.3878282058133, 2.15403519626104 41.3891264376455, 2.15390709997041 41.3892303431193, 2.15357973362021 41.3895658068447, 2.1534208041428 41.389712756987, 2.15323748086338 41.3898720478167, 2.15307687311853 41.3900007359245, 2.15290916003173 41.3901275699943, 2.15272756040331 41.3902552563565, 2.15254459915108 41.3903735285685, 2.1523175627333 41.3905091304859, 2.15211218858444 41.3906234357152, 2.15186708468432 41.3907464912592))"
"02","Eixample","08","l'Antiga Esquerra de l'Eixample","042","104","POLYGON ((428897.9975 4582475.6635, 428888.7035 4582485.2285, 428821.7365 4582419.8915, 428783.1095 4582381.4835, 428807.3345 4582376.4675, 428886.3035 4582295.8215, 428982.0005 4582389.4945, 428897.9975 4582475.6635))","POLYGON ((2.14953196026891 41.3906711387688, 2.14941968130214 41.3907564655469, 2.14862643470685 41.3901620758619, 2.14816897629035 41.3898127300515, 2.14845929231858 41.3897696973322, 2.14941321423654 41.3890503341065, 2.15054673726424 41.3899024676168, 2.14953196026891 41.3906711387688))"
"02","Eixample","08","l'Antiga Esquerra de l'Eixample","042","105","POLYGON ((429167.8795 4582583.6715, 429080.6725 4582673.3335, 428921.5095 4582517.5975, 428904.3195 4582501.1375, 428888.7035 4582485.2285, 428982.0005 4582389.4945, 429111.9895 4582516.8355, 429174.3935 4582577.5135, 429167.8795 4582583.6715))","POLYGON ((2.15274711300826 41.3916677402697, 2.1516936039684 41.3924676082328, 2.14980824223567 41.3910509010089, 2.14960458113481 41.3909011325473, 2.14941968130214 41.3907564655469, 2.15054673726424 41.3899024676168, 2.15208648175647 41.3910608486342, 2.1528257416392 41.3916128510448, 2.15274711300826 41.3916677402697))"
"02","Eixample","08","l'Antiga Esquerra de l'Eixample","043","106","POLYGON ((428924.3035 4582832.6345, 428908.7955 4582848.39, 428766.6069 4582802.1531, 428890.8765 4582674.9205, 428984.7635 4582579.7355, 429080.6725 4582673.3335, 428924.3035 4582832.6345))","POLYGON ((2.14980468735468 41.3938885694484, 2.1496173533844 41.3940291026395, 2.14792213288394 41.3936000826046, 2.14942339950395 41.392465143307, 2.1505574774274 41.3916161426092, 2.1516936039684 41.3924676082328, 2.14980468735468 41.3938885694484))"
"02","Eixample","08","l'Antiga Esquerra de l'Eixample","043","107","POLYGON ((428781.8915 4582786.2235, 428766.6069 4582802.1531, 428623.5526 4582755.6347, 428638.9575 4582739.8015, 428700.2955 4582678.7155, 428794.8935 4582581.0395, 428888.7035 4582485.2285, 428904.3195 4582501.1375, 428921.5095 4582517.5975, 428984.7635 4582579.7355, 428890.8765 4582674.9205, 428781.8915 4582786.2235))","POLYGON ((2.14810681771379 41.3934579643504, 2.14792213288394 41.3936000826046, 2.14621661409134 41.3931684255804, 2.14640272882918 41.3930271889896, 2.14714354719798 41.392482450621, 2.14828645122933 41.3916111001224, 2.14941968130214 41.3907564655469, 2.14960458113481 41.3909011325473, 2.14980824223567 41.3910509010089, 2.1505574774274 41.3916161426092, 2.14942339950395 41.392465143307, 2.14810681771379 41.3934579643504))"
"02","Eixample","08","l'Antiga Esquerra de l'Eixample","043","108","POLYGON ((428623.5615 4582755.6255, 428519.6895 4582721.8605, 428521.0275 4582716.0735, 428521.5835 4582710.6895, 428521.4935 4582705.3295, 428520.4795 4582699.1615, 428518.5155 4582693.2275, 428516.1075 4582688.4395, 428511.9435 4582682.6415, 428509.2389 4582679.9003, 428698.4735 4582486.0655, 428792.6485 4582391.1705, 428888.7035 4582485.2285, 428794.8935 4582581.0395, 428700.2955 4582678.7155, 428638.9575 4582739.8015, 428623.5615 4582755.6255))","POLYGON ((2.14621672162338 41.3931683435094, 2.1449783541293 41.3928550097652, 2.14499504009213 41.3928030073866, 2.14500232547772 41.3927545651718, 2.14500188164398 41.3927062817018, 2.14499048183303 41.3926506387631, 2.14496769212536 41.3925970189375, 2.14493945681778 41.3925536812281, 2.14489033848209 41.3925010907452, 2.14485831424009 41.3924761613978, 2.14714443487257 41.3907471628804, 2.14828192217305 41.3899008218115, 2.14941968130214 41.3907564655469, 2.14828645122933 41.3916111001224, 2.14714354719798 41.392482450621, 2.14640272882918 41.3930271889896, 2.14621672162338 41.3931683435094))"
"02","Eixample","08","l'Antiga Esquerra de l'Eixample","043","109","POLYGON ((428509.3065 4582679.8315, 428503.4172 4582674.9272, 428498.2475 4582671.8855, 428492.3015 4582669.5575, 428486.0735 4582668.1395, 428480.7695 4582667.6755, 428475.1355 4582667.9315, 428470.9035 4582668.6975, 428466.1795 4582670.0975, 428432.8885 4582569.1025, 428419.3035 4582519.9015, 428405.9975 4582461.5695, 428783.1095 4582381.4835, 428792.6485 4582391.1705, 428698.4735 4582486.0655, 428509.3065 4582679.8315))","POLYGON ((2.14485913087694 41.3924755477514, 2.14478927209057 41.3924308530773, 2.14472780011797 41.3924029980623, 2.14465695917422 41.392381502017, 2.1445826380309 41.3923681768754, 2.14451925555101 41.3923635261657, 2.14445184116304 41.3923653308382, 2.14440113483706 41.3923718535366, 2.1443444691654 41.3923840426478, 2.14395823367506 41.3914714577211, 2.14380157032805 41.3910271142173, 2.14364932516978 41.3905005558919, 2.14816897629035 41.3898127300515, 2.14828192217305 41.3899008218115, 2.14714443487257 41.3907471628804, 2.14485913087694 41.3924755477514))"
"02","Eixample","09","la Nova Esquerra de l'Eixample","044","110","POLYGON ((428783.1095 4582381.4835, 428405.9975 4582461.5695, 428395.4725 4582410.9165, 428433.9535 4582374.2895, 428443.6575 4582364.6135, 428485.9735 4582321.0515, 428507.6295 4582299.321, 428526.8015 4582279.1875, 428586.2155 4582218.4555, 428788.9115 4582012.1135, 428884.2295 4582106.9115, 428979.5135 4582200.3455, 428807.3345 4582376.4675, 428783.1095 4582381.4835))","POLYGON ((2.14816897629035 41.3898127300515, 2.14364932516978 41.3905005558919, 2.14352943491909 41.3900434067436, 2.14399398905011 41.3897169460722, 2.14411118982773 41.3896306613644, 2.14462242234264 41.3892420783131, 2.1448839862683 41.3890482850013, 2.14511565249487 41.3888686539363, 2.14583338179446 41.3883269406478, 2.14828178773739 41.3864864638596, 2.14941058716725 41.3873487072864, 2.15053916971174 41.3881986517394, 2.14845929231858 41.3897696973322, 2.14816897629035 41.3898127300515))"
"02","Eixample","09","la Nova Esquerra de l'Eixample","044","111","POLYGON ((428427.0435 4582380.8675, 428395.4725 4582410.9165, 428343.5725 4582148.7489, 428376.7524 4582172.1523, 428412.9615 4582206.7395, 428505.7635 4582110.3715, 428600.8705 4582203.5865, 428443.6575 4582364.6135, 428427.0435 4582380.8675))","POLYGON ((2.14391056969851 41.3897755767731, 2.14352943491909 41.3900434067436, 2.14293973170976 41.3876775410721, 2.14333377659937 41.3878912816444, 2.14376273012555 41.3882060187355, 2.1448839695122 41.3873463219356, 2.14601040128553 41.3881943220619, 2.14411118982773 41.3896306613644, 2.14391056969851 41.3897755767731))"
"02","Eixample","09","la Nova Esquerra de l'Eixample","044","112","POLYGON ((428505.7635 4582110.3715, 428412.9615 4582206.7395, 428376.7524 4582172.1523, 428343.5725 4582148.7489, 428326.6175 4582029.6615, 428316.4105 4581920.2512, 428410.8125 4582016.9135, 428505.7635 4582110.3715))","POLYGON ((2.1448839695122 41.3873463219356, 2.14376273012555 41.3882060187355, 2.14333377659937 41.3878912816444, 2.14293973170976 41.3876775410721, 2.14275104925443 41.3866034554251, 2.14264192714752 41.385617128653, 2.14375946136304 41.386496136212, 2.1448839695122 41.3873463219356))"
"02","Eixample","09","la Nova Esquerra de l'Eixample","044","113","POLYGON ((428620.9705 4582183.1935, 428600.8705 4582203.5865, 428410.8125 4582016.9135, 428505.0155 4581920.9205, 428693.9675 4582108.8495, 428620.9705 4582183.1935))","POLYGON ((2.14625319035006 41.388012433772, 2.14601040128553 41.3881943220619, 2.14375946136304 41.386496136212, 2.14489738139128 41.3856399409078, 2.14713494726033 41.3873493190366, 2.14625319035006 41.388012433772))"
"02","Eixample","09","la Nova Esquerra de l'Eixample","044","114","POLYGON ((428695.4455 4582107.3415, 428693.9675 4582108.8495, 428505.0155 4581920.9205, 428599.1655 4581824.5235, 428693.6765 4581918.6755, 428788.9115 4582012.1135, 428695.4455 4582107.3415))","POLYGON ((2.1471528006876 41.3873358680513, 2.14713494726033 41.3873493190366, 2.14489738139128 41.3856399409078, 2.14603468535087 41.3847800905531, 2.14715385066571 41.3856364658952, 2.14828178773739 41.3864864638596, 2.1471528006876 41.3873358680513))"
"02","Eixample","09","la Nova Esquerra de l'Eixample","045","115","POLYGON ((428800.3815 4582000.3795, 428788.9115 4582012.1135, 428693.6765 4581918.6755, 428764.3935 4581846.9975, 428787.0275 4581823.6575, 428882.4705 4581917.1895, 428800.3815 4582000.3795))","POLYGON ((2.14842033883574 41.3863817952785, 2.14828178773739 41.3864864638596, 2.14715385066571 41.3856364658952, 2.14800798622509 41.3849971533962, 2.14828140797446 41.3847889423769, 2.14941182190515 41.3856397944246, 2.14842033883574 41.3863817952785))"
"02","Eixample","09","la Nova Esquerra de l'Eixample","045","116","POLYGON ((428893.7755 4582096.6775, 428884.2295 4582106.9115, 428788.9115 4582012.1135, 428882.4705 4581917.1895, 428977.7705 4582011.4525, 428934.8655 4582054.5815, 428893.7755 4582096.6775))","POLYGON ((2.14952595248717 41.3872573772467, 2.14941058716725 41.3873487072864, 2.14828178773739 41.3864864638596, 2.14941182190515 41.3856397944246, 2.15054046944879 41.3864972067517, 2.15002230028701 41.386881864916, 2.14952595248717 41.3872573772467))"
"02","Eixample","09","la Nova Esquerra de l'Eixample","045","117","POLYGON ((429073.0775 4582105.5655, 428979.5135 4582200.3455, 428884.2295 4582106.9115, 428893.7755 4582096.6775, 428934.8655 4582054.5815, 428977.7705 4582011.4525, 429030.1235 4582063.2195, 429058.9115 4582092.1895, 429073.0775 4582105.5655))","POLYGON ((2.15166924792476 41.3873532577843, 2.15053916971174 41.3881986517394, 2.14941058716725 41.3873487072864, 2.14952595248717 41.3872573772467, 2.15002230028701 41.386881864916, 2.15054046944879 41.3864972067517, 2.15116050585795 41.3869680740433, 2.15150139781218 41.3872315357657, 2.15166924792476 41.3873532577843))"
"02","Eixample","09","la Nova Esquerra de l'Eixample","045","118","POLYGON ((429073.1175 4582105.5275, 429058.9115 4582092.1895, 429030.1235 4582063.2195, 428977.7705 4582011.4525, 428994.9875 4581994.2655, 429182.0675 4581803.3945, 429303.8015 4581869.6575, 429167.8045 4582008.1255, 429073.1175 4582105.5275))","POLYGON ((2.1516697307487 41.3873529190589, 2.15150139781218 41.3872315357657, 2.15116050585795 41.3869680740433, 2.15054046944879 41.3864972067517, 2.15074838558734 41.3863439294928, 2.15300802155188 41.3846413128255, 2.15445609242772 41.3852488275334, 2.15281351643711 41.3864839970559, 2.1516697307487 41.3873529190589))"
"02","Eixample","09","la Nova Esquerra de l'Eixample","045","119","POLYGON ((428994.9875 4581994.2655, 428977.7705 4582011.4525, 428882.4705 4581917.1895, 428976.6035 4581821.1645, 429072.2045 4581915.2515, 428994.9875 4581994.2655))","POLYGON ((2.15074838558734 41.3863439294928, 2.15054046944879 41.3864972067517, 2.14941182190515 41.3856397944246, 2.1505488202256 41.3847832478491, 2.151681088552 41.3856390905203, 2.15074838558734 41.3863439294928))"
"02","Eixample","09","la Nova Esquerra de l'Eixample","045","120","POLYGON ((428903.5035 4581895.7315, 428882.4705 4581917.1895, 428787.0275 4581823.6575, 428881.4795 4581727.3895, 428976.6035 4581821.1645, 428903.5035 4581895.7315))","POLYGON ((2.14966587472728 41.3854483890809, 2.14941182190515 41.3856397944246, 2.14828140797446 41.3847889423769, 2.1494222492915 41.3839302464323, 2.1505488202256 41.3847832478491, 2.14966587472728 41.3854483890809))"
"02","Eixample","09","la Nova Esquerra de l'Eixample","045","121","POLYGON ((429088.4815 4581898.5955, 429072.2045 4581915.2515, 428881.4795 4581727.3895, 428785.6395 4581634.7985, 428818.2925 4581601.7195, 428899.8515 4581646.4925, 428919.5615 4581657.6035, 428931.2775 4581664.5775, 428939.6942 4581668.9342, 429059.4675 4581736.6905, 429182.0675 4581803.3945, 429088.4815 4581898.5955))","POLYGON ((2.15187769563887 41.385490510796, 2.151681088552 41.3856390905203, 2.1494222492915 41.3839302464323, 2.14828700630709 41.3830878346259, 2.14868137580036 41.3827927936051, 2.14965144794243 41.3832032599133, 2.1498858486718 41.3833050743731, 2.15002513795801 41.3833689217477, 2.15012527929164 41.3834089044562, 2.15154967318955 41.3840297317919, 2.15300802155188 41.3846413128255, 2.15187769563887 41.385490510796))"
"02","Eixample","09","la Nova Esquerra de l'Eixample","045","122","POLYGON ((428787.8935 4581822.7655, 428787.0275 4581823.6575, 428692.0535 4581729.7095, 428759.1915 4581661.0275, 428785.6395 4581634.7985, 428881.4795 4581727.3895, 428787.8935 4581822.7655))","POLYGON ((2.14829186921673 41.3847809851142, 2.14828140797446 41.3847889423769, 2.14715668112319 41.3839343741904, 2.14796764195347 41.383321728247, 2.14828700630709 41.3830878346259, 2.1494222492915 41.3839302464323, 2.14829186921673 41.3847809851142))"
"02","Eixample","09","la Nova Esquerra de l'Eixample","045","123","POLYGON ((428713.5955 4581898.6635, 428693.6765 4581918.6755, 428599.1655 4581824.5235, 428615.2145 4581807.7675, 428624.5435 4581798.6455, 428692.0535 4581729.7095, 428787.0275 4581823.6575, 428713.5955 4581898.6635))","POLYGON ((2.14739441753715 41.3854579904793, 2.14715385066571 41.3856364658952, 2.14603468535087 41.3847800905531, 2.14622858767125 41.384630599659, 2.14634122645573 41.3845492688878, 2.14715668112319 41.3839343741904, 2.14828140797446 41.3847889423769, 2.14739441753715 41.3854579904793))"
"02","Eixample","09","la Nova Esquerra de l'Eixample","046","124","POLYGON ((428599.1655 4581824.5235, 428505.0155 4581920.9205, 428409.9415 4581826.8235, 428503.9125 4581730.8635, 428599.1655 4581824.5235))","POLYGON ((2.14603468535087 41.3847800905531, 2.14489738139128 41.3856399409078, 2.14377150665238 41.3847839891656, 2.14490661797301 41.3839280698023, 2.14603468535087 41.3847800905531))"
"02","Eixample","09","la Nova Esquerra de l'Eixample","046","125","POLYGON ((428505.0155 4581920.9205, 428410.8125 4582016.9135, 428316.4105 4581920.2512, 428305.6835 4581747.376, 428336.7837 4581754.8246, 428505.0155 4581920.9205))","POLYGON ((2.14489738139128 41.3856399409078, 2.14375946136304 41.386496136212, 2.14264192714752 41.385617128653, 2.14253409916743 41.3840591507376, 2.14290513744888 41.3841290084354, 2.14489738139128 41.3856399409078))"
"02","Eixample","09","la Nova Esquerra de l'Eixample","046","126","POLYGON ((428503.7375 4581731.0455, 428409.9415 4581826.8235, 428336.7837 4581754.8246, 428305.6835 4581747.376, 428294.244 4581563.0184, 428316.2434 4581545.3235, 428503.9125 4581730.8635, 428503.7375 4581731.0455))","POLYGON ((2.14490450372045 41.3839296934569, 2.14377150665238 41.3847839891656, 2.14290513744888 41.3841290084354, 2.14253409916743 41.3840591507376, 2.1424191140832 41.382397691147, 2.14268428580259 41.3822402801617, 2.14490661797301 41.3839280698023, 2.14490450372045 41.3839296934569))"
"02","Eixample","09","la Nova Esquerra de l'Eixample","046","127","POLYGON ((428615.2145 4581807.7675, 428599.1655 4581824.5235, 428503.9125 4581730.8635, 428316.2434 4581545.3235, 428294.244 4581563.0184, 428282.6757 4581376.5858, 428292.4397 4581366.591, 428325.2287 4581367.677, 428596.1575 4581636.9905, 428692.0535 4581729.7095, 428624.5435 4581798.6455, 428615.2145 4581807.7675))","POLYGON ((2.14622858767125 41.384630599659, 2.14603468535087 41.3847800905531, 2.14490661797301 41.3839280698023, 2.14268428580259 41.3822402801617, 2.1424191140832 41.382397691147, 2.14230283949388 41.3807175307837, 2.14242078132522 41.3806283815639, 2.14281274745174 41.3806410843286, 2.14602081309179 41.3830907824916, 2.14715668112319 41.3839343741904, 2.14634122645573 41.3845492688878, 2.14622858767125 41.384630599659))"
"02","Eixample","09","la Nova Esquerra de l'Eixample","046","128","POLYGON ((428711.9055 4581709.4075, 428692.0535 4581729.7095, 428596.1575 4581636.9905, 428696.9085 4581533.9875, 428734.1275 4581555.3855, 428818.2925 4581601.7195, 428789.9115 4581630.5615, 428759.1915 4581661.0275, 428711.9055 4581709.4075))","POLYGON ((2.14739647452111 41.3837532807943, 2.14715668112319 41.3839343741904, 2.14602081309179 41.3830907824916, 2.14723777231138 41.382172007264, 2.14768033582173 41.3823680290084, 2.14868137580036 41.3827927936051, 2.14833859130421 41.3830500516222, 2.14796764195347 41.383321728247, 2.14739647452111 41.3837532807943))"
"02","Eixample","09","la Nova Esquerra de l'Eixample","046","129","POLYGON ((428696.9085 4581533.9875, 428596.1575 4581636.9905, 428325.2287 4581367.677, 428358.4877 4581372.9811, 428448.406 4581407.671, 428489.1260355 4581431.2648415, 428530.6422285 4581453.8394685, 428570.8057 4581469.703, 428629.6005 4581495.8755, 428637.9875 4581500.3835, 428696.9085 4581533.9875))","POLYGON ((2.14723777231138 41.382172007264, 2.14602081309179 41.3830907824916, 2.14281274745174 41.3806410843286, 2.14320983540986 41.380691818485, 2.14428099412192 41.3810122590816, 2.14476514780395 41.3812283803992, 2.14525894558712 41.3814353907303, 2.14573736133204 41.3815818344713, 2.14643736458144 41.3818227783302, 2.14653712832735 41.3818641241982, 2.14723777231138 41.382172007264))"
"02","Eixample","09","la Nova Esquerra de l'Eixample","047","130","POLYGON ((428468.7095 4581385.1275, 428448.406 4581407.671, 428358.4877 4581372.9811, 428325.2287 4581367.677, 428292.4397 4581366.591, 428492.5036 4581161.7994, 428592.7875 4581257.9485, 428468.7095 4581385.1275))","POLYGON ((2.14452644821407 41.3808110233279, 2.14428099412192 41.3810122590816, 2.14320983540986 41.380691818485, 2.14281274745174 41.3806410843286, 2.14242078132522 41.3806283815639, 2.1448373327981 41.3788017030897, 2.1460251777387 41.3796765893314, 2.14452644821407 41.3808110233279))"
"02","Eixample","09","la Nova Esquerra de l'Eixample","047","131","POLYGON ((428685.4378 4581164.1669, 428592.7875 4581257.9485, 428492.5036 4581161.7994, 428583.1189 4581069.0427, 428685.4378 4581164.1669))","POLYGON ((2.14714412093895 41.3788401488706, 2.1460251777387 41.3796765893314, 2.1448373327981 41.3788017030897, 2.14593182128267 41.3779743243555, 2.14714412093895 41.3788401488706))"
"02","Eixample","09","la Nova Esquerra de l'Eixample","047","132","POLYGON ((428687.8505 4581351.0715, 428592.7875 4581257.9485, 428685.4378 4581164.1669, 428780.1334 4581256.6805, 428719.2515 4581319.6935, 428687.8505 4581351.0715))","POLYGON ((2.14715097851402 41.3805237457695, 2.1460251777387 41.3796765893314, 2.14714412093895 41.3788401488706, 2.14826560043957 41.3796817733139, 2.1475301658303 41.3802439177985, 2.14715097851402 41.3805237457695))"
"02","Eixample","09","la Nova Esquerra de l'Eixample","047","133","POLYGON ((428687.7935 4581351.1285, 428570.8057 4581469.703, 428530.6422285 4581453.8394685, 428489.1260355 4581431.2648415, 428448.406 4581407.671, 428468.7095 4581385.1275, 428592.7875 4581257.9485, 428687.7935 4581351.1285))","POLYGON ((2.14715029019441 41.3805242540961, 2.14573736133204 41.3815818344713, 2.14525894558712 41.3814353907303, 2.14476514780395 41.3812283803992, 2.14428099412192 41.3810122590816, 2.14452644821407 41.3808110233279, 2.1460251777387 41.3796765893314, 2.14715029019441 41.3805242540961))"
"02","Eixample","09","la Nova Esquerra de l'Eixample","047","134","POLYGON ((428784.0625 4581444.6455, 428696.9085 4581533.9875, 428637.9875 4581500.3835, 428629.6005 4581495.8755, 428570.8057 4581469.703, 428687.7935 4581351.1285, 428784.0625 4581444.6455))","POLYGON ((2.14829049555927 41.3813750550474, 2.14723777231138 41.382172007264, 2.14653712832735 41.3818641241982, 2.14643736458144 41.3818227783302, 2.14573736133204 41.3815818344713, 2.14715029019441 41.3805242540961, 2.14829049555927 41.3813750550474))"
"02","Eixample","09","la Nova Esquerra de l'Eixample","047","135","POLYGON ((428948.8575 4581467.4455, 428879.0595 4581538.6395, 428784.0625 4581444.6455, 428687.7935 4581351.1285, 428719.2515 4581319.6935, 428780.1334 4581256.6805, 428876.9465 4581349.9125, 428972.7695 4581442.8505, 428948.8575 4581467.4455))","POLYGON ((2.15025848565744 41.3815949763478, 2.1494154635491 41.382230028587, 2.14829049555927 41.3813750550474, 2.14715029019441 41.3805242540961, 2.1475301658303 41.3802439177985, 2.14826560043957 41.3796817733139, 2.14941234585637 41.3805300445366, 2.15054731565767 41.3813755691316, 2.15025848565744 41.3815949763478))"
"02","Eixample","09","la Nova Esquerra de l'Eixample","047","136","POLYGON ((428829.0915 4581590.2055, 428818.2925 4581601.7195, 428734.1275 4581555.3855, 428696.9085 4581533.9875, 428784.0625 4581444.6455, 428879.0595 4581538.6395, 428829.0915 4581590.2055))","POLYGON ((2.14881186832491 41.3826900464989, 2.14868137580036 41.3827927936051, 2.14768033582173 41.3823680290084, 2.14723777231138 41.382172007264, 2.14829049555927 41.3813750550474, 2.1494154635491 41.382230028587, 2.14881186832491 41.3826900464989))"
"02","Eixample","09","la Nova Esquerra de l'Eixample","048","137","POLYGON ((428955.918 4581652.1513, 428939.6942 4581668.9342, 428931.2775 4581664.5775, 428919.5615 4581657.6035, 428886.2655 4581638.9055, 428818.2925 4581601.7195, 428829.0915 4581590.2055, 428879.0595 4581538.6395, 428972.7695 4581442.8505, 429068.015 4581537.738, 428955.918 4581652.1513))","POLYGON ((2.1503212617523 41.3832591796619, 2.15012527929164 41.3834089044562, 2.15002513795801 41.3833689217477, 2.1498858486718 41.3833050743731, 2.14948986875224 41.383133725728, 2.14868137580036 41.3827927936051, 2.14881186832491 41.3826900464989, 2.1494154635491 41.382230028587, 2.15054731565767 41.3813755691316, 2.15167518066985 41.3822385902381, 2.1503212617523 41.3832591796619))"
"02","Eixample","09","la Nova Esquerra de l'Eixample","048","138","POLYGON ((429193.2475 4581791.9635, 429182.0675 4581803.3945, 429059.4675 4581736.6905, 428939.6942 4581668.9342, 429068.015 4581537.738, 429258.5825 4581724.7895, 429193.2475 4581791.9635))","POLYGON ((2.15314305771886 41.384539341901, 2.15300802155188 41.3846413128255, 2.15154967318955 41.3840297317919, 2.15012527929164 41.3834089044562, 2.15167518066985 41.3822385902381, 2.15393223298062 41.3839400768583, 2.15314305771886 41.384539341901))"
"02","Eixample","09","la Nova Esquerra de l'Eixample","048","139","POLYGON ((429354.7203 4581817.6621, 429303.8015 4581869.6575, 429182.0675 4581803.3945, 429213.1835 4581771.7195, 429351.6525 4581629.0415, 429447.1935 4581723.2335, 429354.7203 4581817.6621))","POLYGON ((2.15507109293497 41.3847849961, 2.15445609242772 41.3852488275334, 2.15300802155188 41.3846413128255, 2.15338383473176 41.3843587656876, 2.15505639844683 41.3830858860158, 2.1561879677989 41.3839426252982, 2.15507109293497 41.3847849961))"
"02","Eixample","09","la Nova Esquerra de l'Eixample","048","140","POLYGON ((429351.6525 4581629.0415, 429258.5825 4581724.7895, 429068.015 4581537.738, 429161.1395 4581441.6955, 429256.9485 4581534.6125, 429351.6525 4581629.0415))","POLYGON ((2.15505639844683 41.3830858860158, 2.15393223298062 41.3839400768583, 2.15167518066985 41.3822385902381, 2.15280003177874 41.3813817735379, 2.15393489568436 41.3822270747798, 2.15505639844683 41.3830858860158))"
"02","Eixample","09","la Nova Esquerra de l'Eixample","048","141","POLYGON ((429161.1395 4581441.6955, 429068.015 4581537.738, 428972.7695 4581442.8505, 429065.7495 4581347.9755, 429161.1395 4581441.6955))","POLYGON ((2.15280003177874 41.3813817735379, 2.15167518066985 41.3822385902381, 2.15054731565767 41.3813755691316, 2.15167030171786 41.380529265857, 2.15280003177874 41.3813817735379))"
"02","Eixample","09","la Nova Esquerra de l'Eixample","049","142","POLYGON ((429350.6255 4581440.3335, 429256.9485 4581534.6125, 429161.1395 4581441.6955, 429065.7495 4581347.9755, 429143.6975 4581268.0415, 429158.8455 4581252.1415, 429188.8935 4581281.9115, 429350.6255 4581440.3335))","POLYGON ((2.15506611865239 41.3813861674613, 2.15393489568436 41.3822270747798, 2.15280003177874 41.3813817735379, 2.15167030171786 41.380529265857, 2.15261175956652 41.3798161960686, 2.15279475788206 41.3796743240508, 2.15315059254287 41.3799450971771, 2.15506611865239 41.3813861674613))"
"02","Eixample","09","la Nova Esquerra de l'Eixample","049","143","POLYGON ((429540.7855 4581626.4495, 429447.1935 4581723.2335, 429351.6525 4581629.0415, 429256.9485 4581534.6125, 429350.6255 4581440.3335, 429540.7855 4581626.4495))","POLYGON ((2.15731846701739 41.3830791269523, 2.1561879677989 41.3839426252982, 2.15505639844683 41.3830858860158, 2.15393489568436 41.3822270747798, 2.15506611865239 41.3813861674613, 2.15731846701739 41.3830791269523))"
"02","Eixample","09","la Nova Esquerra de l'Eixample","049","144","POLYGON ((429644.5675 4581521.0785, 429540.7855 4581626.4495, 429350.6255 4581440.3335, 429439.5735 4581346.9945, 429452.4455 4581334.0095, 429644.5675 4581521.0785))","POLYGON ((2.15857178995367 41.3821391679937, 2.15731846701739 41.3830791269523, 2.15506611865239 41.3813861674613, 2.15614065298635 41.3805533001833, 2.15629608980531 41.3804374773854, 2.15857178995367 41.3821391679937))"
"02","Eixample","09","la Nova Esquerra de l'Eixample","049","145","POLYGON ((429439.5735 4581346.9945, 429350.6255 4581440.3335, 429188.8935 4581281.9115, 429158.8455 4581252.1415, 429174.5455 4581236.5275, 429214.7965 4581195.3595, 429261.4995 4581146.9635, 429452.4455 4581334.0095, 429439.5735 4581346.9945))","POLYGON ((2.15614065298635 41.3805533001833, 2.15506611865239 41.3813861674613, 2.15315059254287 41.3799450971771, 2.15279475788206 41.3796743240508, 2.15298432276351 41.3795350762235, 2.15347045039895 41.3791678320976, 2.15403456801349 41.3787360529346, 2.15629608980531 41.3804374773854, 2.15614065298635 41.3805533001833))"
"02","Eixample","09","la Nova Esquerra de l'Eixample","050","146","POLYGON ((429174.5455 4581236.5275, 429158.8455 4581252.1415, 429063.5575 4581158.2275, 429166.6815 4581054.2135, 429261.4995 4581146.9635, 429214.7965 4581195.3595, 429174.5455 4581236.5275))","POLYGON ((2.15298432276351 41.3795350762235, 2.15279475788206 41.3796743240508, 2.15166629947113 41.3788200780504, 2.15291159324389 41.37789234408, 2.15403456801349 41.3787360529346, 2.15347045039895 41.3791678320976, 2.15298432276351 41.3795350762235))"
"02","Eixample","09","la Nova Esquerra de l'Eixample","050","147","POLYGON ((428975.6915 4581439.8455, 428972.7695 4581442.8505, 428876.9465 4581349.9125, 429063.5575 4581158.2275, 429158.8455 4581252.1415, 429143.6975 4581268.0415, 429057.7155 4581356.2975, 429034.9235 4581379.1695, 428975.6915 4581439.8455))","POLYGON ((2.15058260993602 41.3813487620985, 2.15054731565767 41.3813755691316, 2.14941234585637 41.3805300445366, 2.15166629947113 41.3788200780504, 2.15279475788206 41.3796743240508, 2.15261175956652 41.3798161960686, 2.151573255948 41.380603510892, 2.15129802773954 41.3808075011031, 2.15058260993602 41.3813487620985))"
"02","Eixample","09","la Nova Esquerra de l'Eixample","050","148","POLYGON ((429063.5575 4581158.2275, 428876.9465 4581349.9125, 428780.1334 4581256.6805, 428685.4378 4581164.1669, 428583.1189 4581069.0427, 428773.9113 4580873.7417, 428791.2135 4580893.7055, 428831.4075 4580933.4175, 428864.6495 4580965.7295, 428887.5135 4580987.1595, 428954.7975 4581052.0675, 428967.8095 4581065.2235, 429063.5575 4581158.2275))","POLYGON ((2.15166629947113 41.3788200780504, 2.14941234585637 41.3805300445366, 2.14826560043957 41.3796817733139, 2.14714412093895 41.3788401488706, 2.14593182128267 41.3779743243555, 2.1482361988366 41.3762322273813, 2.14844074154439 41.3764135656101, 2.14891669291008 41.3767747935252, 2.14931038952746 41.3770687557421, 2.14958127112102 41.3772637891715, 2.15037821260058 41.3778543363159, 2.15053226342468 41.3779739765877, 2.15166629947113 41.3788200780504))"
"02","Eixample","09","la Nova Esquerra de l'Eixample","050","149","POLYGON ((429166.6815 4581054.2135, 429063.5575 4581158.2275, 428967.8095 4581065.2235, 428954.7975 4581052.0675, 428887.5135 4580987.1595, 428864.6495 4580965.7295, 428831.4075 4580933.4175, 428791.2135 4580893.7055, 428773.9113 4580873.7417, 428833.7515 4580821.5803, 428880.8897 4580773.4128, 428900.7381785 4580754.3572475, 428906.9536725 4580778.685635, 428923.622456 4580811.626326, 428935.941739 4580827.61801, 428970.4537995 4580863.220179, 429071.2865 4580959.7775, 429166.6815 4581054.2135))","POLYGON ((2.15291159324389 41.37789234408, 2.15166629947113 41.3788200780504, 2.15053226342468 41.3779739765877, 2.15037821260058 41.3778543363159, 2.14958127112102 41.3772637891715, 2.14931038952746 41.3770687557421, 2.14891669291008 41.3767747935252, 2.14844074154439 41.3764135656101, 2.1482361988366 41.3762322273813, 2.14895785178634 41.3757677219872, 2.14952714606515 41.375338061181, 2.14976671268566 41.375168188225, 2.14983817890287 41.3753878547663, 2.15003362798125 41.3756860126451, 2.15017905767516 41.3758311322277, 2.15058755539083 41.3761548357004, 2.15178194533227 41.3770333883351, 2.15291159324389 41.37789234408))"
"02","Eixample","10","Sant Antoni","051","150","POLYGON ((429086.4275 4580944.4735, 429071.2865 4580959.7775, 428970.4537995 4580863.220179, 428935.941739 4580827.61801, 428923.622456 4580811.626326, 428906.9536725 4580778.685635, 428900.7381785 4580754.3572475, 428911.6873 4580743.8455, 429002.8228 4580738.5856, 429256.6636 4580732.491, 429254.2176 4580739.1029, 429254.6938 4580773.1707, 429213.1255 4580815.6135, 429203.9215 4580825.5365, 429135.2595 4580894.7255, 429086.4275 4580944.4735))","POLYGON ((2.15196478409483 41.3768968848637, 2.15178194533227 41.3770333883351, 2.15058755539083 41.3761548357004, 2.15017905767516 41.3758311322277, 2.15003362798125 41.3756860126451, 2.14983817890287 41.3753878547663, 2.14976671268566 41.375168188225, 2.14989886556215 41.3750744797964, 2.15098919979553 41.3750351510147, 2.1540251162863 41.3750026133568, 2.15399509751529 41.3750619495122, 2.15399681551023 41.3753688286813, 2.15349481928967 41.375747441392, 2.15338360577824 41.3758360048538, 2.15255450699823 41.3764531233026, 2.15196478409483 41.3768968848637))"
"02","Eixample","10","Sant Antoni","051","151","POLYGON ((429181.2615 4581039.3735, 429166.6815 4581054.2135, 429071.2865 4580959.7775, 429135.2595 4580894.7255, 429203.9215 4580825.5365, 429213.0915 4580815.6505, 429348.6485 4580867.7475, 429289.7595 4580927.9235, 429271.6675 4580947.1215, 429255.4055 4580962.8155, 429229.3635 4580989.2215, 429203.8675 4581016.3735, 429181.2615 4581039.3735))","POLYGON ((2.15308766967021 41.3777599685518, 2.15291159324389 41.37789234408, 2.15178194533227 41.3770333883351, 2.15255450699823 41.3764531233026, 2.15338360577824 41.3758360048538, 2.15349440842222 41.3757477716479, 2.15510922591542 41.3762289046185, 2.15439804986433 41.376765717323, 2.15417947562219 41.3769370372963, 2.15398319144351 41.3770769583762, 2.15366871109964 41.3773124984102, 2.15336067018926 41.3775548045602, 2.15308766967021 41.3777599685518))"
"02","Eixample","10","Sant Antoni","051","152","POLYGON ((429275.3217095 4581132.878521, 429261.4995 4581146.9635, 429166.6815 4581054.2135, 429203.8675 4581016.3735, 429229.3635 4580989.2215, 429255.4055 4580962.8155, 429271.6675 4580947.1215, 429366.8745 4581039.9885, 429293.7215 4581114.7575, 429275.3217095 4581132.878521))","POLYGON ((2.15420149489874 41.3786104093203, 2.15403456801349 41.3787360529346, 2.15291159324389 41.37789234408, 2.15336067018926 41.3775548045602, 2.15366871109964 41.3773124984102, 2.15398319144351 41.3770769583762, 2.15417947562219 41.3769370372963, 2.15530708864228 41.377781821841, 2.15442362959844 41.3784488164394, 2.15420149489874 41.3786104093203))"
"02","Eixample","10","Sant Antoni","051","153","POLYGON ((429382.1385 4581024.2215, 429366.8745 4581039.9885, 429271.6675 4580947.1215, 429289.7595 4580927.9235, 429364.8928 4580851.0178, 429460.4435 4580944.4085, 429382.1385 4581024.2215))","POLYGON ((2.15549144698054 41.3776411534435, 2.15530708864228 41.377781821841, 2.15417947562219 41.3769370372963, 2.15439804986433 41.376765717323, 2.15530541417956 41.3760796517905, 2.15643707616782 41.376929172345, 2.15549144698054 41.3776411534435))"
"02","Eixample","10","Sant Antoni","051","154","POLYGON ((429364.8928 4580851.0178, 429348.6485 4580867.7475, 429213.0915 4580815.6505, 429254.6938 4580773.1707, 429254.2176 4580739.1029, 429256.6636 4580732.491, 429441.7092 4580731.3647, 429440.7992 4580774.4055, 429364.8928 4580851.0178))","POLYGON ((2.15530541417956 41.3760796517905, 2.15510922591542 41.3762289046185, 2.15349440842222 41.3757477716479, 2.15399681551023 41.3753688286813, 2.15399509751529 41.3750619495122, 2.1540251162863 41.3750026133568, 2.15623786035885 41.3750087146227, 2.15622196937881 41.3753962891831, 2.15530541417956 41.3760796517905))"
"02","Eixample","10","Sant Antoni","051","155","POLYGON ((429477.2035 4580927.3175, 429460.4435 4580944.4085, 429364.8928 4580851.0178, 429440.7992 4580774.4055, 429441.7092 4580731.3647, 429645.4976 4580728.4151, 429646.7935 4580753.6285, 429477.2035 4580927.3175))","POLYGON ((2.15663947206029 41.3767767083474, 2.15643707616782 41.376929172345, 2.15530541417956 41.3760796517905, 2.15622196937881 41.3753962891831, 2.15623786035885 41.3750087146227, 2.15867492734805 41.3749999902466, 2.15868749630888 41.3752271924965, 2.15663947206029 41.3767767083474))"
"02","Eixample","10","Sant Antoni","051","156","POLYGON ((429652.6855 4580938.7095, 429648.2905 4580943.1945, 429553.4435 4580849.4095, 429646.7935 4580753.6285, 429741.9655 4580847.4135, 429652.6855 4580938.7095))","POLYGON ((2.15873646810676 41.3768946721697, 2.15868339441849 41.3769346828801, 2.1575601629325 41.3760816944134, 2.15868749630888 41.3752271924965, 2.159814614325 41.3760801984593, 2.15873646810676 41.3768946721697))"
"02","Eixample","10","Sant Antoni","051","157","POLYGON ((429564.6835 4581028.8515, 429555.5275 4581038.2375, 429460.4435 4580944.4085, 429553.4435 4580849.4095, 429648.2905 4580943.1945, 429564.6835 4581028.8515))","POLYGON ((2.15767371093705 41.3776988535778, 2.1575631360393 41.3777825886911, 2.15643707616782 41.376929172345, 2.1575601629325 41.3760816944134, 2.15868339441849 41.3769346828801, 2.15767371093705 41.3776988535778))"
"02","Eixample","10","Sant Antoni","052","158","POLYGON ((429564.9895 4581220.5415, 429558.0875 4581227.4525, 429462.4705 4581133.3335, 429366.8745 4581039.9885, 429460.4435 4580944.4085, 429555.5275 4581038.2375, 429651.4585 4581131.9585, 429564.9895 4581220.5415))","POLYGON ((2.15765509254133 41.3794253688524, 2.15757175556337 41.3794870097237, 2.15643932679752 41.378630934776, 2.15530708864228 41.377781821841, 2.15643707616782 41.376929172345, 2.1575631360393 41.3777825886911, 2.15869936614222 41.3786350955006, 2.15765509254133 41.3794253688524))"
"02","Eixample","10","Sant Antoni","052","159","POLYGON ((429558.0875 4581227.4525, 429452.4455 4581334.0095, 429261.4995 4581146.9635, 429293.7215 4581114.7575, 429366.8745 4581039.9885, 429462.4705 4581133.3335, 429558.0875 4581227.4525))","POLYGON ((2.15757175556337 41.3794870097237, 2.15629608980531 41.3804374773854, 2.15403456801349 41.3787360529346, 2.15442362959844 41.3784488164394, 2.15530708864228 41.377781821841, 2.15643932679752 41.378630934776, 2.15757175556337 41.3794870097237))"
"02","Eixample","10","Sant Antoni","052","160","POLYGON ((429658.4525 4581506.9225, 429644.5675 4581521.0785, 429452.4455 4581334.0095, 429558.0875 4581227.4525, 429748.9825 4581414.4255, 429658.4525 4581506.9225))","POLYGON ((2.15873947614669 41.3820128836977, 2.15857178995367 41.3821391679937, 2.15629608980531 41.3804374773854, 2.15757175556337 41.3794870097237, 2.15983279499783 41.3811877036082, 2.15873947614669 41.3820128836977))"
"02","Eixample","10","Sant Antoni","052","161","POLYGON ((429747.803 4581226.395, 429653.2865 4581320.6885, 429558.0875 4581227.4525, 429594.5815 4581190.4375, 429651.4585 4581131.9585, 429747.803 4581226.395))","POLYGON ((2.15984048759952 41.3794940716224, 2.15869931804046 41.3803350842459, 2.15757175556337 41.3794870097237, 2.15801244912321 41.3791568219371, 2.15869936614222 41.3786350955006, 2.15984048759952 41.3794940716224))"
"02","Eixample","10","Sant Antoni","052","162","POLYGON ((429842.4065 4581320.1025, 429748.9825 4581414.4255, 429653.2865 4581320.6885, 429747.803 4581226.395, 429842.4065 4581320.1025))","POLYGON ((2.1609609043998 41.3803463189126, 2.15983279499783 41.3811877036082, 2.15869931804046 41.3803350842459, 2.15984048759952 41.3794940716224, 2.1609609043998 41.3803463189126))"
"02","Eixample","10","Sant Antoni","053","163","POLYGON ((429839.0435 4581704.6875, 429835.4845 4581708.5225, 429644.5675 4581521.0785, 429748.9825 4581414.4255, 429844.3345 4581508.6115, 429938.9325 4581602.6215, 429868.1295 4581675.3455, 429839.0435 4581704.6875))","POLYGON ((2.16087616034358 41.3838098564346, 2.16083315505015 41.3838440866208, 2.15857178995367 41.3821391679937, 2.15983279499783 41.3811877036082, 2.16096213588602 41.3820443259579, 2.16208250998921 41.3828992865409, 2.16122738884303 41.3835481187931, 2.16087616034358 41.3838098564346))"
"02","Eixample","10","Sant Antoni","053","164","POLYGON ((430162.1875 4581936.9845, 430117.0067 4581983.1555, 430027.6555 4581895.0075, 429931.3935 4581801.9295, 429835.4845 4581708.5225, 429912.3235 4581630.1555, 429946.9555 4581594.3195, 430033.2545 4581506.8905, 430063.8702 4581537.0042, 430102.8385 4581878.5225, 430162.1875 4581936.9845))","POLYGON ((2.16471378585589 41.3859301967194, 2.16416813604416 41.3863421201766, 2.16310974573555 41.3855404330908, 2.16196930582448 41.3846937316337, 2.16083315505015 41.3838440866208, 2.16176111908286 41.3831449586169, 2.16217941355236 41.3828252117666, 2.16322152195579 41.3820452767343, 2.1635841623338 41.3823191629763, 2.16401076696084 41.3853984940434, 2.16471378585589 41.3859301967194))"
"02","Eixample","10","Sant Antoni","053","165","POLYGON ((429946.9555 4581594.3195, 429938.9325 4581602.6215, 429844.3345 4581508.6115, 429748.9825 4581414.4255, 429842.4065 4581320.1025, 430033.2545 4581506.8905, 429946.9555 4581594.3195))","POLYGON ((2.16217941355236 41.3828252117666, 2.16208250998921 41.3828992865409, 2.16096213588602 41.3820443259579, 2.15983279499783 41.3811877036082, 2.1609609043998 41.3803463189126, 2.16322152195579 41.3820452767343, 2.16217941355236 41.3828252117666))"
"02","Eixample","10","Sant Antoni","054","166","POLYGON ((430055.2748 4581461.9054, 430063.8702 4581537.0042, 429842.4065 4581320.1025, 429747.803 4581226.395, 429839.2515 4581130.0715, 429937.2355 4581223.8435, 430032.3995 4581319.3875, 430038.9115 4581318.5767, 430055.2748 4581461.9054))","POLYGON ((2.16349004277616 41.3816420250847, 2.1635841623338 41.3823191629763, 2.1609609043998 41.3803463189126, 2.15984048759952 41.3794940716224, 2.16094517620707 41.3786344962221, 2.16210600948206 41.3794876081726, 2.16323294661345 41.3803564231882, 2.1633109115387 41.3803496868236, 2.16349004277616 41.3816420250847))"
"02","Eixample","10","Sant Antoni","054","167","POLYGON ((429839.2515 4581130.0715, 429747.803 4581226.395, 429555.5275 4581038.2375, 429648.2905 4580943.1945, 429743.4055 4581036.7205, 429839.2515 4581130.0715))","POLYGON ((2.16094517620707 41.3786344962221, 2.15984048759952 41.3794940716224, 2.1575631360393 41.3777825886911, 2.15868339441849 41.3769346828801, 2.15980988992652 41.3777853512041, 2.16094517620707 41.3786344962221))"
"02","Eixample","10","Sant Antoni","054","168","POLYGON ((430038.8555 4581318.5815, 430032.3995 4581319.3875, 429937.2355 4581223.8435, 429839.2515 4581130.0715, 429743.4055 4581036.7205, 429648.2905 4580943.1945, 429741.9655 4580847.4135, 429836.7275 4580941.1025, 430029.0006 4581130.038, 430018.6185 4581140.8275, 430038.8555 4581318.5815))","POLYGON ((2.16331024132952 41.3803497251864, 2.16323294661345 41.3803564231882, 2.16210600948206 41.3794876081726, 2.16094517620707 41.3786344962221, 2.15980988992652 41.3777853512041, 2.15868339441849 41.3769346828801, 2.159814614325 41.3760801984593, 2.16093687033485 41.3769322931438, 2.16321416364411 41.3786507170957, 2.16308877057782 41.3787469918146, 2.16331024132952 41.3803497251864))"
"02","Eixample","10","Sant Antoni","055","169","POLYGON ((430149.3206 4581004.9965, 430029.0006 4581130.038, 429932.3075 4581035.1015, 430100.8095 4580862.3475, 430115.1095 4580845.7595, 430117.8628 4580842.9928, 430215.1635 4580936.5699, 430149.3206 4581004.9965))","POLYGON ((2.16466733916987 41.3775349613261, 2.16321416364411 41.3786507170957, 2.16206890116078 41.3777872403327, 2.16410371279446 41.3762459539478, 2.16427661578863 41.3760977929919, 2.16430985693161 41.3760731132872, 2.16546254162302 41.3769243769942, 2.16466733916987 41.3775349613261))"
"02","Eixample","10","Sant Antoni","055","170","POLYGON ((430270.2868 4580879.2834, 430215.1635 4580936.5699, 430117.8628 4580842.9928, 430212.7895 4580747.0835, 430212.7108 4580720.9688, 430408.2894 4580718.4053, 430407.7631 4580739.6439, 430324.1135 4580823.3445, 430270.2868 4580879.2834))","POLYGON ((2.16612826915094 41.3764131936232, 2.16546254162302 41.3769243769942, 2.16430985693161 41.3760731132872, 2.16545597058245 41.3752175255815, 2.1654580360628 41.3749823116719, 2.1677968938828 41.3749761595711, 2.16778816252913 41.3751674037224, 2.16677832748319 41.375914031417, 2.16612826915094 41.3764131936232))"
"02","Eixample","10","Sant Antoni","055","171","POLYGON ((429966.1795 4580809.3895, 429930.6935 4580846.0275, 429911.1455 4580827.8515, 429832.9355 4580751.1165, 429832.7704 4580725.9566, 430212.7108 4580720.9688, 430212.7895 4580747.0835, 430117.8628 4580842.9928, 430102.6175 4580827.4475, 430023.2025 4580750.5745, 429966.1795 4580809.3895))","POLYGON ((2.16250001037625 41.3757572724988, 2.16207145904502 41.3760841703466, 2.16183981864648 41.3759187625415, 2.16091352017495 41.3752208192156, 2.16091445840231 41.3749941975893, 2.1654580360628 41.3749823116719, 2.16545597058245 41.3752175255815, 2.16430985693161 41.3760731132872, 2.16412935620831 41.3759317775678, 2.16318864029051 41.3752325047402, 2.16250001037625 41.3757572724988))"
"02","Eixample","10","Sant Antoni","055","172","POLYGON ((429943.2615 4581024.0205, 429932.3075 4581035.1015, 429836.7275 4580941.1025, 429891.4635 4580886.0175, 429930.6935 4580846.0275, 430023.2025 4580750.5745, 430102.6175 4580827.4475, 430117.8628 4580842.9928, 430115.1095 4580845.7595, 430100.8095 4580862.3475, 429943.2615 4581024.0205))","POLYGON ((2.16220116611093 41.3776883910493, 2.16206890116078 41.3777872403327, 2.16093687033485 41.3769322931438, 2.16159774721013 41.3764409307604, 2.16207145904502 41.3760841703466, 2.16318864029051 41.3752325047402, 2.16412935620831 41.3759317775678, 2.16430985693161 41.3760731132872, 2.16427661578863 41.3760977929919, 2.16410371279446 41.3762459539478, 2.16220116611093 41.3776883910493))"
"02","Eixample","10","Sant Antoni","055","173","POLYGON ((429836.7415 4580941.0875, 429646.7935 4580753.6285, 429645.4976 4580728.4151, 429832.7704 4580725.9566, 429832.9355 4580751.1165, 429911.1455 4580827.8515, 429930.6935 4580846.0275, 429891.4635 4580886.0175, 429836.7415 4580941.0875))","POLYGON ((2.16093703947612 41.3769321592643, 2.15868749630888 41.3752271924965, 2.15867492734805 41.3749999902466, 2.16091445840231 41.3749941975893, 2.16091352017495 41.3752208192156, 2.16183981864648 41.3759187625415, 2.16207145904502 41.3760841703466, 2.16159774721013 41.3764409307604, 2.16093703947612 41.3769321592643))"
"03","Sants-Montjuïc","11","el Poble-sec","056","001","POLYGON ((429645.4976 4580728.4151, 429563.9502 4580729.4857, 429477.6385 4580579.2475, 429646.4715 4580581.7555, 429673.0325 4580653.9945, 429700.6907 4580727.6906, 429645.4976 4580728.4151))","POLYGON ((2.15867492734805 41.3749999902466, 2.15769973011407 41.3750024994983, 2.15668516813674 41.373641793968, 2.15870359323629 41.3736791595097, 2.1590127996919 41.374332114535, 2.15933496262022 41.374998288193, 2.15867492734805 41.3749999902466))"
"03","Sants-Montjuïc","11","el Poble-sec","056","002","POLYGON ((429643.4455 4580573.0195, 429646.4715 4580581.7555, 429477.6385 4580579.2475, 429476.2795 4580576.6855, 429478.2525 4580505.5655, 429413.7535 4580503.6955, 429415.8855 4580410.6135, 429585.1985 4580415.1305, 429619.3255 4580508.6315, 429643.4455 4580573.0195))","POLYGON ((2.158668425567 41.373600212623, 2.15870359323629 41.3736791595097, 2.15668516813674 41.373641793968, 2.15666921678698 41.373618599779, 2.15670108095293 41.3729782179019, 2.15593010001899 41.372955721101, 2.15596642902104 41.3721175487561, 2.15799031222913 41.3721730628816, 2.15838750090331 41.3730181815686, 2.158668425567 41.373600212623))"
"03","Sants-Montjuïc","11","el Poble-sec","056","003","POLYGON ((429441.7092 4580731.3647, 429429.0508 4580731.4226, 429410.0006 4580707.0221, 429411.9265 4580596.9615, 429411.3505 4580576.9755, 429413.7535 4580503.6955, 429478.2525 4580505.5655, 429476.2795 4580576.6855, 429563.9502 4580729.4857, 429441.7092 4580731.3647))","POLYGON ((2.15623786035885 41.3750087146227, 2.15608649553998 41.3750081261614, 2.15586155136108 41.3747866880967, 2.1558973953346 41.3737955772838, 2.15589283534572 41.3736155193943, 2.15593010001899 41.372955721101, 2.15670108095293 41.3729782179019, 2.15666921678698 41.373618599779, 2.15769973011407 41.3750024994983, 2.15623786035885 41.3750087146227))"
"03","Sants-Montjuïc","11","el Poble-sec","056","004","POLYGON ((429429.0508 4580731.4226, 429256.6636 4580732.491, 429257.0735 4580730.8755, 429271.5795 4580695.2715, 429302.2235 4580617.3105, 429283.6519605 4580607.8056795, 429281.8984 4580611.3546, 429277.4233 4580609.1236, 429279.1712 4580605.5866, 429261.2483 4580596.7112, 429259.52262 4580600.20256, 429246.7706 4580593.847, 429286.0601 4580514.3511, 429287.628 4580512.7221, 429288.918 4580512.2501, 429290.3261 4580512.2771, 429293.9131 4580513.6401, 429295.2471 4580513.5561, 429297.1591 4580512.4861, 429298.0101 4580511.2971, 429305.5085 4580495.7795, 429335.945384 4580510.821197, 429350.1082915 4580498.696739, 429367.2075 4580502.5055, 429413.7535 4580503.6955, 429411.3505 4580576.9755, 429411.9265 4580596.9615, 429410.0006 4580707.0221, 429429.0508 4580731.4226))","POLYGON ((2.15608649553998 41.3750081261614, 2.1540251162863 41.3750026133568, 2.15403020604252 41.3749880991196, 2.15420781016694 41.3746687007694, 2.15458331441865 41.3739692244727, 2.15436236458563 41.373881986032, 2.15434098341285 41.3739137958981, 2.15428773527775 41.373893308771, 2.1543090473967 41.3738616057815, 2.15409578056766 41.3737800928153, 2.15407473938123 41.3738113866539, 2.15392300653309 41.3737530232355, 2.15440205961283 41.3730404830742, 2.15442099662476 41.3730259489683, 2.15443647589511 41.3730218111608, 2.1544533090548 41.3730221780561, 2.15449603897364 41.3730347692901, 2.15451199908706 41.3730341299264, 2.15453498519934 41.3730246607605, 2.15454529906551 41.3730140265888, 2.15463676512409 41.3728749233591, 2.15499893748759 41.373013071978, 2.15516969288504 41.3729051143629, 2.15537369988319 41.3729409194863, 2.15593010001899 41.372955721101, 2.15589283534572 41.3736155193943, 2.1558973953346 41.3737955772838, 2.15586155136108 41.3747866880967, 2.15608649553998 41.3750081261614))"
"03","Sants-Montjuïc","11","el Poble-sec","056","005","POLYGON ((429350.1082915 4580498.696739, 429335.945384 4580510.821197, 429277.1435 4580481.9575, 429252.9645 4580469.6695, 429212.3195 4580450.2735, 429316.8495 4580238.6155, 429319.2315 4580234.1035, 429321.4875 4580230.8235, 429324.4555 4580227.4875, 429327.8635 4580224.5755, 429331.5755 4580222.1115, 429334.4485 4580221.0475, 429339.7755 4580220.0955, 429344.383500001 4580219.9925, 429351.1675 4580220.3755, 429382.3055 4580225.5205, 429393.8015 4580226.1435, 429408.4415 4580225.9755, 429417.8095 4580224.8795, 429426.9855 4580222.9525, 429439.8095 4580219.5115, 429456.5535 4580213.6075, 429471.9295 4580209.5835, 429490.4095 4580204.2795, 429501.3375 4580201.8395, 429516.4655 4580199.9435, 429527.0295 4580199.2235, 429557.2415 4580199.0605, 429580.0095 4580199.4155, 429587.0855 4580198.5755, 429621.0115 4580190.3835, 429624.6255 4580200.3675, 429629.4135 4580211.5075, 429634.2535 4580221.1235, 429639.9735 4580231.3955, 429647.4495 4580243.3595, 429657.2735 4580257.7835, 429662.9495 4580264.3395, 429667.3405 4580268.5595, 429659.6235 4580272.8955, 429651.6655 4580278.5295, 429625.7495 4580290.7895, 429620.0575 4580296.7715, 429612.7535 4580305.1555, 429608.2115 4580308.0175, 429605.3175 4580307.9975, 429587.5515 4580289.6795, 429566.8065 4580312.6885, 429569.9615 4580316.4775, 429592.6875 4580348.3195, 429641.2655 4580402.5275, 429654.2365 4580416.4045, 429586.7415 4580415.1735, 429415.8855 4580410.6135, 429413.7535 4580503.6955, 429367.2075 4580502.5055, 429350.1082915 4580498.696739))","POLYGON ((2.15516969288504 41.3729051143629, 2.15499893748759 41.373013071978, 2.1542992249252 41.3727479410889, 2.15401155771019 41.3726351420476, 2.15352784303898 41.3724568748027, 2.15480234788137 41.3705597272472, 2.15483135378711 41.3705192983066, 2.15485870954939 41.3704899545182, 2.15489458469235 41.3704601688691, 2.15493567114615 41.3704342406729, 2.15498034006064 41.3704123741436, 2.15501481446183 41.370403043283, 2.15507861650528 41.3703949365984, 2.15513372303536 41.3703944134306, 2.15521478979622 41.370398458483, 2.15558648518836 41.3704475303794, 2.15572386213793 41.3704541500778, 2.15589892179373 41.3704539210781, 2.1560110559151 41.3704448713167, 2.15612099112481 41.3704283200609, 2.1562747189964 41.3703984523977, 2.15647560189798 41.3703467446501, 2.15665990963386 41.3703118492376, 2.15688147826442 41.3702656968983, 2.15701241997439 41.3702446778344, 2.15719351462501 41.3702289260572, 2.15731990417658 41.3702233662588, 2.1576811454534 41.3702245428488, 2.15795332423491 41.3702297325233, 2.15803802425415 41.3702227859597, 2.15844460307671 41.3701519703838, 2.15848665411237 41.3702422091199, 2.15854260776423 41.3703429622105, 2.15859936018048 41.3704299936327, 2.15866655817454 41.3705230103392, 2.1587545553442 41.370631419807, 2.15887034091525 41.3707621908614, 2.15893744464129 41.370821734726, 2.15898945552371 41.3708601266493, 2.15889668514146 41.3708985052556, 2.15880088255673 41.3709485533977, 2.15848959772771 41.3710567097688, 2.15842084744953 41.3711100900408, 2.15833254443917 41.3711849633502, 2.15827790604243 41.3712103432532, 2.15824330643714 41.37120991001, 2.15803301575841 41.3710433715632, 2.15778230719872 41.3712487911859, 2.15781958962501 41.3712831935891, 2.15808761412779 41.3715719726912, 2.15866214628672 41.372064455009, 2.15881562511242 41.3721905745582, 2.15800875628743 41.3721735851642, 2.15596642902104 41.3721175487561, 2.15593010001899 41.372955721101, 2.15537369988319 41.3729409194863, 2.15516969288504 41.3729051143629))"
"03","Sants-Montjuïc","11","el Poble-sec","056","006","POLYGON ((429786.0045 4580412.4825, 429755.4855 4580417.2955, 429654.2365 4580416.4045, 429641.2655 4580402.5275, 429592.6875 4580348.3195, 429569.9615 4580316.4775, 429566.8065 4580312.6885, 429587.5515 4580289.6795, 429605.3175 4580307.9975, 429608.2115 4580308.0175, 429612.7535 4580305.1555, 429620.0575 4580296.7715, 429625.7495 4580290.7895, 429651.6655 4580278.5295, 429659.6235 4580272.8955, 429667.3405 4580268.5595, 429690.9955 4580290.3875, 429695.9455 4580294.5795, 429705.9835 4580301.9795, 429719.3885 4580310.4235, 429727.025500001 4580314.4775, 429750.0255 4580324.4655, 429757.6835 4580327.4275, 429771.775500001 4580331.9185, 429770.1415 4580337.7895, 429769.3335 4580343.5595, 429769.0815 4580348.4735, 429769.3795 4580350.8595, 429786.0045 4580412.4825))","POLYGON ((2.16039157940321 41.3721667566191, 2.1600261177403 41.3722074427277, 2.15881562511242 41.3721905745582, 2.15866214628672 41.372064455009, 2.15808761412779 41.3715719726912, 2.15781958962501 41.3712831935891, 2.15778230719872 41.3712487911859, 2.15803301575841 41.3710433715632, 2.15824330643714 41.37120991001, 2.15827790604243 41.3712103432532, 2.15833254443917 41.3711849633502, 2.15842084744953 41.3711100900408, 2.15848959772771 41.3710567097688, 2.15880088255673 41.3709485533977, 2.15889668514146 41.3708985052556, 2.15898945552371 41.3708601266493, 2.15926975232984 41.37105879129, 2.15932845048175 41.3710969797063, 2.15944761106474 41.3711645059243, 2.15960690822552 41.3712417290145, 2.15969774972632 41.3712789089472, 2.15997159087915 41.3713708755519, 2.1600628103718 41.3713982217308, 2.16023078083815 41.3714399004912, 2.16021056386926 41.3714926361706, 2.16020023463889 41.3715445342468, 2.16019665237051 41.3715887711144, 2.16019993902154 41.3716102870714, 2.16039157940321 41.3721667566191))"
"03","Sants-Montjuïc","11","el Poble-sec","056","007","POLYGON ((429677.4555 4580580.6755, 429675.0545 4580582.1455, 429646.4715 4580581.7555, 429643.4455 4580573.0195, 429619.3255 4580508.6315, 429585.1985 4580415.1305, 429654.2365 4580416.4045, 429755.4855 4580417.2955, 429786.0045 4580412.4825, 429803.3695 4580473.7705, 429729.2225 4580495.0595, 429750.5415 4580525.9495, 429753.7615 4580531.2075, 429677.4555 4580580.6755))","POLYGON ((2.15907419082344 41.3736721402677, 2.15904531180261 41.3736851702854, 2.15870359323629 41.3736791595097, 2.158668425567 41.373600212623, 2.15838750090331 41.3730181815686, 2.15799031222913 41.3721730628816, 2.15881562511242 41.3721905745582, 2.1600261177403 41.3722074427277, 2.16039157940321 41.3721667566191, 2.16059210974043 41.3727202731288, 2.1597030873154 41.3729055458604, 2.15995441385369 41.3731856234611, 2.15999230549997 41.3732332616615, 2.15907419082344 41.3736721402677))"
"03","Sants-Montjuïc","11","el Poble-sec","056","008","POLYGON ((429702.7495 4580643.0615, 429673.0325 4580653.9945, 429646.4715 4580581.7555, 429675.0545 4580582.1455, 429753.7615 4580531.2075, 429750.5415 4580525.9495, 429729.2225 4580495.0595, 429803.3695 4580473.7705, 429840.3475 4580601.8105, 429809.5295 4580610.7365, 429798.0975 4580613.7075, 429732.7695 4580633.1755, 429702.7495 4580643.0615))","POLYGON ((2.15936939402708 41.3742362408404, 2.1590127996919 41.374332114535, 2.15870359323629 41.3736791595097, 2.15904531180261 41.3736851702854, 2.15999230549997 41.3732332616615, 2.15995441385369 41.3731856234611, 2.1597030873154 41.3729055458604, 2.16059210974043 41.3727202731288, 2.16101942719311 41.3738767135418, 2.16064990494847 41.3739544199585, 2.16051286908579 41.3739801816739, 2.15972948893402 41.3741498224801, 2.15936939402708 41.3742362408404))"
"03","Sants-Montjuïc","11","el Poble-sec","056","009","POLYGON ((429832.7704 4580725.9566, 429700.6907 4580727.6906, 429673.0325 4580653.9945, 429702.7495 4580643.0615, 429732.7695 4580633.1755, 429798.0975 4580613.7075, 429809.5295 4580610.7365, 429840.3475 4580601.8105, 429865.0219 4580684.9004, 429881.2504 4580712.0544, 429885.3551 4580725.2663, 429832.7704 4580725.9566))","POLYGON ((2.16091445840231 41.3749941975893, 2.15933496262022 41.374998288193, 2.1590127996919 41.374332114535, 2.15936939402708 41.3742362408404, 2.15972948893402 41.3741498224801, 2.16051286908579 41.3739801816739, 2.16064990494847 41.3739544199585, 2.16101942719311 41.3738767135418, 2.16130484421501 41.3746272287652, 2.16149574860375 41.3748732104184, 2.16154330081321 41.3749925634628, 2.16091445840231 41.3749941975893))"
"03","Sants-Montjuïc","11","el Poble-sec","057","010","POLYGON ((429936.0849 4580724.6003, 429885.3551 4580725.2663, 429881.2504 4580712.0544, 429865.0219 4580684.9004, 429840.3475 4580601.8105, 429895.1295 4580584.7365, 429963.6315 4580545.6995, 429983.3295 4580533.4075, 430015.0975 4580638.4855, 430039.3628 4580723.2445, 429936.0849 4580724.6003))","POLYGON ((2.16214996114056 41.3749909832717, 2.16154330081321 41.3749925634628, 2.16149574860375 41.3748732104184, 2.16130484421501 41.3746272287652, 2.16101942719311 41.3738767135418, 2.16167642648786 41.3737277073031, 2.16250000863101 41.3733820774625, 2.16273695428534 41.3732730811803, 2.16310466806546 41.3742222492634, 2.16338502628792 41.3749877570082, 2.16214996114056 41.3749909832717))"
"03","Sants-Montjuïc","11","el Poble-sec","057","011","POLYGON ((429895.1295 4580584.7365, 429840.3475 4580601.8105, 429803.3695 4580473.7705, 429859.0085 4580457.5635, 429933.8625 4580436.2885, 429928.9509 4580417.7245, 429965.8711 4580407.9825, 429971.5775 4580424.6935, 429976.8249 4580443.622, 429958.3007 4580449.6492, 429983.3295 4580533.4075, 429963.6315 4580545.6995, 429895.1295 4580584.7365))","POLYGON ((2.16167642648786 41.3737277073031, 2.16101942719311 41.3738767135418, 2.16059210974043 41.3727202731288, 2.16125924486827 41.3725791526863, 2.16215671036178 41.3723940554811, 2.16210012961339 41.3722264276891, 2.16254269635282 41.372141898041, 2.16260899535523 41.3722929053859, 2.16266955042174 41.3724638450935, 2.16244736617402 41.3725165183206, 2.16273695428534 41.3732730811803, 2.16250000863101 41.3733820774625, 2.16167642648786 41.3737277073031))"
"03","Sants-Montjuïc","11","el Poble-sec","057","012","POLYGON ((430193.4313 4580721.2219, 430039.3628 4580723.2445, 430015.0975 4580638.4855, 429983.3295 4580533.4075, 430089.7655 4580488.3635, 430134.1415 4580585.5205, 430184.6925 4580700.2055, 430193.4313 4580721.2219))","POLYGON ((2.16522747906597 41.374982919141, 2.16338502628792 41.3749877570082, 2.16310466806546 41.3742222492634, 2.16273695428534 41.3732730811803, 2.16401478592153 41.3728766364504, 2.16453418212882 41.3737555532892, 2.16512540844077 41.3747928728135, 2.16522747906597 41.374982919141))"
"03","Sants-Montjuïc","11","el Poble-sec","057","013","POLYGON ((430035.7655 4580511.2175, 429983.3295 4580533.4075, 429958.3007 4580449.6492, 429976.8249 4580443.622, 429971.5775 4580424.6935, 430177.3075 4580364.9835, 430198.3095 4580441.2935, 430143.4115 4580464.3355, 430143.7395 4580465.5215, 430035.7655 4580511.2175))","POLYGON ((2.16336648349095 41.3730777828513, 2.16273695428534 41.3732730811803, 2.16244736617402 41.3725165183206, 2.16266955042174 41.3724638450935, 2.16260899535523 41.3722929053859, 2.16507571435435 41.3717729898306, 2.1653180402034 41.3724621126171, 2.1646589870042 41.3726648817662, 2.16466277215018 41.372675592176, 2.16336648349095 41.3730777828513))"
"03","Sants-Montjuïc","11","el Poble-sec","057","014","POLYGON ((430181.4035 4580551.7075, 430130.5815 4580577.6645, 430089.7655 4580488.3635, 430143.7395 4580465.5215, 430143.4115 4580464.3355, 430198.3095 4580441.2935, 430177.3075 4580364.9835, 430220.7135 4580352.4775, 430290.2645 4580494.4245, 430238.6175 4580522.2155, 430181.4035 4580551.7075))","POLYGON ((2.16510318447507 41.3734551114799, 2.16449252092769 41.3736844876488, 2.16401478592153 41.3728766364504, 2.16466277215018 41.372675592176, 2.1646589870042 41.3726648817662, 2.1653180402034 41.3724621126171, 2.16507571435435 41.3717729898306, 2.16559614023697 41.3716641164884, 2.1664114083251 41.3729486174501, 2.16579067860488 41.3731944474398, 2.16510318447507 41.3734551114799))"
"03","Sants-Montjuïc","11","el Poble-sec","057","015","POLYGON ((430212.7108 4580720.9688, 430193.4313 4580721.2219, 430184.6925 4580700.2055, 430130.5815 4580577.6645, 430238.6175 4580522.2155, 430290.2645 4580494.4245, 430327.1125 4580475.5345, 430367.1575 4580584.6835, 430408.3875 4580699.3665, 430408.2894 4580718.4053, 430212.7108 4580720.9688))","POLYGON ((2.1654580360628 41.3749823116719, 2.16522747906597 41.374982919141, 2.16512540844077 41.3747928728135, 2.16449252092769 41.3736844876488, 2.16579067860488 41.3731944474398, 2.1664114083251 41.3729486174501, 2.16685416272527 41.3727816716844, 2.16732043378965 41.3737682096923, 2.16780025259439 41.3748046913198, 2.1677968938828 41.3749761595711, 2.1654580360628 41.3749823116719))"
"03","Sants-Montjuïc","11","el Poble-sec","057","016","POLYGON ((430592.3853 4580714.362, 430408.2894 4580718.4053, 430408.3875 4580699.3665, 430367.1575 4580584.6835, 430459.9735 4580547.1285, 430592.3853 4580714.362))","POLYGON ((2.16999862098924 41.3749556415394, 2.1677968938828 41.3749761595711, 2.16780025259439 41.3748046913198, 2.16732043378965 41.3737682096923, 2.16843453663277 41.3734379883773, 2.16999862098924 41.3749556415394))"
"03","Sants-Montjuïc","11","el Poble-sec","057","017","POLYGON ((430415.4715 4580565.1355, 430367.1575 4580584.6835, 430327.1125 4580475.5345, 430290.2645 4580494.4245, 430220.7135 4580352.4775, 430289.8175 4580332.5675, 430413.8685 4580489.4815, 430459.9735 4580547.1285, 430415.4715 4580565.1355))","POLYGON ((2.16790036490155 41.3735963255357, 2.16732043378965 41.3737682096923, 2.16685416272527 41.3727816716844, 2.1664114083251 41.3729486174501, 2.16559614023697 41.3716641164884, 2.16642467449111 41.3714907813411, 2.16788988190524 41.3729147939447, 2.16843453663277 41.3734379883773, 2.16790036490155 41.3735963255357))"
"03","Sants-Montjuïc","11","el Poble-sec","058","018","POLYGON ((430463.7995 4580545.6135, 430459.9735 4580547.1285, 430381.2775 4580448.2705, 430465.0625 4580405.4575, 430535.5535 4580368.6335, 430587.5695 4580496.4355, 430463.7995 4580545.6135))","POLYGON ((2.16848045741457 41.3734246738064, 2.16843453663277 41.3734379883773, 2.16750493105782 41.3725408002134, 2.16851163449571 41.3721624393861, 2.16935868946505 41.3718368635181, 2.16996599079509 41.3729924264743, 2.16848045741457 41.3734246738064))"
"03","Sants-Montjuïc","11","el Poble-sec","058","019","POLYGON ((430820.6636 4580694.2237, 430592.3853 4580714.362, 430459.9735 4580547.1285, 430654.8255 4580469.6415, 430687.9315 4580551.2075, 430705.2435 4580544.7765, 430764.9395 4580521.1435, 430787.1635 4580512.7915, 430829.1675 4580613.3815, 430852.1275 4580672.7735, 430858.7916 4580690.8691, 430820.6636 4580694.2237))","POLYGON ((2.17273048033786 41.3747939176425, 2.16999862098924 41.3749556415394, 2.16843453663277 41.3734379883773, 2.17077322219302 41.3727568985406, 2.17115973705504 41.3734943915981, 2.17136746991151 41.3734379602411, 2.17208394720947 41.3732302423811, 2.17235062976096 41.3731569298892, 2.1728413872509 41.3740665262943, 2.17310914534868 41.3746034259981, 2.17318676471409 41.3747669804153, 2.17273048033786 41.3747939176425))"
"03","Sants-Montjuïc","11","el Poble-sec","058","020","POLYGON ((430887.4099 4580688.3512, 430858.7916 4580690.8691, 430852.1275 4580672.7735, 430829.1675 4580613.3815, 430787.1635 4580512.7915, 430796.2615 4580508.6285, 430829.5735 4580495.1555, 430853.5495 4580484.9015, 430831.8735 4580429.8235, 430828.5815 4580418.5155, 430856.2535 4580412.5035, 430870.0015 4580408.5755, 430880.8975 4580404.6715, 430870.4315 4580283.0555, 430870.1795 4580276.8335, 430906.1961655 4580271.317097, 430899.302861 4580237.830392, 430883.675689 4580128.833921, 430898.5758935 4580124.4180365, 430903.951 4580139.648, 430907.034 4580146.782, 430914.757 4580166.822, 430912.516 4580167.231, 430922.992 4580198.622, 430920.387 4580199.7, 430922.88 4580203.55, 430922.672 4580203.598, 430950.641 4580249.07, 430954.947 4580246.428, 430964.368 4580260.43, 430971.52 4580271.822, 430973.456 4580273.694, 430978.464 4580277.342, 430993.249 4580285.094, 431007.013 4580304.77, 431011.98 4580312.215, 431009.386 4580314.056, 431023.998 4580336.91, 431024.591 4580337.706, 431025.391 4580337.194, 431030.246 4580344.78, 431029.304 4580345.384, 431106.757 4580470.188, 431107.67 4580469.624, 431112.232 4580476.98, 431111.3 4580477.562, 431117.418 4580486.828, 431095.9840165 4580500.2170165, 431048.4375 4580529.123, 431061.694336 4580550.6033125, 431058.7784 4580553.68, 431051.5553 4580566.7801, 431047.8657 4580581.2775, 431047.9475 4580596.2367, 431051.7955 4580610.6928, 431060.454 4580626.7337, 431071.6459 4580636.0999, 431054.4184 4580660.3041, 431044.2901 4580668.4938, 431035.1645 4580673.0225, 431026.6195 4580674.9195, 430887.4099 4580688.3512))","POLYGON ((2.17352924463482 41.3747467606571, 2.17318676471409 41.3747669804153, 2.17310914534868 41.3746034259981, 2.1728413872509 41.3740665262943, 2.17235062976096 41.3731569298892, 2.17245988827663 41.3731202173188, 2.17285973145238 41.3730017336189, 2.17314757746952 41.3729114390667, 2.17289468597534 41.3724135046723, 2.17285661470626 41.3723113738217, 2.1731881657134 41.3722596032587, 2.17335299397083 41.3722254058666, 2.17348371892133 41.3721911794727, 2.1733724474338 41.3710949197545, 2.17337014383443 41.3710388583147, 2.17380140401935 41.3709922662913, 2.17372280109481 41.3706900691791, 2.17354838130829 41.3697070267914, 2.17372703451159 41.3696685334857, 2.17378956482095 41.369806166947, 2.17382561293768 41.369870685542, 2.17391566762182 41.3700518431284, 2.17388882701309 41.3700553345252, 2.17401050463556 41.3703389636122, 2.17397923558993 41.370348449285, 2.17400860408769 41.370383339116, 2.17400611170182 41.3703837535874, 2.17433533987133 41.3707957070659, 2.17438712503721 41.3707722807085, 2.1744981720288 41.3708992009208, 2.17458238741272 41.3710024188921, 2.17460532197156 41.3710194455091, 2.1746647845899 41.3710527315036, 2.17484067851559 41.3711238193616, 2.17500300836723 41.3713022155722, 2.17506154917983 41.3713696963682, 2.17503032448484 41.3713860553926, 2.17520243309925 41.3715931473713, 2.1752094327791 41.3716003675412, 2.17521905627521 41.3715958246597, 2.17527624239519 41.3716645656969, 2.17526491059354 41.3716699250329, 2.17617680092998 41.372800633501, 2.17618778156384 41.3727956318638, 2.17624149253617 41.3728622757995, 2.17623028267058 41.3728674379364, 2.17630238151739 41.3729514178668, 2.17604457768502 41.3730701742059, 2.1754727843726 41.3733264501467, 2.17562885204774 41.3735210529563, 2.17559363656758 41.3735485140318, 2.17550578062038 41.3736658841552, 2.17546001534131 41.373796142042, 2.17545929192702 41.3739308823422, 2.17550365822423 41.3740614140317, 2.17560536378375 41.3742066316452, 2.1757381207726 41.3742919490198, 2.17552937777496 41.3745084736906, 2.17540734115558 41.3745813682268, 2.17529771017174 41.3746213749702, 2.17519532079879 41.3746377283948, 2.17352924463482 41.3747467606571))"
"03","Sants-Montjuïc","11","el Poble-sec","058","021","POLYGON ((430705.2435 4580544.7765, 430687.9315 4580551.2075, 430654.8255 4580469.6415, 430714.1815 4580446.6755, 430765.6815 4580424.6655, 430783.9095 4580424.9635, 430792.6295 4580424.4835, 430802.9175 4580423.2035, 430815.0135 4580421.2195, 430828.5815 4580418.5155, 430831.8735 4580429.8235, 430853.5495 4580484.9015, 430829.5735 4580495.1555, 430796.2615 4580508.6285, 430787.1635 4580512.7915, 430764.9395 4580521.1435, 430705.2435 4580544.7765))","POLYGON ((2.17136746991151 41.3734379602411, 2.17115973705504 41.3734943915981, 2.17077322219302 41.3727568985406, 2.17148555229772 41.3725551625105, 2.17210383714607 41.3723613566754, 2.17232174966893 41.372365608511, 2.17242606681039 41.3723620351715, 2.17254922334264 41.3723513911807, 2.17269407786677 41.3723345617533, 2.17285661470626 41.3723113738217, 2.17289468597534 41.3724135046723, 2.17314757746952 41.3729114390667, 2.17285973145238 41.3730017336189, 2.17245988827663 41.3731202173188, 2.17235062976096 41.3731569298892, 2.17208394720947 41.3732302423811, 2.17136746991151 41.3734379602411))"
"03","Sants-Montjuïc","11","el Poble-sec","058","022","POLYGON ((430610.6415 4580487.2435, 430587.5695 4580496.4355, 430535.5535 4580368.6335, 430465.0625 4580405.4575, 430381.2775 4580448.2705, 430289.8175 4580332.5675, 430225.9015 4580250.8715, 430214.1455 4580232.9355, 430209.8615 4580222.5735, 430214.2495 4580205.5655, 430220.3935 4580196.4215, 430231.1855 4580187.9655, 430246.3655 4580185.3155, 430255.9975 4580186.8115, 430266.1275 4580191.9615, 430276.9215 4580202.0955, 430287.0515 4580215.0535, 430292.0335 4580220.5355, 430299.8395 4580226.1835, 430355.8035 4580252.4315, 430371.2895 4580243.7475, 430410.6495 4580219.6915, 430443.6815 4580214.6995, 430597.1474985 4580240.6888185, 430668.0625 4580276.0755, 430753.1775 4580294.0325, 430771.3385 4580216.1175, 430811.7953 4580225.3451, 430824.8156 4580164.0296, 430845.4357 4580165.5505, 430841.9744 4580232.2616, 430865.8069805 4580237.549429, 430868.2626 4580237.8456, 430870.4315 4580283.0555, 430880.8975 4580404.6715, 430870.0015 4580408.5755, 430856.2535 4580412.5035, 430815.0135 4580421.2195, 430802.9175 4580423.2035, 430792.6295 4580424.4835, 430783.9095 4580424.9635, 430765.6815 4580424.6655, 430714.1815 4580446.6755, 430659.8295 4580467.6475, 430610.6415 4580487.2435))","POLYGON ((2.17024291016772 41.3729116263804, 2.16996599079509 41.3729924264743, 2.16935868946505 41.3718368635181, 2.16851163449571 41.3721624393861, 2.16750493105782 41.3725408002134, 2.16642467449111 41.3714907813411, 2.16566986388168 41.3707494315497, 2.16553136915915 41.370586868169, 2.16548134090102 41.3704931692919, 2.16553576284321 41.3703403637955, 2.16561027470077 41.3702585392012, 2.16574027994759 41.3701833140739, 2.16592208101802 41.3701607619924, 2.16603707171182 41.3701750706924, 2.16615759643329 41.3702223329139, 2.16628548717969 41.3703145419342, 2.16640511459861 41.3704321282318, 2.16646405071837 41.3704819344638, 2.16655673254265 41.3705334803335, 2.16722284213932 41.3707747326702, 2.16740899598485 41.3706978582771, 2.16788235979331 41.3704845969893, 2.16827787409586 41.3704424907522, 2.17010978939294 41.3706898166301, 2.17095362952561 41.3710146460312, 2.17196925114302 41.3711837069896, 2.17219528908751 41.3704835110769, 2.17267795164208 41.3705701001731, 2.17284062255695 41.3700189679281, 2.17308698843887 41.370034438141, 2.17303799503017 41.3706349887968, 2.17332234340335 41.3706846622143, 2.17335166996908 41.370687540663, 2.1733724474338 41.3710949197545, 2.17348371892133 41.3721911794727, 2.17335299397083 41.3722254058666, 2.1731881657134 41.3722596032587, 2.17269407786677 41.3723345617533, 2.17254922334264 41.3723513911807, 2.17242606681039 41.3723620351715, 2.17232174966893 41.372365608511, 2.17210383714607 41.3723613566754, 2.17148555229772 41.3725551625105, 2.17083328187618 41.3727393703056, 2.17024291016772 41.3729116263804))"
"03","Sants-Montjuïc","11","el Poble-sec","059","023","POLYGON ((430077.6375 4580393.9115, 430063.7935 4580397.9295, 430040.4415 4580312.9935, 430072.0635 4580304.0435, 430108.6515 4580288.4075, 430130.6855 4580276.6415, 430153.3455 4580261.9815, 430168.0215 4580251.9465, 430199.4015 4580228.9335, 430209.8615 4580222.5735, 430214.1455 4580232.9355, 430225.9015 4580250.8715, 430289.8175 4580332.5675, 430077.6375 4580393.9115))","POLYGON ((2.16388066792829 41.3720248826451, 2.16371467722574 41.3720598686883, 2.16344526739415 41.371292846643, 2.16382438710245 41.3712149847335, 2.16426365234689 41.3710773340373, 2.16452845625136 41.3709732742845, 2.16480107741192 41.3708432028527, 2.16497770517829 41.3707540940808, 2.1653555455403 41.3705495448628, 2.16548134090102 41.3704931692919, 2.16553136915915 41.370586868169, 2.16566986388168 41.3707494315497, 2.16642467449111 41.3714907813411, 2.16388066792829 41.3720248826451))"
"03","Sants-Montjuïc","11","el Poble-sec","059","024","POLYGON ((428865.9167195 4580788.814427, 428856.0294 4580798.9848, 428847.9050195 4580797.896787, 428841.9558 4580796.159, 428832.5366 4580791.079, 428823.2563 4580784.5174, 428813.1875 4580776.2695, 428806.0845 4580769.0455, 428802.3615 4580760.9295, 428800.4495 4580753.4885, 428798.6286 4580743.627, 428799.1858 4580735.1276, 428800.8815 4580725.0175, 428805.4435 4580715.3155, 428782.0124 4580682.9747, 428747.7318 4580642.2066, 428692.9679 4580588.3401, 428760.2205 4580518.8335, 428936.5875 4580338.2615, 428947.9918 4580319.4268, 428902.314 4580296.4676, 428888.0695 4580286.9175, 428881.9955 4580280.3155, 428877.8758 4580273.6202, 428872.4518 4580259.2004, 428870.2655 4580251.3255, 428863.7375 4580213.2615, 428858.7935 4580187.0855, 428856.3295 4580179.3415, 428852.7295 4580170.7815, 428847.8015 4580161.6455, 428840.4415 4580151.2935, 428830.5855 4580141.2135, 428820.0575 4580133.0215, 428808.6175 4580126.6695, 428795.9775 4580122.4455, 428780.4415 4580119.8375, 428762.9055 4580120.1595, 428740.2015 4580123.1835, 428716.5375 4580127.1995, 428696.6975 4580129.1675, 428677.9475 4580129.4095, 428665.0835 4580128.4715, 428653.1555 4580126.6795, 428639.8995 4580123.5375, 428620.0755 4580117.3855, 428603.9615 4580111.0655, 428589.0335 4580103.8015, 428576.3375 4580096.4335, 428562.5215 4580086.0575, 428551.7455 4580075.7455, 428544.8815 4580068.0175, 428537.4975 4580057.6415, 428531.2585 4580046.9375, 428525.1775 4580033.4335, 428521.2095 4580021.2415, 428474.7895 4579986.4715, 428439.0055 4579964.7835, 428385.4535 4579931.3915, 428375.5415 4579923.1435, 428366.3415 4579912.6875, 428362.0535 4579907.2795, 428355.1555 4579892.5515, 428352.6275 4579883.3115, 428351.8675 4579874.6715, 428351.9275 4579870.3195, 428340.7642 4579869.4838, 428339.3722 4579868.7558, 428337.0438 4579865.7638, 428327.7802 4579843.8198, 428322.2752 4579828.7392, 428318.4272 4579816.0432, 428311.0428 4579818.9242, 428300.0992 4579798.6118, 428270.3434 4579746.5672, 428252.7935 4579748.4525, 428249.3024 4579709.3176, 428245.7381 4579700.735, 428242.236 4579693.797, 428235.6379205 4579682.341033, 428235.609 4579680.6311, 428236.1311 4579678.7154, 428241.724 4579674.0481, 428245.0799 4579670.7209, 428251.035007 4579677.068994, 428303.1458 4579632.7558, 428327.546 4579615.892, 428316.515 4579600.285, 428316.102 4579599.901, 428308.1045 4579597.7795, 428320.8515 4579590.2855, 428336.2035 4579580.2775, 428344.9395 4579573.6535, 428360.3235 4579558.1335, 428368.7065 4579548.2405, 428387.3035 4579527.8045, 428398.9075 4579513.8995, 428411.8275 4579499.9475, 428424.1395 4579490.9155, 428440.9875 4579480.2365, 428461.6515 4579468.9635, 428487.6535 4579454.0975, 428518.1975 4579437.8795, 428527.2535 4579434.9525, 428537.1255 4579434.5435, 428542.7895 4579435.1685, 428553.3735 4579435.0555, 428561.5095 4579434.1595, 428568.8535 4579432.0795, 428575.6455 4579429.5915, 428583.9815 4579425.0555, 428589.2375 4579417.7435, 428595.7095 4579410.6075, 428604.1655 4579404.3195, 428614.5815 4579398.5035, 428635.2855 4579388.7115, 428654.7655 4579378.6875, 428665.8615 4579372.5835, 428682.1175 4579362.0235, 428691.9155 4579356.0735, 428703.7715 4579346.6575, 428717.2915 4579333.6255, 428729.2435 4579321.2735, 428773.3135 4579273.9595, 428785.0975 4579261.0475, 428793.1775 4579251.5835, 428802.2095 4579239.4635, 428809.4495 4579228.0395, 428816.7295 4579215.1195, 428822.7375 4579203.2075, 428828.5785 4579190.5755, 428833.2495 4579179.1995, 428838.5055 4579165.7515, 428843.1695 4579152.4955, 428846.6135 4579140.0015, 428855.2335 4579080.2015, 428855.5215 4579075.3495, 428855.2495 4579070.3835, 428854.3475 4579065.5745, 428852.4675 4579061.2605, 428849.8745 4579056.7085, 428844.5285 4579050.3755, 428840.5265 4579046.9805, 428834.0715 4579043.8465, 428826.2145 4579041.2335, 428817.0095 4579039.2795, 428804.2705 4579038.4415, 428788.5775 4579039.6075, 428774.9855 4579041.8475, 428735.3535 4579052.5205, 428680.6815 4579070.4015, 428674.7595 4579071.8815, 428666.7115 4579073.4015, 428658.0635 4579074.5775, 428648.3285 4579075.4495, 428638.5675 4579075.6175, 428628.5515 4579075.2495, 428619.9115 4579074.3055, 428611.5845 4579072.7215, 428602.0875 4579070.3135, 428590.5115 4579066.4575, 428579.2395 4579062.0335, 428568.3755 4579056.3135, 428545.3435 4579040.4835, 428530.7675 4579029.4995, 428513.5035 4579017.1715, 428500.6235 4579007.1875, 428459.9045 4578977.5055, 428466.9495 4578954.2035, 428468.7975 4578941.7155, 428469.6615 4578927.0835, 428467.8895 4578891.5175, 428468.8015 4578852.2635, 428474.5915 4578826.9355, 428484.4315 4578803.3195, 428498.0695 4578782.3595, 428511.0455 4578766.4715, 428541.1045 4578718.6316, 428552.817 4578702.069, 428570.2495 4578663.0175, 428573.3695 4578637.9935, 428579.7215 4578611.4815, 428587.2418 4578586.0342, 428596.458 4578563.0479, 428617.4455 4578533.9715, 428626.3415 4578523.2875, 428636.4535 4578513.4435, 428656.9745 4578497.4485, 428687.3815 4578469.4785, 428790.7455 4578397.4445, 428922.9855 4578305.9245, 428977.0615 4578266.8845, 429016.2775 4578241.2887, 429080.4389 4578225.0917, 429151.3698 4578166.5082, 429186.0343 4578154.5801, 429258.1598 4578177.7047, 429313.5006 4578196.6414, 429349.1509 4578211.3739, 429361.5196 4578219.8632, 429390.1772 4578233.3487, 429424.7721 4578251.55, 429462.2027 4578272.9057, 429497.5072 4578296.994, 429526.2464 4578319.2723, 429551.4171 4578340.0869, 429605.8808 4578392.4361, 429625.6963 4578410.7746, 429704.5484 4578490.8542, 429819.0775 4578627.6805, 429931.6465 4578760.1305, 429975.3845 4578810.2295, 430008.6249 4578845.2922, 430054.9095 4578890.7495, 430127.7365 4578959.56, 430183.7686 4579009.5558, 430248.7575 4579060.5445, 430284.3455 4579090.6715, 430328.2065 4579130.9725, 430415.3085 4579213.13, 430461.1705 4579255.9235, 430482.2275 4579278.8645, 430516.7124 4579323.4524, 430544.7935 4579370.6745, 430653.9284 4579561.0637, 430685.3154 4579620.6432, 430698.7635 4579651.7625, 430750.5165 4579774.7115, 430762.7225 4579801.8475, 430797.1271435 4579867.946239, 430785.1165925 4579880.7305135, 430789.986369 4579889.609041, 430856.1338605 4580000.3362095, 430861.068618 4580013.438629, 430863.7028015 4580025.1077345, 430865.1525155 4580050.2588325, 430874.7907275 4580089.163477, 430883.675689 4580128.833921, 430899.302861 4580237.830392, 430906.1961655 4580271.317097, 430870.1795 4580276.8335, 430868.2626 4580237.8456, 430865.8073 4580237.5495, 430841.9744 4580232.2616, 430845.4356755 4580165.550976, 430824.8156 4580164.0296, 430811.7953 4580225.3451, 430771.3385 4580216.1175, 430753.1775 4580294.0325, 430668.0625 4580276.0755, 430597.1474985 4580240.6888185, 430443.6815 4580214.6995, 430410.6495 4580219.6915, 430371.2895 4580243.7475, 430355.8035 4580252.4315, 430299.8395 4580226.1835, 430292.0335 4580220.5355, 430287.0515 4580215.0535, 430276.9215 4580202.0955, 430266.1275 4580191.9615, 430255.9975 4580186.8115, 430246.3655 4580185.3155, 430231.1855 4580187.9655, 430220.3935 4580196.4215, 430214.2495 4580205.5655, 430209.8615 4580222.5735, 430199.4015 4580228.9335, 430168.0215 4580251.9465, 430153.3455 4580261.9815, 430130.6855 4580276.6415, 430108.6515 4580288.4075, 430072.0635 4580304.0435, 430040.4415 4580312.9935, 430063.7935 4580397.9295, 429971.5775 4580424.6935, 429965.8711 4580407.9825, 429928.9509 4580417.7245, 429933.8625 4580436.2885, 429859.0085 4580457.5635, 429803.3695 4580473.7705, 429784.6455 4580407.6835, 429769.3795 4580350.8595, 429769.0815 4580348.4735, 429769.3335 4580343.5595, 429770.1415 4580337.7895, 429771.775500001 4580331.9185, 429757.6835 4580327.4275, 429750.0255 4580324.4655, 429727.025500001 4580314.4775, 429719.3885 4580310.4235, 429705.9835 4580301.9795, 429695.9455 4580294.5795, 429690.9955 4580290.3875, 429666.3995 4580267.6915, 429662.9495 4580264.3395, 429657.2735 4580257.7835, 429647.4495 4580243.3595, 429639.9735 4580231.3955, 429634.2535 4580221.1235, 429629.4135 4580211.5075, 429624.6255 4580200.3675, 429621.0115 4580190.3835, 429587.0855 4580198.5755, 429580.0095 4580199.4155, 429557.2415 4580199.0605, 429527.0295 4580199.2235, 429516.4655 4580199.9435, 429501.3375 4580201.8395, 429490.4095 4580204.2795, 429471.9295 4580209.5835, 429456.5535 4580213.6075, 429439.8095 4580219.5115, 429426.9855 4580222.9525, 429417.8095 4580224.8795, 429408.4415 4580225.9755, 429393.8015 4580226.1435, 429382.3055 4580225.5205, 429351.1675 4580220.3755, 429344.383500001 4580219.9925, 429339.7755 4580220.0955, 429334.4485 4580221.0475, 429331.5755 4580222.1115, 429327.8635 4580224.5755, 429324.4555 4580227.4875, 429321.4875 4580230.8235, 429319.2315 4580234.1035, 429212.3195 4580450.2735, 429252.9645 4580469.6695, 429277.1435 4580481.9575, 429305.5085 4580495.7795, 429298.0101 4580511.2971, 429297.1591 4580512.4861, 429295.2471 4580513.5561, 429293.9131 4580513.6401, 429290.3261 4580512.2771, 429288.918 4580512.2501, 429287.628 4580512.7221, 429286.0601 4580514.3511, 429246.7706 4580593.847, 429259.5226 4580600.2026, 429261.2483 4580596.7112, 429279.1712 4580605.5866, 429277.4233 4580609.1236, 429281.8982375 4580611.354519, 429283.6518 4580607.8056, 429302.2235 4580617.3105, 429271.5795 4580695.2715, 429257.0735 4580730.8755, 429256.6636 4580732.491, 429002.8228 4580738.5856, 428911.6873 4580743.8455, 428880.8897 4580773.4128, 428865.9167195 4580788.814427))","POLYGON ((2.14934630427596 41.3754754549532, 2.14922688604817 41.3755661819539, 2.14912986886851 41.3755556643098, 2.14905893683827 41.3755394866332, 2.14894690599801 41.3754928998955, 2.14883671014283 41.3754329810767, 2.1487172842973 41.3753578044841, 2.14863320099473 41.375292112064, 2.14858963777074 41.3752186846902, 2.14856764971738 41.3751514970197, 2.14854703531244 41.3750625167993, 2.14855469614116 41.3749860149437, 2.14857615927514 41.3748951067956, 2.14863184695231 41.3748081278345, 2.14835547931155 41.3745147722243, 2.1479503776777 41.3741445536805, 2.14730190513277 41.3736545463595, 2.14811420243116 41.3730344803265, 2.1502441432842 41.371423721556, 2.15038270550105 41.3712550905854, 2.14983925489256 41.3710442711372, 2.14967006235235 41.3709569981959, 2.14959821379883 41.3708969995341, 2.14954974259944 41.3708363331995, 2.14948658302645 41.3707059796166, 2.1494613667773 41.3706348598391, 2.14938778188139 41.3702914532906, 2.14933174149246 41.3700552579034, 2.14930319006042 41.3699852925148, 2.14926115222665 41.3699078772678, 2.14920330430824 41.3698251567748, 2.14911652191219 41.3697312691465, 2.14899986536303 41.3696396105747, 2.14887495300451 41.3695648970403, 2.14873892094195 41.3695066749695, 2.14858829193029 41.3694675127645, 2.14840284848563 41.3694426488938, 2.14819314880116 41.3694439972413, 2.14792134253879 41.3694692236923, 2.1476379416096 41.3695032990886, 2.14740050134404 41.3695192669047, 2.14717629613686 41.36951978532, 2.14702260331641 41.3695101971078, 2.14688020193039 41.3694929999713, 2.14672208182264 41.3694635259366, 2.1464857886993 41.3694063592195, 2.14629387275655 41.3693480079883, 2.14611624820927 41.3692812593764, 2.14596532214482 41.3692137718581, 2.14580136003577 41.3691190927204, 2.1456737370947 41.3690252596265, 2.14559258181166 41.3689550468801, 2.14550552167377 41.3688609382849, 2.14543219000692 41.3687639771053, 2.14536107763633 41.3686418112713, 2.14531507369726 41.3685316497646, 2.14476418185174 41.3682143649006, 2.14433891331348 41.3680158481121, 2.14370259946191 41.367710335326, 2.14358506826297 41.3676351665485, 2.14347631063587 41.3675401743222, 2.14342568338649 41.3674910847399, 2.14334495294982 41.3673578208293, 2.14331582067556 41.3672743743454, 2.14330775518123 41.3671964892115, 2.14330898670671 41.3671572975941, 2.14317562097485 41.3671487770507, 2.14315906474301 41.3671420962895, 2.14313158079492 41.3671149410998, 2.14302342205407 41.3669164743523, 2.14295938893046 41.3667801584518, 2.14291488455793 41.3666654673333, 2.14282625937047 41.3666907579132, 2.14269782405632 41.3665068365021, 2.14234823355969 41.3660354379832, 2.14213819375135 41.3660508542634, 2.1421010861907 41.3656980686391, 2.14205948909358 41.3656204504444, 2.14201844112672 41.3655576501211, 2.14194091436694 41.3654538820333, 2.14194077095059 41.3654384786813, 2.14194723951263 41.3654212711781, 2.14201465669463 41.3653797329824, 2.14205517120616 41.3653500651744, 2.14212561536681 41.3654077710379, 2.14275385549095 41.365013300114, 2.14304755899744 41.3648635863758, 2.14291752553247 41.3647220373233, 2.14291263342078 41.3647185419923, 2.14281727248178 41.3646987222064, 2.14297055106139 41.3646323613789, 2.14315526961201 41.3645435895019, 2.1432604925661 41.3644847070119, 2.14344624394506 41.3643462928046, 2.14354763224513 41.3642579358639, 2.14377237453152 41.3640755302483, 2.14391274287653 41.3639513247629, 2.14406884906799 41.3638268128073, 2.14421710540437 41.3637465593513, 2.14441978363111 41.3636518749223, 2.1446681515895 41.3635521792663, 2.14498075808087 41.3634205962951, 2.14534782202559 41.3632772387361, 2.1454564309133 41.3632516802393, 2.14557449827286 41.3632488728545, 2.14564213742131 41.3632550047613, 2.1457686818332 41.3632549263452, 2.14586605277139 41.3632475783533, 2.14595409481459 41.3632294961161, 2.14603558573109 41.36320769012, 2.1461357761438 41.3631675753751, 2.14619947211139 41.3631021848462, 2.14627768439409 41.3630384873025, 2.14637951521345 41.3629826033016, 2.14650472188138 41.3629311441455, 2.1467533879195 41.3628447863422, 2.14698744785393 41.3627562299808, 2.14712081678209 41.3627022364816, 2.14731639636949 41.362608566203, 2.1474342292695 41.3625558443804, 2.14757707237747 41.3624720875608, 2.14774023283617 41.3623559097625, 2.14788456774871 41.3622457174603, 2.14841697003372 41.3618234756707, 2.14855935998842 41.3617082238896, 2.14865706467279 41.361623699364, 2.14876646166216 41.361515337207, 2.14885435393752 41.3614130851398, 2.1489428996729 41.3612973625496, 2.1490161205999 41.3611906061683, 2.14908742935048 41.3610773501666, 2.14914460369503 41.3609753030881, 2.14920901431659 41.3608546458457, 2.14926632511642 41.3607356655259, 2.14930896187236 41.3606234404495, 2.14941902270707 41.3600856027664, 2.14942303459419 41.3600419278052, 2.1494203654051 41.3599971766012, 2.14941014656687 41.3599537837788, 2.14938817834227 41.3599147628441, 2.14935771461703 41.3598735353112, 2.14929454956969 41.3598160235909, 2.14924710660223 41.3597850922401, 2.14917030913543 41.3597562948095, 2.149076690674 41.3597320658803, 2.14896688055748 41.3597136531072, 2.14881469303643 41.3597049792094, 2.14862695731914 41.3597140932444, 2.14846421145078 41.3597330659974, 2.1479891846642 41.3598256875148, 2.14733351594271 41.3599818951309, 2.14726254828745 41.3599947004413, 2.14716616094981 41.360007677628, 2.14706264141807 41.3600175032755, 2.14694616322918 41.3600244944758, 2.14682945701868 41.3600251425554, 2.14670976550852 41.3600209403366, 2.14660659097873 41.3600116721353, 2.14650723350524 41.3599966673224, 2.14639398647563 41.359974137179, 2.14625605690434 41.3599383808843, 2.14612182847403 41.3598975356012, 2.14599263017921 41.3598450537121, 2.14571916289395 41.3597004344962, 2.14554621117664 41.3596002115715, 2.14534128533269 41.3594876447833, 2.14518849128229 41.3593965785711, 2.14470522711074 41.359125625823, 2.14479219189602 41.3589163782927, 2.14481575558069 41.3588040671617, 2.14482780913089 41.3586723583088, 2.14481081993318 41.3583518696308, 2.14482635018857 41.3579984027604, 2.14489854968011 41.3577707960871, 2.145018960127 41.3575589684778, 2.14518445752904 41.3573713997029, 2.14534144291823 41.3572294537564, 2.14570639779334 41.3568012433173, 2.1458483565632 41.3566531086147, 2.14606133740746 41.3563029308588, 2.14610157865983 41.3560778244983, 2.14618062876688 41.3558396028222, 2.1462735183002 41.3556110740913, 2.14638638951597 41.3554048610797, 2.14664068433353 41.3551448398465, 2.14674827902675 41.3550494009539, 2.14687030998063 41.3549616353256, 2.14711748686695 41.3548193916562, 2.1474842410926 41.3545701678847, 2.14872824139786 41.35393052653, 2.15031965841632 41.3531179159662, 2.15097060341268 41.3527710652194, 2.15144234774889 41.3525439889659, 2.15221116184381 41.3524037598655, 2.15306583653046 41.3518823586092, 2.1534815691061 41.3517779743349, 2.15434098013262 41.3519925890217, 2.15500025802588 41.3521680052039, 2.15542466889841 41.3523038245911, 2.15557152344196 41.3523813701334, 2.15591249820374 41.3525053430375, 2.15632389457332 41.3526723090737, 2.15676882173266 41.3528679327788, 2.15718802059585 41.3530879803974, 2.15752895642559 41.353291149892, 2.15782740933559 41.3534808231236, 2.15847235173289 41.3539570795614, 2.15870708519936 41.3541239809204, 2.15964035221417 41.3548521213925, 2.16099354448491 41.3560944656335, 2.16232386264252 41.3572972075455, 2.16284092024021 41.3577522395757, 2.16323423062563 41.3580709292567, 2.16378227820517 41.3584843719971, 2.16464493626207 41.35911045148, 2.16530900390685 41.3595656098224, 2.16608003993271 41.3600304831192, 2.16650201138749 41.3603049106914, 2.16702171760431 41.3606716870174, 2.16805355722818 41.3614191890918, 2.16859691673529 41.3618085805858, 2.16884601867379 41.3620170222051, 2.16925317070635 41.3624215898706, 2.169583469105 41.3628493291938, 2.17086640276495 41.3645735196473, 2.17123483329018 41.3651128386965, 2.17139205421058 41.365394279374, 2.17199674349432 41.3665061004167, 2.17213957561522 41.3667515567414, 2.17254336297854 41.3673498481239, 2.17239830837715 41.3674639598839, 2.17245551710456 41.3675443450156, 2.17323373827884 41.3685473184049, 2.17329124427173 41.3686657521229, 2.17332140814143 41.3687710787566, 2.17333587336728 41.3689977321886, 2.17344667341221 41.369348963218, 2.17354838130829 41.3697070267914, 2.17372280109481 41.3706900691791, 2.17380140401935 41.3709922662913, 2.17337014383443 41.3710388583147, 2.17335166996908 41.370687540663, 2.17332234721532 41.3706846628812, 2.17303799503017 41.3706349887968, 2.17308698809165 41.3700344424261, 2.17284062255695 41.3700189679281, 2.17267795164208 41.3705701001731, 2.17219528908751 41.3704835110769, 2.17196925114302 41.3711837069896, 2.17095362952561 41.3710146460312, 2.17010978939294 41.3706898166301, 2.16827787409586 41.3704424907522, 2.16788235979331 41.3704845969893, 2.16740899598485 41.3706978582771, 2.16722284213932 41.3707747326702, 2.16655673254265 41.3705334803335, 2.16646405071837 41.3704819344638, 2.16640511459861 41.3704321282318, 2.16628548717969 41.3703145419342, 2.16615759643329 41.3702223329139, 2.16603707171182 41.3701750706924, 2.16592208101802 41.3701607619924, 2.16574027994759 41.3701833140739, 2.16561027470077 41.3702585392012, 2.16553576284321 41.3703403637955, 2.16548134090102 41.3704931692919, 2.1653555455403 41.3705495448628, 2.16497770517829 41.3707540940808, 2.16480107741192 41.3708432028527, 2.16452845625136 41.3709732742845, 2.16426365234689 41.3710773340373, 2.16382438710245 41.3712149847335, 2.16344526739415 41.371292846643, 2.16371467722574 41.3720598686883, 2.16260899535523 41.3722929053859, 2.16254269635282 41.372141898041, 2.16210012961339 41.3722264276891, 2.16215671036178 41.3723940554811, 2.16125924486827 41.3725791526863, 2.16059210974043 41.3727202731288, 2.16037588616013 41.3721234149726, 2.16019993902154 41.3716102870714, 2.16019665237051 41.3715887711144, 2.16020023463889 41.3715445342468, 2.16021056386926 41.3714926361706, 2.16023078083815 41.3714399004912, 2.1600628103718 41.3713982217308, 2.15997159087915 41.3713708755519, 2.15969774972632 41.3712789089472, 2.15960690822552 41.3712417290145, 2.15944761106474 41.3711645059243, 2.15932845048175 41.3710969797063, 2.15926975232984 41.37105879129, 2.15897830526618 41.3708522266183, 2.15893744464129 41.370821734726, 2.15887034091525 41.3707621908614, 2.1587545553442 41.370631419807, 2.15866655817454 41.3705230103392, 2.15859936018048 41.3704299936327, 2.15854260776423 41.3703429622105, 2.15848665411237 41.3702422091199, 2.15844460307671 41.3701519703838, 2.15803802425415 41.3702227859597, 2.15795332423491 41.3702297325233, 2.1576811454534 41.3702245428488, 2.15731990417658 41.3702233662588, 2.15719351462501 41.3702289260572, 2.15701241997439 41.3702446778344, 2.15688147826442 41.3702656968983, 2.15665990963386 41.3703118492376, 2.15647560189798 41.3703467446501, 2.1562747189964 41.3703984523977, 2.15612099112481 41.3704283200609, 2.1560110559151 41.3704448713167, 2.15589892179373 41.3704539210781, 2.15572386213793 41.3704541500778, 2.15558648518836 41.3704475303794, 2.15521478979622 41.370398458483, 2.15513372303536 41.3703944134306, 2.15507861650528 41.3703949365984, 2.15501481446183 41.370403043283, 2.15498034006064 41.3704123741436, 2.15493567114615 41.3704342406729, 2.15489458469235 41.3704601688691, 2.15485870954939 41.3704899545182, 2.15483135378711 41.3705192983066, 2.15352784303898 41.3724568748027, 2.15401155771019 41.3726351420476, 2.1542992249252 41.3727479410889, 2.15463676512409 41.3728749233591, 2.15454529906551 41.3730140265888, 2.15453498519934 41.3730246607605, 2.15451199908706 41.3730341299264, 2.15449603897364 41.3730347692901, 2.1544533090548 41.3730221780561, 2.15443647589511 41.3730218111608, 2.15442099662476 41.3730259489683, 2.15440205961283 41.3730404830742, 2.15392300653309 41.3737530232355, 2.15407473913742 41.3738113870124, 2.15409578056766 41.3737800928153, 2.1543090473967 41.3738616057815, 2.15428773527775 41.373893308771, 2.1543409814793 41.3739137951543, 2.15436236267582 41.3738819853019, 2.15458331441865 41.3739692244727, 2.15420781016694 41.3746687007694, 2.15403020604252 41.3749880991196, 2.1540251162863 41.3750026133568, 2.15098919979553 41.3750351510147, 2.14989886556215 41.3750744797964, 2.14952714606515 41.375338061181, 2.14934630427596 41.3754754549532))"
"03","Sants-Montjuïc","12","la Marina del Prat Vermell","060","025","MULTIPOLYGON (((431001.6 4577921.76, 430999.65 4577922.93, 430998.66 4577924.53, 430997.37 4577927.86, 430997.35 4577929.41, 431000.08 4577935.77, 431001.86 4577937.02, 431004.06 4577937.9, 431004.56 4577938.53, 431004.52 4577939.19, 431000.38 4577941.49, 430999.72 4577942.87, 430999.7 4577944.27, 430999.89 4577945.65, 431000.52 4577947.02, 431002.65 4577948.76, 431005.4 4577950.05, 431005.73 4577951.96, 431004.88 4577953.8, 431002.71 4577955.22, 431001.16 4577957.18, 431000.61 4577960.7, 431000.73 4577965.48, 431002.22 4577968.73, 431003.95 4577970.48, 431003.91 4577972.07, 431002.47 4577973.03, 431002.42 4577974.0, 431004.49 4577978.52, 431006.41 4577988.0, 431008.35 4578000.13, 431011.86 4578008.46, 431014.81 4578012.09, 431016.22 4578015.05, 431016.98 4578019.48, 431018.09 4578023.57, 431018.57 4578029.4, 431019.53 4578032.78, 431020.92 4578036.01, 431024.89 4578042.4, 431030.51 4578049.54, 431040.33 4578060.34, 431041.54 4578062.49, 431042.71 4578063.73, 431046.95 4578064.01, 431048.09 4578064.46, 431049.08 4578065.37, 431050.14 4578067.52, 431049.96 4578069.02, 431049.23 4578070.08, 431049.99 4578071.86, 431051.99 4578073.65, 431052.79 4578075.96, 431058.77 4578081.66, 431059.11 4578083.32, 431059.05 4578085.11, 431059.83 4578088.21, 431062.29 4578091.52, 431062.45 4578095.83, 431063.18 4578098.58, 431067.24 4578109.5, 431068.11 4578111.0, 431070.54 4578111.93, 431072.09 4578113.48, 431073.16 4578115.34, 431074.19 4578120.2, 431074.56 4578124.61, 431073.75 4578126.79, 431069.84 4578133.99, 431069.3 4578137.51, 431069.96 4578139.67, 431071.5 4578141.22, 431072.53 4578143.35, 431072.92 4578145.56, 431072.97 4578154.53, 431074.32 4578157.59, 431074.54 4578159.15, 431073.9 4578161.9, 431073.21 4578162.99, 431072.07 4578163.98, 431071.59 4578165.67, 431071.64 4578167.37, 431072.5 4578171.25, 431073.63 4578174.15, 431073.75 4578181.07, 431074.26 4578184.06, 431076.51 4578191.08, 431078.12 4578195.04, 431082.57 4578202.99, 431089.7 4578213.89, 431097.22 4578223.56, 431101.51 4578226.63, 431103.29 4578228.52, 431105.86 4578232.41, 431106.6 4578234.3, 431107.44 4578239.73, 431109.27 4578244.59, 431114.8 4578254.6, 431116.61 4578258.67, 431120.95 4578265.64, 431121.95 4578267.92, 431122.84 4578278.15, 431123.88 4578280.38, 431125.73 4578282.25, 431128.14 4578283.84, 431129.48 4578285.22, 431130.48 4578286.85, 431131.17 4578290.06, 431131.35 4578294.56, 431133.32 4578302.09, 431134.36 4578304.19, 431141.72 4578314.58, 431147.26 4578325.65, 431149.33 4578330.8, 431156.51 4578345.16, 431167.01 4578363.02, 431170.75 4578370.09, 431173.76 4578374.44, 431175.6 4578378.78, 431177.4 4578385.61, 431178.54 4578388.3, 431185.49 4578399.36, 431189.87 4578409.91, 431195.71 4578419.61, 431196.61 4578422.02, 431198.8 4578432.42, 431199.54 4578434.72, 431202.47 4578441.67, 431206.1 4578452.16, 431209.62 4578460.77, 431218.46 4578475.49, 431225.55 4578491.61, 431229.71 4578502.85, 431235.18 4578509.83, 431240.99 4578518.33, 431242.02 4578521.59, 431241.98 4578523.89, 431240.84 4578526.23, 431240.61 4578527.43, 431240.98 4578528.55, 431245.0 4578530.71, 431246.18 4578532.27, 431250.27 4578539.7, 431254.56 4578549.17, 431256.49 4578552.52, 431262.14 4578558.63, 431265.21 4578563.09, 431267.44 4578568.07, 431272.91 4578578.19, 431274.230000001 4578582.42, 431274.93 4578587.6, 431275.76 4578590.37, 431278.92 4578598.12, 431286.98 4578612.69, 431288.87 4578615.08, 431294.38 4578620.03, 431295.62 4578621.92, 431302.69 4578636.82, 431306.03 4578646.07, 431311.68 4578651.78, 431312.37 4578653.13, 431312.19 4578661.23, 431312.76 4578662.64, 431314.980000001 4578664.9, 431318.98 4578667.87, 431320.07 4578669.24, 431321.69 4578672.79, 431323.25 4578679.13, 431324.69 4578683.27, 431326.9 4578687.65, 431330.22 4578692.94, 431336.62 4578706.72, 431344.4 4578718.74, 431354.65 4578738.7, 431356.14 4578742.23, 431359.35 4578752.86, 431360.52 4578755.36, 431363.86 4578758.45, 431367.4 4578763.42, 431368.57 4578767.16, 431369.28 4578775.64, 431369.98 4578776.75, 431373.75 4578779.45, 431375.13 4578781.5, 431376.8 4578789.6, 431380.97 4578796.65, 431383.58 4578803.75, 431386.11 4578808.2, 431389.07 4578815.54, 431390.53 4578818.17, 431396.78 4578827.34, 431401.36 4578831.31, 431404.51 4578836.31, 431405.24 4578838.23, 431405.66 4578840.68, 431406.0 4578847.68, 431406.36 4578850.07, 431407.16 4578852.38, 431408.25 4578854.17, 431412.39 4578858.57, 431413.63 4578860.37, 431414.35 4578862.38, 431414.55 4578867.65, 431415.0 4578869.38, 431419.1 4578875.81, 431421.94 4578879.55, 431423.07 4578881.7, 431425.71 4578891.65, 431427.92 4578896.29, 431430.8 4578900.42, 431432.29 4578902.16, 431435.25 4578904.66, 431437.47 4578907.67, 431439.51 4578912.99, 431440.94 4578919.62, 431443.55 4578927.38, 431445.77 4578935.45, 431446.86 4578938.13, 431454.91 4578953.2, 431463.19 4578964.47, 431467.52 4578971.78, 431470.59 4578978.16, 431474.15 4578989.72, 431476.15 4578994.76, 431478.46 4578999.26, 431483.89 4579007.54, 431491.64 4579021.36, 431493.71 4579025.77, 431495.33 4579030.95, 431499.32 4579037.29, 431503.92 4579041.94, 431505.59 4579044.27, 431506.59 4579049.22, 431510.25 4579060.71, 431515.56 4579072.33, 431532.96 4579114.09, 431552.16 4579158.44, 431556.18 4579166.74, 431569.12 4579191.19, 431579.0 4579211.88, 431590.45 4579233.44, 431614.42 4579283.53, 431624.78 4579302.3, 431635.61 4579325.02, 431647.58 4579346.43, 431651.31 4579353.7, 431670.31 4579394.5, 431672.08 4579397.52, 431674.4 4579400.27, 431676.72 4579402.05, 431679.38 4579403.12, 431682.43 4579403.78, 431698.44 4579405.62, 431701.99 4579406.47, 431703.66 4579407.32, 431705.25 4579408.65, 431706.27 4579409.93, 431707.15 4579411.94, 431707.26 4579414.05, 431701.31 4579451.55, 431695.41 4579501.12, 431693.17 4579515.52, 431690.53 4579527.02, 431675.5981 4579583.6234, 431692.64 4579588.407, 431674.388 4579620.713, 431670.288 4579623.067, 431660.196 4579620.349, 431657.538 4579616.109, 431660.761 4579582.736, 431629.52 4579574.67, 431629.216 4579574.062, 431618.884 4579571.408, 431612.145 4579558.415, 431490.679 4579313.528, 431337.313 4579006.748, 431246.628 4578823.5, 431223.383 4578777.558, 431166.236 4578661.805, 431135.577 4578601.013, 431096.118 4578521.04, 431010.446000001 4578349.85, 431001.106 4578331.764, 430767.928 4577862.967, 430741.232 4577875.964, 430731.726 4577856.834, 430725.408 4577838.428, 430724.077 4577832.276, 430721.117 4577815.03, 430750.397 4577810.005, 430668.144 4577334.704, 430676.6898 4577333.2182, 430681.78 4577331.9, 430683.11 4577331.75, 430684.44 4577332.15, 430685.3 4577332.83, 430686.31 4577334.4, 430686.83 4577339.14, 430690.35 4577352.54, 430691.19 4577354.39, 430692.58 4577355.93, 430694.94 4577357.13, 430696.12 4577357.26, 430701.86 4577356.67, 430702.8 4577356.09, 430711.03 4577348.06, 430748.1 4577310.76, 430753.13 4577304.62, 430755.17 4577299.65, 430755.63 4577297.26, 430755.74 4577284.8, 430755.4 4577279.42, 430751.91 4577257.88, 430751.5 4577246.72, 430749.42 4577233.99, 430746.85 4577221.34, 430741.0 4577197.78, 430739.45 4577189.85, 430731.56 4577139.75, 430726.41 4577114.68, 430723.77 4577091.55, 430720.83 4577074.47, 430718.84 4577064.83, 430716.01 4577040.55, 430715.39 4577038.0, 430712.56 4577030.55, 430711.44 4577022.54, 430709.75 4577015.82, 430707.78 4577004.32, 430707.28 4576999.63, 430706.5 4576981.14, 430705.59 4576974.67, 430704.05 4576968.28, 430701.9 4576962.06, 430700.74 4576954.99, 430700.04 4576946.49, 430695.62 4576932.01, 430695.42 4576926.32, 430692.87 4576913.09, 430690.52 4576902.85, 430690.25 4576900.01, 430690.34 4576893.51, 430689.980000001 4576891.41, 430684.89 4576874.8, 430683.09 4576867.54, 430683.28 4576865.9, 430684.17 4576864.34, 430685.63 4576862.95, 430688.34 4576861.32, 430690.48 4576860.61, 430693.8 4576860.09, 430726.86 4576858.38, 430730.26 4576857.71, 430731.58 4576856.81, 430733.28 4576854.23, 430733.73 4576852.4, 430733.66 4576850.56, 430729.73 4576830.36, 430726.91 4576812.68, 430716.44 4576772.96, 430715.24 4576767.03, 430713.03 4576748.95, 430705.1 4576701.07, 430703.69 4576688.93, 430702.7485 4576683.8225, 430697.929 4576684.548, 430697.601 4576684.251, 430693.034 4576685.189, 430693.185 4576685.848, 430688.59 4576686.527, 430688.45 4576686.029, 430638.153 4576694.111, 430638.24 4576694.611, 430637.165 4576694.799, 430633.3568 4576672.9523, 430635.08 4576672.54, 430638.28 4576662.76, 430641.57 4576656.59, 430643.23 4576651.1, 430645.41 4576649.09, 430646.17 4576647.65, 430646.46 4576646.14, 430644.77 4576631.55, 430637.18 4576590.31, 430634.49 4576579.29, 430632.65 4576570.01, 430630.96 4576556.74, 430629.48 4576549.75, 430627.66 4576514.25, 430625.28 4576499.82, 430618.82 4576455.57, 430616.38 4576441.26, 430612.84 4576424.19, 430609.03 4576412.02, 430608.04 4576407.9, 430602.28 4576373.08, 430600.46 4576369.0, 430598.2 4576365.45, 430595.67 4576351.9, 430596.47 4576348.34, 430596.97 4576343.28, 430596.29 4576337.81, 430596.44 4576336.54, 430597.52 4576334.96, 430601.79 4576331.28, 430605.52 4576327.44, 430608.97 4576323.23, 430610.26 4576320.19, 430612.31 4576310.69, 430613.08 4576304.43, 430612.25 4576298.78, 430610.57 4576295.18, 430610.79 4576293.62, 430611.74 4576292.1, 430614.23 4576290.11, 430615.77 4576289.64, 430624.48 4576289.2, 430631.79 4576288.19, 430637.11 4576287.86, 430638.88 4576287.23, 430639.44 4576286.48, 430638.74 4576283.13, 430638.18 4576276.8, 430635.59 4576262.21, 430635.72 4576258.85, 430637.72 4576255.33, 430628.9729 4576177.8207, 430561.256 4576188.801, 430561.039 4576189.249, 430566.973 4576224.151, 430567.731 4576225.244, 430571.65 4576228.385, 430572.297 4576229.531, 430572.288 4576230.265, 430571.555 4576231.67, 430569.359 4576234.104, 430567.008 4576235.747, 430564.344 4576236.514, 430561.719 4576236.556, 430558.33 4576235.872, 430556.553 4576234.795, 430554.658 4576232.817, 430553.563 4576229.949, 430552.556 4576225.144, 430547.003 4576193.753, 430547.253 4576189.753, 430548.027 4576185.112, 430548.689 4576182.508, 430549.667 4576180.574, 430552.028 4576178.197, 430557.699 4576174.602, 430560.041 4576173.785, 430571.567 4576171.913, 430606.624 4576165.357, 430642.5362 4576159.4372, 430644.311 4576157.685, 430635.431 4576109.727, 430631.528 4576090.945, 430623.49 4576042.967, 430620.277 4576026.688, 430618.052 4576012.984, 430606.973 4575957.649, 430594.81 4575889.571, 430587.162 4575849.555, 430582.618 4575822.131, 430577.93 4575800.211, 430575.93 4575787.795, 430573.754 4575778.259, 430573.162 4575773.475, 430571.129 4575762.547, 430567.913 4575748.099, 430566.169 4575736.019, 430565.017 4575730.227, 430564.233 4575728.083, 430563.913 4575724.611, 430562.505 4575719.283, 430561.945 4575712.675, 430560.601 4575705.139, 430556.537 4575684.611, 430555.641 4575678.195, 430551.769 4575656.931, 430547.897 4575638.131, 430546.04 4575626.627, 430539.224 4575591.235, 430531.832 4575547.667, 430525.305 4575512.243, 430517.416 4575475.955, 430510.168 4575434.243, 430501.8 4575391.859, 430490.775 4575332.659, 430489.767 4575323.395, 430486.919 4575321.107, 430488.333 4575316.024, 430488.893 4575309.632, 430491.397 4575304.648, 430493.725 4575292.344, 430495.349 4575286.648, 430496.237 4575281.72, 430498.317 4575273.456, 430500.109 4575270.264, 430503.757 4575251.496, 430505.196000001 4575240.664, 430506.38 4575237.8, 430506.508 4575232.032, 430509.356 4575228.056, 430508.7 4575226.456, 430510.724 4575221.464, 430511.22 4575217.352, 430513.004 4575216.032, 430513.092 4575213.208, 430514.22 4575207.928, 430517.148 4575197.192, 430519.519 4575191.61, 430521.659 4575183.677, 430523.541 4575174.474, 430524.95 4575171.883, 430527.025 4575160.495, 430527.634 4575154.403, 430529.66 4575148.879, 430530.66 4575143.167, 430532.345 4575138.412, 430534.564 4575124.167, 430536.388 4575116.447, 430542.565 4575093.796, 430544.107 4575084.231, 430547.929 4575074.926, 430549.561 4575067.822, 430551.144 4575059.586, 430551.579 4575051.855, 430552.515 4575047.267, 430554.449 4575043.806, 430554.827 4575038.795, 430557.155 4575029.795, 430559.355 4575019.411, 430560.595 4575018.763, 430562.251 4575015.731, 430560.427 4575013.923, 430562.475 4575010.587, 430561.067 4575008.171, 430562.691 4575007.219, 430564.699 4575002.715, 430566.395 4575000.459, 430565.643 4574997.747, 430566.931 4574989.355, 430568.875 4574985.795, 430568.811 4574982.731, 430568.203 4574980.043, 430569.659 4574977.931, 430571.051 4574974.411, 430572.498 4574971.899, 430571.866 4574968.067, 430572.914 4574966.675, 430572.794 4574964.907, 430573.538 4574961.955, 430574.482 4574960.875, 430574.914 4574958.099, 430577.21 4574952.003, 430578.85 4574945.979, 430580.154 4574940.019, 430580.994 4574933.827, 430583.418 4574927.667, 430584.298 4574922.723, 430586.89 4574913.171, 430586.81 4574909.776, 430588.778 4574900.544, 430591.258 4574898.544, 430590.842 4574894.912, 430591.066 4574892.576, 430591.962 4574888.4, 430594.026 4574885.376, 430594.682 4574881.264, 430593.642 4574880.368, 430600.89 4574860.063, 430601.802 4574854.031, 430602.954 4574852.847, 430604.474 4574841.423, 430606.25 4574835.775, 430607.674 4574834.975, 430607.391 4574831.393, 430608.891 4574828.259, 430610.009 4574817.967, 430611.129 4574817.375, 430612.521 4574813.039, 430611.033 4574812.223, 430615.241 4574794.127, 430616.345 4574790.837, 430617.416 4574786.081, 430617.769 4574781.887, 430620.793 4574776.687, 430621.049 4574771.935, 430621.849 4574771.631, 430622.633 4574769.855, 430622.153 4574768.623, 430626.089 4574757.231, 430627.529 4574751.679, 430628.649 4574749.711, 430628.009 4574748.543, 430629.113 4574743.679, 430631.497 4574735.663, 430631.337 4574734.431, 430632.281 4574728.159, 430634.921 4574727.935, 430635.609 4574725.743, 430633.881 4574723.135, 430634.457 4574721.327, 430633.273 4574719.983, 430634.825 4574714.703, 430636.137 4574715.215, 430639.257 4574705.503, 430639.961 4574700.623, 430643.4 4574684.895, 430644.216 4574679.567, 430648.28 4574665.519, 430650.616 4574655.151, 430652.36 4574651.023, 430652.728 4574647.647, 430653.928 4574643.791, 430661.832 4574610.191, 430663.192 4574606.607, 430662.728 4574602.959, 430664.872 4574596.815, 430668.744 4574577.311, 430670.584 4574570.479, 430672.6 4574564.814, 430674.792 4574561.326, 430674.088 4574560.75, 430675.031 4574554.142, 430676.455 4574547.118, 430679.719 4574541.31, 430679.143 4574539.742, 430678.855 4574535.454, 430680.791 4574530.718, 430687.367 4574509.822, 430688.055 4574504.99, 430699.191 4574461.358, 430703.543 4574440.894, 430705.351 4574428.574, 430709.191 4574424.055, 430707.826 4574422.114, 430710.591 4574415.458, 430710.71 4574409.31, 430716.031 4574392.63, 430721.782 4574368.238, 430728.26 4574347.702, 430733.094 4574328.174, 430732.0843 4574320.3097, 430727.2 4574317.84, 430724.11 4574316.92, 430722.71 4574315.5, 430722.73 4574308.16, 430723.28 4574303.01, 430724.07 4574299.59, 430725.49 4574296.0, 430727.55 4574292.77, 430729.3 4574290.72, 430732.74 4574287.64, 430736.51 4574285.36, 430739.3 4574284.18, 430744.35 4574282.88, 430749.44 4574282.45, 430756.09 4574282.99, 430759.34 4574283.92, 430761.47 4574284.93, 430766.11 4574288.4, 430769.91 4574292.73, 430772.61 4574296.4, 430774.89 4574300.17, 430776.11 4574302.78, 430777.28 4574306.47, 430777.78 4574310.17, 430777.62 4574313.91, 430777.13 4574316.33, 430764.54 4574362.17, 430759.93 4574380.36, 430747.57 4574435.3, 430714.52 4574570.41, 430703.7 4574617.88, 430688.55 4574679.11, 430666.97 4574764.23, 430647.32 4574848.77, 430626.11 4574935.66, 430606.73 4575013.14, 430597.36 4575054.12, 430591.26 4575079.3, 430584.98 4575104.44, 430569.65 4575162.51, 430556.98 4575215.9, 430542.37 4575280.19, 430532.14 4575316.73, 430531.53 4575323.39, 430532.03 4575330.08, 430533.03 4575336.49, 430537.75 4575355.56, 430539.51 4575364.08, 430540.12 4575368.99, 430540.0 4575384.54, 430542.25 4575404.74, 430543.4 4575411.4, 430545.5 4575420.16, 430558.3 4575465.41, 430623.83 4575820.3, 430664.09 4576046.91, 430686.03 4576167.35, 430693.71 4576214.47, 430696.11 4576226.98, 430699.04 4576239.38, 430710.37 4576283.06, 430713.26 4576296.1, 430712.99 4576298.08, 430712.26 4576300.06, 430710.12 4576304.25, 430709.84 4576307.32, 430710.24 4576312.91, 430710.66 4576315.41, 430713.480000001 4576325.63, 430714.15 4576329.36, 430714.43 4576335.32, 430716.66 4576343.46, 430716.92 4576352.19, 430719.76 4576360.32, 430722.17 4576365.23, 430722.72 4576380.05, 430724.14 4576383.61, 430724.26 4576385.42, 430723.86 4576387.9, 430724.4 4576394.36, 430725.13 4576396.67, 430727.63 4576400.16, 430728.55 4576402.56, 430728.74 4576411.9, 430729.58 4576415.4, 430730.73 4576418.43, 430730.39 4576420.59, 430728.36 4576424.82, 430728.25 4576426.26, 430729.82 4576432.14, 430731.12 4576441.04, 430731.25 4576447.26, 430731.8 4576449.88, 430732.65 4576450.88, 430736.07 4576452.98, 430735.78 4576455.06, 430734.81 4576457.69, 430735.44 4576460.0, 430736.51 4576461.61, 430736.87 4576473.03, 430737.35 4576475.75, 430739.69 4576482.04, 430741.74 4576484.24, 430744.06 4576491.82, 430744.39 4576494.73, 430743.89 4576496.24, 430742.33 4576497.02, 430741.56 4576498.18, 430741.17 4576499.4, 430741.24 4576500.74, 430741.85 4576502.06, 430743.2 4576503.16, 430745.65 4576503.96, 430746.77 4576505.7, 430747.19 4576507.49, 430747.15 4576509.26, 430746.76 4576510.56, 430746.16 4576511.82, 430744.45 4576513.79, 430744.69 4576518.59, 430745.1 4576520.48, 430745.83 4576521.68, 430748.94 4576524.57, 430749.45 4576526.15, 430748.73 4576528.19, 430748.59 4576531.97, 430747.75 4576537.05, 430748.06 4576538.28, 430751.79 4576542.92, 430751.78 4576544.7, 430750.48 4576546.43, 430748.61 4576547.87, 430748.58 4576550.22, 430749.57 4576553.1, 430750.35 4576557.8, 430751.62 4576562.07, 430753.15 4576564.47, 430754.66 4576565.21, 430756.59 4576565.38, 430757.47 4576566.97, 430757.99 4576568.9, 430758.04 4576570.8, 430756.81 4576573.76, 430756.45 4576576.14, 430756.98 4576577.93, 430759.22 4576581.56, 430761.04 4576589.53, 430763.38 4576594.34, 430766.69 4576599.94, 430767.34 4576601.51, 430767.73 4576603.64, 430767.15 4576608.55, 430766.46 4576611.29, 430764.41 4576616.68, 430764.25 4576619.25, 430764.69 4576625.51, 430765.79 4576631.02, 430766.66 4576632.75, 430769.03 4576635.22, 430769.87 4576637.44, 430768.91 4576643.35, 430768.91 4576651.56, 430769.25 4576656.47, 430771.24 4576661.25, 430775.72 4576668.75, 430777.0 4576672.07, 430776.82 4576679.61, 430775.57 4576684.91, 430775.47 4576688.86, 430775.68 4576690.46, 430776.36 4576691.95, 430780.15 4576695.69, 430780.69 4576697.26, 430780.62 4576698.87, 430779.65 4576700.91, 430779.68 4576704.28, 430782.71 4576716.63, 430784.66 4576726.38, 430783.72 4576728.8, 430783.34 4576731.25, 430784.17 4576736.36, 430784.31 4576741.6, 430786.37 4576751.15, 430787.38 4576761.3, 430788.28 4576766.24, 430789.37 4576769.78, 430790.6 4576771.4, 430792.25 4576772.13, 430793.29 4576773.38, 430794.55 4576776.41, 430795.36 4576799.66, 430795.71 4576802.66, 430799.38 4576811.13, 430799.21 4576815.5, 430799.67 4576816.74, 430803.17 4576820.36, 430804.24 4576822.99, 430804.61 4576826.72, 430803.66 4576832.39, 430804.21 4576836.83, 430802.96 4576841.65, 430802.82 4576843.8, 430803.49 4576844.95, 430804.54 4576845.88, 430807.56 4576847.02, 430808.08 4576848.04, 430807.84 4576849.07, 430806.34 4576849.99, 430804.5 4576850.37, 430803.8 4576853.89, 430804.11 4576855.2, 430805.97 4576857.12, 430808.36 4576858.71, 430809.16 4576860.61, 430808.86 4576871.76, 430811.51 4576879.82, 430814.52 4576892.63, 430813.46 4576897.64, 430814.78 4576901.69, 430814.81 4576903.01, 430813.93 4576905.1, 430813.64 4576906.77, 430813.91 4576908.38, 430818.97 4576917.31, 430820.06 4576920.07, 430820.71 4576923.0, 430821.25 4576927.34, 430821.16 4576931.66, 430819.93 4576936.91, 430819.85 4576946.2, 430820.13 4576948.78, 430822.04 4576953.2, 430822.82 4576956.53, 430824.26 4576971.52, 430825.97 4576974.49, 430828.38 4576980.1, 430829.77 4576985.77, 430831.52 4576997.42, 430832.99 4577002.62, 430835.67 4577009.39, 430836.85 4577013.51, 430838.29 4577024.65, 430838.55 4577034.87, 430839.83 4577046.45, 430841.34 4577051.92, 430843.25 4577056.27, 430844.92 4577059.05, 430846.13 4577063.06, 430847.17 4577078.36, 430848.49 4577084.47, 430849.0 4577088.97, 430848.62 4577101.43, 430849.25 4577103.82, 430850.85 4577106.23, 430852.39 4577109.4, 430852.93 4577112.52, 430853.22 4577119.32, 430854.16 4577121.34, 430855.77 4577123.08, 430858.59 4577125.24, 430859.81 4577127.78, 430860.3 4577131.07, 430859.77 4577138.21, 430860.03 4577140.89, 430860.73 4577142.01, 430862.27 4577142.81, 430863.06 4577143.45, 430863.27 4577144.06, 430859.87 4577146.44, 430860.54 4577148.09, 430859.75 4577153.53, 430861.65 4577159.58, 430863.6 4577169.59, 430866.58 4577172.52, 430866.9 4577173.58, 430866.66 4577174.7, 430865.29 4577176.51, 430862.98 4577184.86, 430862.96 4577186.13, 430863.42 4577187.4, 430865.72 4577188.35, 430866.6 4577190.67, 430866.45 4577193.1, 430864.79 4577196.53, 430864.81 4577202.02, 430865.24 4577203.57, 430866.13 4577204.57, 430869.0 4577206.41, 430869.35 4577207.34, 430869.15 4577208.34, 430868.0 4577209.93, 430867.31 4577212.75, 430867.32 4577216.79, 430868.43 4577223.28, 430869.52 4577225.58, 430872.07 4577227.36, 430872.92 4577228.74, 430873.99 4577231.65, 430873.87 4577233.03, 430871.15 4577235.74, 430871.23 4577236.75, 430871.84 4577237.81, 430873.1 4577239.57, 430874.26 4577240.32, 430874.8 4577241.55, 430874.02 4577243.33, 430873.75 4577245.38, 430874.03 4577247.43, 430875.96 4577251.37, 430876.24 4577266.91, 430876.65 4577269.67, 430878.57 4577272.25, 430882.47 4577275.42, 430884.02 4577278.04, 430884.1 4577279.7, 430883.17 4577281.48, 430881.3 4577282.96, 430880.58 4577284.97, 430882.29 4577290.09, 430884.84 4577295.76, 430885.19 4577301.54, 430887.4 4577306.16, 430887.86 4577308.43, 430886.96 4577313.44, 430887.97 4577315.11, 430891.32 4577315.38, 430892.46 4577316.32, 430893.81 4577318.77, 430893.94 4577319.99, 430892.63 4577324.26, 430893.39 4577326.48, 430889.81 4577328.87, 430888.77 4577331.12, 430888.87 4577332.33, 430889.59 4577333.39, 430893.93 4577335.33, 430894.42 4577337.36, 430894.55 4577342.71, 430891.51 4577345.15, 430891.09 4577349.0, 430891.37 4577350.54, 430895.09 4577352.8, 430895.64 4577353.97, 430895.43 4577356.4, 430894.98 4577357.64, 430893.49 4577359.35, 430893.5 4577360.79, 430893.64 4577366.7, 430894.02 4577369.55, 430894.7 4577372.36, 430896.62 4577376.48, 430896.51 4577380.21, 430895.92 4577382.31, 430900.38 4577383.7, 430901.33 4577384.54, 430901.02 4577390.48, 430901.38 4577403.4, 430902.86 4577405.41, 430905.77 4577406.95, 430906.71 4577408.26, 430907.26 4577409.73, 430909.14 4577429.78, 430910.99 4577437.34, 430910.88 4577440.98, 430909.52 4577447.89, 430910.62 4577449.01, 430912.49 4577449.0, 430913.41 4577450.08, 430913.76 4577451.18, 430912.98 4577452.66, 430912.76 4577454.3, 430912.88 4577455.97, 430914.22 4577458.34, 430914.32 4577459.73, 430912.82 4577460.77, 430912.12 4577461.86, 430913.4 4577464.96, 430912.98 4577466.21, 430911.32 4577467.4, 430910.66 4577468.6, 430910.31 4577471.49, 430910.84 4577473.08, 430912.86 4577475.33, 430913.82 4577477.42, 430913.73 4577479.94, 430912.77 4577481.85, 430913.37 4577483.71, 430916.68 4577486.24, 430917.06 4577487.49, 430917.84 4577506.19, 430918.43 4577509.8, 430921.33 4577518.03, 430922.34 4577521.92, 430921.94 4577528.95, 430922.14 4577530.54, 430923.81 4577533.69, 430924.25 4577535.45, 430924.44 4577537.21, 430923.99 4577538.82, 430924.87 4577540.55, 430927.13 4577542.57, 430927.59 4577549.32, 430929.33 4577557.43, 430928.76 4577561.3, 430928.79 4577563.81, 430930.35 4577566.67, 430932.2 4577568.49, 430934.11 4577569.3, 430934.78 4577570.57, 430934.18 4577572.47, 430934.51 4577579.15, 430935.83 4577582.29, 430935.89 4577584.41, 430934.75 4577589.16, 430934.84 4577590.19, 430935.48 4577591.14, 430936.78 4577591.79, 430940.24 4577591.88, 430942.35 4577592.34, 430942.94 4577593.16, 430942.98 4577594.03, 430942.18 4577595.51, 430940.84 4577596.82, 430940.83 4577599.57, 430940.13 4577602.35, 430938.74 4577603.61, 430938.15 4577604.73, 430938.07 4577605.85, 430940.28 4577611.2, 430940.49 4577615.65, 430940.85 4577617.14, 430942.56 4577618.84, 430943.73 4577620.87, 430943.83 4577622.49, 430948.17 4577625.06, 430949.27 4577626.02, 430949.73 4577627.12, 430949.56 4577628.27, 430948.14 4577629.93, 430947.2 4577632.99, 430945.73 4577644.41, 430947.15 4577655.58, 430947.84 4577657.35, 430949.02 4577658.91, 430952.34 4577661.23, 430953.55 4577663.29, 430953.77 4577666.81, 430952.9 4577670.39, 430952.49 4577673.98, 430952.94 4577676.97, 430954.42 4577678.88, 430956.33 4577680.41, 430956.79 4577681.67, 430957.26 4577685.52, 430957.11 4577688.03, 430955.18 4577691.84, 430954.01 4577696.86, 430953.84 4577699.09, 430954.49 4577701.31, 430956.54 4577702.87, 430959.28 4577703.78, 430960.22 4577705.95, 430960.21 4577707.69, 430961.81 4577715.79, 430961.85 4577723.94, 430960.68 4577726.56, 430960.1 4577730.73, 430960.19 4577732.35, 430960.7 4577733.96, 430963.59 4577735.79, 430966.99 4577743.19, 430967.39 4577745.18, 430964.73 4577749.83, 430964.71 4577751.89, 430965.54 4577753.93, 430970.49 4577762.89, 430974.66 4577769.88, 430974.77 4577771.88, 430971.83 4577778.29, 430971.8 4577784.93, 430971.11 4577794.47, 430971.35 4577805.5, 430971.93 4577808.3, 430973.26 4577810.87, 430977.47 4577815.32, 430978.42 4577817.11, 430976.29 4577817.91, 430975.34 4577819.48, 430974.85 4577821.25, 430974.83 4577823.0, 430979.07 4577840.3, 430981.35 4577846.8, 430984.68 4577854.47, 430985.21 4577856.5, 430984.53 4577870.59, 430984.95 4577878.61, 430985.71 4577881.17, 430986.73 4577882.81, 430988.05 4577884.22, 430990.57 4577886.07, 430991.49 4577888.33, 430990.44 4577891.17, 430989.32 4577892.47, 430989.14 4577895.9, 430989.68 4577898.61, 430992.41 4577902.79, 430994.05 4577908.55, 430994.38 4577910.34, 430993.43 4577918.48, 430994.12 4577920.1, 430995.0 4577920.8, 430996.0 4577920.98, 431000.82 4577920.31, 431001.47 4577920.91, 431001.6 4577921.76)), ((431136.3805075 4580480.333908, 431117.418 4580486.828, 431111.3 4580477.562, 431112.232 4580476.98, 431107.67 4580469.624, 431106.757 4580470.188, 431029.304 4580345.384, 431030.246 4580344.78, 431025.391 4580337.194, 431024.591 4580337.706, 431023.998 4580336.91, 431009.386 4580314.056, 431011.98 4580312.215, 431007.013 4580304.77, 430993.249 4580285.094, 430978.464 4580277.342, 430973.456 4580273.694, 430971.52 4580271.822, 430964.368 4580260.43, 430954.947 4580246.428, 430950.641 4580249.07, 430920.387 4580199.7, 430922.992 4580198.622, 430912.516 4580167.231, 430914.757 4580166.822, 430907.034 4580146.782, 430903.951 4580139.648, 430898.5758935 4580124.4180365, 430883.675689 4580128.833921, 430874.7907275 4580089.163477, 430865.1525155 4580050.2588325, 430863.7028015 4580025.1077345, 430861.068618 4580013.438629, 430856.1338605 4580000.3362095, 430789.986369 4579889.609041, 430785.1165925 4579880.7305135, 430797.1271435 4579867.946239, 430762.7225 4579801.8475, 430750.5165 4579774.7115, 430698.7635 4579651.7625, 430685.3154 4579620.6432, 430653.9284 4579561.0637, 430544.7935 4579370.6745, 430516.7124 4579323.4524, 430482.2275 4579278.8645, 430461.1705 4579255.9235, 430415.3085 4579213.13, 430328.2065 4579130.9725, 430284.3455 4579090.6715, 430248.7575 4579060.5445, 430183.7686 4579009.5558, 430127.7365 4578959.56, 430054.9095 4578890.7495, 430008.6249 4578845.2922, 429975.3845 4578810.2295, 429931.6465 4578760.1305, 429819.0775 4578627.6805, 429704.5484 4578490.8542, 429625.6963 4578410.7746, 429605.8808 4578392.4361, 429551.4171 4578340.0869, 429526.2464 4578319.2723, 429497.5072 4578296.994, 429462.2027 4578272.9057, 429424.7721 4578251.55, 429390.1772 4578233.3487, 429361.5196 4578219.8632, 429349.1509 4578211.3739, 429313.5006 4578196.6414, 429258.1598 4578177.7047, 429186.0343 4578154.5801, 429151.3698 4578166.5082, 429080.4389 4578225.0917, 429016.2775 4578241.2887, 428977.0615 4578266.8845, 428922.9855 4578305.9245, 428790.7455 4578397.4445, 428687.3815 4578469.4785, 428656.9745 4578497.4485, 428636.4535 4578513.4435, 428626.3415 4578523.2875, 428617.4455 4578533.9715, 428596.458 4578563.0479, 428582.3635 4578548.8095, 428568.4675 4578539.0235, 428493.1955 4578493.4775, 428413.0815 4578465.9575, 428390.7145 4578457.4495, 428366.0095 4578444.7455, 428341.9075 4578432.7975, 428311.9135 4578487.6895, 428276.6015 4578553.5155, 428215.1265 4578670.9115, 428072.4075 4578594.2225, 427863.4755 4578483.7175, 427767.145 4578433.9064, 427575.254649 4578333.389535, 427549.3646 4578313.0404, 427538.5239 4578307.092, 427642.9759 4578116.8551, 427653.9356 4578098.3207, 427664.1536 4578082.3031, 427839.2761 4577834.2741, 427810.0578 4577821.1234, 427785.6226 4577789.4197, 427691.319 4577747.472, 427618.396 4577715.549, 427393.407 4577616.113, 427318.022 4577581.244, 427109.529 4577480.669, 427054.857 4577456.237, 425635.4366 4576849.0449, 425369.5493 4576730.5567, 424808.8 4576483.9, 424738.0121 4576452.2078, 424881.4033 4576373.9593, 424924.5882 4576345.8332, 424954.9397 4576323.6179, 425037.4391 4576259.6209, 425092.2351 4576214.1708, 425141.9892 4576165.1542, 425178.4519 4576127.8566, 425239.8682 4576062.7385, 425329.4669 4575968.9998, 425389.3857 4575897.1411, 425419.9483 4575855.3282, 425533.5602 4575654.3116, 425636.0791 4575466.5032, 425712.0783 4575340.1674, 425779.0541 4575281.6749, 425855.9833 4575201.494, 425989.929 4575090.0891, 426105.6714 4575025.7444, 426260.4598 4574959.0036, 426497.7462 4574882.4491, 426613.8152 4574852.4556, 426836.1554 4574799.8391, 427063.4427 4574754.0795, 427246.7572 4574731.1912, 427364.3835 4574734.1112, 427403.3701 4574737.9052, 428005.1451 4574761.7785, 428130.5857 4574757.7546, 428337.5494 4574739.4797, 428504.6264 4574716.3812, 428577.982 4574718.8703, 428587.294 4574716.5982, 428598.198 4574715.8301, 428669.5181 4574715.5096, 428820.8383 4574712.1244, 428829.2224 4574712.3803, 428838.3104 4574713.8443, 428849.0171 4574705.4439, 428920.1041 4574798.7488, 428930.3113 4574814.7007, 428939.7354 4574833.9807, 429008.1744715 4574978.2129795, 429053.0178 4574956.7403, 429054.972 4574959.254, 429060.319 4574969.059, 429062.217 4574981.82, 429070.111 4575001.297, 429082.481 4575030.327, 429089.823 4575056.366, 429091.434 4575068.808, 429097.044 4575083.313, 429103.444 4575105.2, 429107.43 4575115.654, 429112.718 4575142.987, 429120.771 4575176.924, 429120.794 4575184.468, 429124.815 4575200.379, 429127.925 4575218.453, 429131.701 4575228.632, 429132.39 4575235.99, 429135.534 4575244.452, 429140.323 4575254.763, 429142.043 4575265.774, 429145.452 4575277.123, 429146.445 4575282.866, 429148.685 4575289.425, 429149.393 4575297.495, 429152.518 4575311.703, 429156.24 4575323.34, 429159.141 4575328.533, 429160.611 4575335.559, 429163.113 4575342.126, 429164.288 4575347.737, 429169.846 4575356.806, 429171.796 4575364.386, 429188.349 4575438.777, 429192.817 4575455.872, 429193.038 4575459.359, 429188.474 4575461.377, 429192.354 4575469.46, 429196.78 4575467.359, 429200.17 4575477.241, 429203.052 4575478.839, 429209.984 4575476.427, 429217.193 4575471.922, 429221.641 4575465.014, 429222.543 4575460.724, 429223.949 4575459.077, 429221.908 4575455.446, 429206.406 4575438.759, 429206.201 4575433.218, 429206.2 4575431.427, 429207.49 4575429.913, 429220.631 4575426.924, 429224.727 4575427.408, 429231.257 4575433.18, 429238.613 4575442.405, 429244.509 4575454.717, 429244.585 4575464.705, 429243.497 4575471.297, 429236.409 4575486.009, 429227.101 4575493.333, 429225.437 4575495.897, 429225.761 4575497.941, 429228.569 4575498.613, 429269.033 4575496.157, 429452.576 4575492.581, 429608.947 4575492.099, 429610.947 4575486.987, 429615.595 4575484.579, 429619.403 4575484.035, 429613.667 4575462.963, 429607.259 4575459.995, 429604.211 4575452.523, 429599.275 4575437.067, 429598.082 4575430.699, 429602.546 4575421.003, 429605.842 4575417.211, 429612.666 4575414.851, 429623.466 4575414.891, 429628.754 4575416.251, 429633.65 4575419.179, 429638.178 4575423.651, 429642.027 4575432.291, 429647.307 4575445.571, 429660.763 4575490.571, 429666.619 4575505.667, 429675.058 4575520.195, 429683.594 4575536.098, 429690.411 4575566.45, 429706.603 4575620.058, 429731.66 4575696.346, 429762.644 4575788.691, 429781.325 4575842.771, 429801.597 4575906.81, 429820.614 4575957.914, 429826.318 4575979.09, 429842.43 4576028.346, 429850.823 4576049.618, 429882.574 4576142.394, 429895.975 4576182.61, 429901.991 4576197.69, 429905.815 4576212.554, 429914.311 4576232.826, 429917.967 4576245.914, 429928.711 4576272.162, 429943.464 4576316.986, 429959.968 4576364.21, 429985.857 4576430.362, 429994.199 4576450.729, 430003.827 4576483.713, 430013.863 4576510.989, 430019.458 4576525.189, 430016.865 4576531.656, 430020.274 4576541.1, 430024.236 4576542.743, 430029.277 4576546.488, 430029.723 4576549.606, 430030.334 4576550.992, 430030.087 4576551.593, 430029.293 4576551.794, 430028.592 4576551.443, 430027.539 4576553.445, 430028.154 4576554.041, 430028.123 4576554.615, 430026.553 4576555.746, 430024.524 4576555.545, 430024.151 4576556.892, 430026.35 4576562.351, 430028.095 4576565.103, 430032.455 4576579.724, 430034.039 4576581.764, 430033.752 4576583.452, 430038.539 4576595.505, 430038.845 4576595.613, 430039.089 4576598.522, 430040.829 4576601.581, 430042.016 4576604.548, 430042.162 4576606.665, 430043.958 4576613.358, 430045.89 4576617.139, 430046.657 4576617.307, 430090.825 4576608.326, 430118.629 4576601.919, 430120.783 4576601.958, 430123.139 4576602.792, 430124.759 4576603.95, 430125.389 4576605.7706, 430143.081 4576601.836, 430136.422 4576572.68, 430149.359 4576569.726, 430167.725 4576650.145, 430154.908 4576653.072, 430147.885 4576623.642, 430130.0745 4576628.1383, 430130.432 4576630.227, 430130.046 4576631.123, 430127.13 4576634.015, 430124.018 4576635.805, 430107.128 4576640.257, 430101.718 4576642.025, 430089.015 4576644.758, 430072.268 4576649.193, 430060.215 4576651.158, 430057.837 4576652.14, 430066.945 4576676.782, 430074.453 4576698.987, 430104.107 4576782.441, 430131.968 4576864.941, 430132.966 4576865.791, 430133.9 4576866.129, 430135.75 4576866.263, 430144.1341 4576863.0839, 430143.601 4576861.504, 430147.208 4576860.287, 430149.6119 4576867.4108, 430187.42 4576854.653, 430198.687 4576905.173, 430190.787 4576906.966, 430181.496 4576865.338, 430152.282 4576875.301, 430161.765 4576903.106, 430158.168 4576904.333, 430156.4741 4576899.366, 430154.231 4576900.147, 430153.207 4576901.109, 430151.077 4576902.251, 430150.357 4576902.187, 430149.553 4576903.127, 430149.659 4576904.025, 430148.473 4576905.079, 430147.876 4576907.683, 430148.176 4576909.227, 430147.454 4576910.561, 430147.296 4576912.249, 430148.662 4576917.405, 430149.54 4576918.825, 430150.364 4576921.429, 430152.646 4576926.393, 430152.806 4576928.117, 430154.917 4576934.369, 430157.305 4576939.047, 430158.803 4576946.289, 430160.153 4576950.305, 430161.539 4576952.723, 430162.161 4576955.345, 430163.133 4576956.899, 430165.029 4576963.513, 430166.939 4576965.085, 430168.335 4576967.293, 430169.225 4576967.939, 430170.921 4576968.283, 430173.621 4576968.129, 430174.659 4576967.573, 430177.203 4576967.489, 430188.025 4576964.501, 430192.195 4576964.321, 430194.861 4576963.211, 430200.521 4576962.573, 430203.841 4576961.677, 430209.257 4576959.614, 430213.977 4576959.324, 430225.917 4576955.37, 430231.451 4576955.084, 430234.775 4576955.908, 430237.087 4576957.214, 430238.845 4576959.011, 430240.729 4576961.789, 430241.259 4576963.227, 430241.365 4576966.441, 430242.721 4576973.005, 430242.087 4576975.463, 430241.153 4576977.002, 430240.377 4576980.334, 430239.289 4576981.344, 430237.707 4576982.2, 430235.959 4576983.856, 430230.879 4576985.432, 430220.757 4576986.994, 430215.545 4576986.184, 430210.697 4576983.092, 430209.385 4576983.436, 430208.177 4576984.249, 430204.089 4576984.441, 430202.649 4576983.701, 430201.059 4576983.841, 430197.947 4576985.253, 430196.343 4576985.617, 430194.809 4576985.579, 430187.843 4576986.913, 430185.635 4576987.057, 430175.971 4576990.173, 430170.197 4576990.295, 430164.195 4576992.321, 430153.545 4576994.834, 430151.459 4576995.824, 430149.017 4576996.282, 430147.927 4576996.022, 430145.967 4576996.264, 430140.049 4577002.532, 430137.049 4577003.66, 430134.839 4577005.142, 430130.873 4577006.66, 430127.881 4577006.582, 430124.679 4577006.976, 430123.015 4577007.566, 430116.543 4577007.366, 430114.537 4577006.871, 430112.745 4577007.027, 430108.311 4577008.483, 430107.349 4577008.499, 430105.189 4577008.493, 430097.837 4577006.789, 430096.863 4577007.491, 430092.347 4577007.271, 430089.305 4577008.491, 430085.643 4577009.379, 430081.281 4577009.817, 430078.275 4577009.465, 430075.633 4577010.111, 430072.749 4577009.805, 430070.227 4577011.571, 430069.375 4577012.683, 430068.563 4577012.829, 430066.535 4577012.243, 430064.235 4577012.589, 430057.869 4577014.269, 430056.453 4577015.179, 430052.153 4577015.385, 430050.097 4577015.795, 430048.039 4577017.375, 430047.097 4577017.163, 430044.259 4577017.879, 430043.433 4577018.555, 430036.435 4577019.403, 430034.633 4577019.897, 430033.231 4577021.201, 430031.077 4577022.089, 430029.651 4577022.153, 430025.821 4577023.653, 430023.833 4577023.915, 430022.807 4577024.443, 430024.179 4577037.205, 430025.083 4577040.097, 430026.935 4577044.109, 430028.391 4577044.981, 430030.063 4577045.301, 430031.787 4577045.105, 430033.639 4577044.005, 430039.287 4577042.345, 430044.623 4577041.733, 430048.719 4577042.057, 430050.735 4577043.145, 430051.779 4577044.597, 430052.427 4577046.673, 430054.331 4577049.577, 430055.315 4577052.757, 430055.511 4577054.589, 430058.672 4577061.849, 430060.44 4577069.973, 430061.308 4577071.453, 430061.832 4577071.809, 430062.092 4577072.689, 430061.407 4577074.996, 430072.7445 4577072.3109, 430075.872 4577085.527, 429932.968 4577117.368, 429930.004 4577104.136, 429942.47 4577101.483, 429942.552 4577097.042, 429941.972 4577094.154, 429940.808 4577090.942, 429940.812 4577088.762, 429939.488 4577084.25, 429937.787 4577076.394, 429937.475 4577071.434, 429937.851 4577069.814, 429938.483 4577068.514, 429939.951 4577067.278, 429941.803 4577066.346, 429948.759 4577064.162, 429956.559 4577062.67, 429958.127 4577062.11, 429958.351 4577061.17, 429955.687 4577045.79, 429952.939 4577039.85, 429951.623 4577039.35, 429948.491 4577039.386, 429946.819 4577039.798, 429945.727 4577040.642, 429937.798 4577042.161, 429931.371 4577044.874, 429929.059 4577045.286, 429924.811 4577046.746, 429918.055 4577048.038, 429915.375 4577049.542, 429911.327 4577049.954, 429907.103 4577051.57, 429900.479 4577053.034, 429894.479 4577055.31, 429885.271 4577056.134, 429876.775 4577057.366, 429874.699 4577058.439, 429867.703 4577058.835, 429863.687 4577060.151, 429854.863 4577064.184, 429850.743 4577064.916, 429847.007 4577067.064, 429845.651 4577067.44, 429844.155 4577066.988, 429843.299 4577066.304, 429839.263 4577066.42, 429835.267 4577065.944, 429832.311 4577066.776, 429827.399 4577068.892, 429823.459 4577069.784, 429819.595 4577071.692, 429812.795 4577071.7, 429808.631 4577072.256, 429806.767 4577073.184, 429806.615 4577074.916, 429808.439 4577079.544, 429810.175 4577087.112, 429814.931 4577095.5, 429817.047 4577104.16, 429818.328 4577105.728, 429818.848 4577110.528, 429818.744 4577115.164, 429819.112 4577116.856, 429818.712 4577117.86, 429819.744 4577123.536, 429819.492 4577124.888, 429818.8572 4577125.4824, 429820.084 4577128.549, 429779.345 4577149.787, 429678.62 4577203.134, 429677.353 4577200.538, 429666.428 4577204.909, 429662.284 4577205.353, 429660.584 4577205.317, 429658.46 4577204.453, 429655.828 4577202.729, 429591.2352 4577148.9671, 429590.712 4577149.629, 429588.377 4577147.785, 429589.614 4577146.219, 429587.729 4577144.194, 429585.397 4577139.726, 429583.573 4577137.122, 429579.101 4577134.022, 429576.461 4577131.134, 429575.029 4577130.182, 429573.325 4577129.854, 429569.453 4577130.062, 429561.765 4577131.286, 429557.637 4577131.554, 429553.109 4577132.45, 429546.813 4577131.974, 429543.321000001 4577130.886, 429530.649 4577124.798, 429527.901 4577123.81, 429523.717 4577121.434, 429509.821 4577111.53, 429498.165 4577104.762, 429495.533 4577104.31, 429489.137 4577099.282, 429485.669 4577097.65, 429476.838 4577092.053, 429474.124 4577096.726, 429482.961 4577102.07, 429477.62 4577111.139, 429457.505 4577098.915, 429462.945 4577089.963, 429463.9271 4577090.5569, 429466.731 4577085.921, 429465.057 4577084.543, 429462.789 4577083.667, 429455.8611 4577079.6118, 429454.121 4577082.323, 429454.632 4577082.691, 429452.101 4577086.107, 429448.73 4577083.61, 429450.913 4577080.414, 429451.161 4577080.583, 429451.908 4577079.49, 429452.141 4577079.649, 429453.0993 4577078.2454, 429449.669 4577075.943, 429447.07 4577074.712, 429445.317 4577074.243, 429442.961 4577071.975, 429439.457 4577070.179, 429430.308 4577064.629, 429426.572 4577061.865, 429420.62 4577058.313, 429418.124 4577057.345, 429413.399 4577053.845, 429409.279 4577051.265, 429406.755 4577048.909, 429405.431 4577046.813, 429402.167 4577040.353, 429399.959 4577034.037, 429392.599 4577022.321, 429391.247 4577018.545, 429390.515 4577014.573, 429388.007 4577009.393, 429385.687 4577006.013, 429384.335 4577002.397, 429382.039 4576998.865, 429378.547 4576990.521, 429376.375 4576986.609, 429372.895 4576977.757, 429369.379 4576971.785, 429367.315 4576969.365, 429365.811 4576965.809, 429362.963 4576960.665, 429362.944 4576959.484, 429362.423 4576958.129, 429358.343 4576952.097, 429357.811 4576950.869, 429357.939 4576949.517, 429353.7332 4576940.5164, 429347.203 4576935.698, 429347.59 4576932.825, 429347.338 4576930.869, 429345.946 4576927.561, 429345.502 4576925.057, 429344.594 4576923.217, 429344.098 4576921.161, 429340.954 4576912.725, 429339.494 4576909.721, 429339.178 4576907.905, 429338.446000001 4576906.405, 429335.13 4576901.945, 429332.798 4576895.941, 429332.514 4576893.165, 429331.945 4576891.558, 429328.133 4576892.809, 429327.7 4576891.491, 429330.686 4576890.511, 429328.902 4576889.869, 429327.834 4576888.237, 429326.786 4576883.745, 429324.234 4576876.681, 429323.362 4576874.517, 429322.194 4576872.925, 429320.238 4576868.653, 429317.95 4576864.745, 429314.974 4576856.269, 429312.582 4576851.893, 429309.262 4576844.501, 429308.63 4576840.497, 429304.606 4576833.477, 429299.25 4576823.029, 429297.642 4576818.989, 429295.67 4576816.661, 429291.165 4576809.693, 429290.057 4576807.241, 429289.005 4576801.561, 429286.017 4576795.753, 429285.625 4576793.377, 429284.525 4576791.067, 429281.642 4576786.9, 429280.661 4576786.457, 429278.897 4576784.67, 429278.245 4576783.431, 429276.312 4576775.988, 429274.037 4576770.899, 429268.555 4576761.412, 429266.607 4576760.44, 429264.339 4576758.064, 429260.867 4576752.18, 429259.739 4576748.576, 429257.763 4576746.26, 429256.691 4576743.608, 429255.263 4576742.276, 429254.235 4576741.956, 429251.335 4576742.32, 429249.615 4576741.872, 429248.967 4576741.4, 429247.519 4576739.056, 429245.65 4576732.971, 429243.747 4576729.992, 429243.279 4576727.096, 429244.731 4576724.864, 429248.651 4576721.96, 429249.019 4576718.692, 429248.759 4576716.516, 429243.527 4576707.144, 429242.395 4576703.152, 429241.447 4576700.964, 429237.67 4576694.056, 429234.658 4576689.556, 429233.282 4576685.028, 429229.334 4576676.456, 429226.69 4576672.536, 429225.232 4576668.587, 429223.82 4576669.273, 429222.864 4576667.321, 429224.451 4576666.595, 429222.496 4576663.257, 429223.008 4576661.665, 429222.32 4576659.073, 429221.544 4576657.509, 429219.884 4576655.497, 429217.704 4576650.761, 429215.664 4576647.561, 429215.212 4576645.913, 429213.02 4576643.493, 429208.936 4576634.289, 429206.888 4576631.601, 429205.232 4576627.829, 429204.984 4576626.501, 429202.524 4576621.761, 429202.336 4576618.097, 429199.26 4576613.161, 429196.424 4576604.849, 429195.66 4576603.821, 429194.652 4576603.421, 429193.644 4576603.581, 429192.076 4576604.933, 429190.22 4576605.461, 429189.448 4576606.157, 429187.48 4576606.513, 429186.552 4576606.273, 429185.28 4576605.357, 429181.337 4576601.698, 429179.196 4576596.377, 429178.916 4576594.877, 429179.064 4576593.649, 429180.616 4576591.129, 429182.668 4576589.373, 429184.764 4576588.661, 429185.988 4576587.513, 429186.304 4576586.805, 429186.16 4576583.393, 429184.684 4576581.301, 429183.728 4576578.653, 429182.44 4576576.661, 429182.015 4576575.105, 429181.111 4576574.005, 429179.759 4576571.301, 429177.895 4576568.885, 429176.867 4576564.733, 429175.307 4576563.333, 429174.031 4576561.025, 429173.111 4576560.097, 429170.799 4576555.393, 429170.567 4576553.905, 429166.467 4576547.361, 429164.675 4576543.313, 429163.563 4576539.033, 429162.735 4576538.001, 429160.655 4576533.357, 429159.315 4576531.493, 429158.423 4576527.937, 429157.171 4576525.517, 429156.365 4576524.578, 429155.405 4576525.058, 429154.463 4576523.173, 429155.058 4576522.876, 429152.983 4576519.389, 429151.827 4576515.833, 429150.779 4576514.769, 429149.499 4576511.465, 429148.931 4576510.813, 429148.527 4576507.845, 429142.815 4576496.801, 429139.295 4576486.629, 429138.275 4576484.481, 429136.319 4576482.065, 429134.959 4576479.049, 429133.435 4576477.141, 429132.439 4576474.317, 429130.943 4576471.853, 429127.099 4576460.357, 429125.307 4576456.077, 429125.018 4576454.581, 429124.142 4576453.353, 429123.474 4576451.317, 429121.758 4576449.809, 429120.582 4576449.781, 429117.958 4576450.225, 429115.89 4576451.233, 429111.81 4576451.513, 429110.21 4576450.657, 429108.562 4576448.103, 429106.797 4576443.129, 429106.097 4576438.684, 429107.262 4576437.404, 429110.814 4576435.311, 429111.588 4576434.499, 429112.063 4576433.209, 429112.328 4576428.894, 429111.958 4576427.508, 429109.211 4576422.255, 429107.295 4576417.261, 429104.611 4576413.431, 429104.696 4576411.811, 429102.499 4576410.415, 429101.619 4576406.647, 429100.099 4576404.719, 429099.075 4576402.119, 429097.891 4576400.263, 429097.723 4576399.079, 429096.997 4576397.476, 429094.609 4576394.3, 429094.272 4576391.866, 429092.099 4576388.927, 429089.995 4576383.823, 429088.298 4576382.393, 429086.947 4576379.647, 429085.091 4576379.111, 429084.881 4576376.0112, 429084.174 4576376.404, 429083.314 4576374.722, 429084.5671 4576374.0363, 429083.977 4576372.189, 429082.385 4576368.733, 429080.185 4576366.173, 429078.081 4576362.653, 429077.233 4576359.301, 429076.161 4576357.877, 429074.26 4576351.445, 429069.913 4576342.541, 429067.801 4576334.02, 429064.56 4576329.405, 429063.544 4576326.765, 429062.664 4576325.453, 429063.101 4576323.815, 429062.599 4576321.961, 429057.616 4576313.861, 429055.056 4576306.405, 429053.416 4576304.597, 429051.296 4576299.061, 429050.054 4576297.479, 429048.141 4576296.374, 429047.032 4576296.51, 429041.4 4576299.294, 429040.469 4576299.201, 429038.584 4576297.837, 429036.931 4576294.877, 429035.463 4576291.125, 429033.733 4576289.166, 429033.333 4576287.076, 429033.882 4576285.801, 429035.014 4576284.829, 429036.478 4576284.381, 429036.686 4576283.741, 429038.695 4576283.232, 429039.334 4576282.781, 429040.181 4576281.092, 429040.239 4576277.129, 429039.703 4576275.278, 429038.622 4576273.237, 429038.174 4576271.165, 429036.47 4576269.205, 429035.79 4576266.477, 429034.31 4576264.837, 429030.174 4576257.525, 429028.39 4576255.429, 429026.886 4576251.637, 429026.654 4576249.877, 429026.124 4576248.686, 429024.518 4576246.685, 429023.713 4576247.203, 429023.102 4576246.533, 429022.526 4576243.805, 429020.406 4576239.693, 429020.078 4576237.805, 429017.55 4576234.933, 429016.678 4576231.637, 429015.142 4576228.469, 429014.724 4576225.669, 429013.453 4576226.28, 429012.528 4576224.588, 429013.7141 4576223.9781, 429010.604 4576219.675, 429010.343 4576218.969, 429010.364 4576216.819, 429009.531 4576215.659, 429008.587 4576213.243, 429007.049 4576211.352, 429006.083 4576208.491, 429005.251 4576207.459, 429003.219 4576201.899, 429001.315 4576200.643, 428998.819 4576193.038, 428997.859 4576191.019, 428996.819 4576189.915, 428995.075 4576184.683, 428992.747 4576180.411, 428992.291 4576178.267, 428990.515 4576175.723, 428988.9 4576170.317, 428988.043 4576168.483, 428986.755 4576166.851, 428982.371 4576155.075, 428981.442 4576153.836, 428980.115 4576153.579, 428978.883 4576152.595, 428978.101 4576152.867, 428976.563 4576154.331, 428975.011 4576154.515, 428973.731 4576155.235, 428972.811 4576154.523, 428971.483 4576154.619, 428970.667 4576153.987, 428968.433 4576150.536, 428965.708 4576147.541, 428964.269 4576145.022, 428964.119 4576143.076, 428964.668 4576141.923, 428966.932 4576139.995, 428968.942 4576139.19, 428971.177 4576137.333, 428971.807 4576136.208, 428971.628 4576134.771, 428968.204 4576125.907, 428964.708 4576119.987, 428964.66 4576119.019, 428964.118 4576117.905, 428961.436 4576113.731, 428960.9 4576111.851, 428959.396 4576110.259, 428956.996 4576106.684, 428956.332 4576104.963, 428956.588 4576103.723, 428952.404 4576098.139, 428952.979 4576094.099, 428951.983 4576093.201, 428951.503 4576092.086, 428950.5891 4576091.0761, 428950.033 4576091.335, 428949.212 4576089.572, 428949.6884 4576089.3501, 428946.17 4576082.57, 428944.82 4576079.21, 428934.225 4576061.327, 428933.913 4576058.375, 428933.22 4576055.72, 428930.27 4576048.7, 428928.22 4576044.44, 428923.59 4576036.73, 428919.28 4576026.06, 428915.866 4576020.191, 428914.44 4576018.23, 428903.22 4576013.7, 428899.22 4576007.54, 428898.1 4576003.51, 428898.58 4576001.11, 428902.22 4575995.77, 428903.43 4575993.11, 428903.61 4575991.83, 428903.36 4575990.56, 428901.96 4575987.39, 428892.48 4575970.82, 428889.78 4575965.51, 428887.3 4575959.45, 428880.65 4575948.0, 428880.35 4575944.64, 428879.54 4575942.6, 428878.28 4575940.77, 428875.28 4575938.49, 428873.43 4575936.37, 428868.79 4575925.26, 428851.07 4575887.67, 428849.6 4575885.9, 428836.82 4575877.05, 428834.97 4575874.2, 428832.56 4575868.62, 428829.45 4575859.68, 428829.38 4575857.56, 428829.83 4575855.44, 428832.3 4575849.66, 428832.83 4575847.73, 428833.03 4575845.8, 428832.6 4575843.48, 428831.52 4575841.24, 428827.06 4575835.68, 428823.14 4575828.2, 428805.53 4575792.19, 428782.15 4575742.23, 428781.32 4575741.12, 428780.1 4575740.37, 428773.58 4575738.92, 428766.8 4575741.8, 428761.35 4575742.88, 428760.696000001 4575742.7803, 428678.144 4575782.266, 428529.216 4575852.711, 428544.914 4575885.66, 428525.213 4575895.326, 428647.545 4576152.406, 428397.57 4576271.44, 428486.014 4576457.026, 428510.818 4576445.289, 428512.138 4576445.409, 428511.1067 4576470.5301, 428841.1024 4576480.3274, 428842.181 4576481.154, 428858.427 4576624.648, 428863.712 4576668.52, 428870.708 4576733.277, 428885.132 4576856.363, 428966.352 4577568.882, 428975.174 4577567.849, 428975.382 4577567.457, 428980.118 4577566.953, 428980.334 4577567.257, 428987.87 4577566.377, 428987.998 4577566.017, 428992.798 4577565.449, 428993.07 4577565.777, 429045.366 4577559.736, 429043.502 4577543.136, 429042.35 4577543.208, 429039.989 4577522.144, 429041.037 4577522.04, 429039.125 4577504.728, 429037.925 4577504.84, 429036.469 4577492.248, 429036.32 4577488.257, 429037.334 4577485.523, 429038.352 4577484.122, 429039.595 4577483.396, 429041.753 4577483.553, 429042.949 4577484.24, 429044.4 4577485.825, 429045.717 4577489.504, 429047.469 4577503.68, 429046.357 4577503.776, 429048.365 4577521.136, 429049.565 4577521.064, 429051.782 4577542.04, 429050.774 4577542.104, 429052.702 4577558.936, 429103.886 4577553.184, 429104.142 4577552.832, 429108.814 4577552.256, 429109.15 4577552.56, 429118.15 4577551.496, 429109.165 4577472.544, 429125.397 4577470.624, 429125.773 4577470.08, 429135.661 4577469.0, 429136.293 4577469.456, 429139.669 4577469.072, 429125.629 4577346.32, 429156.029 4577342.719, 429136.668 4577174.143, 429145.42 4577150.935, 429161.7 4577147.031, 429530.959 4577420.08, 429529.618 4577421.974, 429851.577 4577659.821, 429936.356 4577721.959, 429998.648 4577768.229, 429990.701 4577778.861, 429984.532 4577774.25, 429982.171 4577777.499, 430010.535 4577798.312, 430037.055 4577784.695, 430035.1228 4577781.2625, 430031.873 4577782.919, 430025.744 4577770.895, 430304.145 4577629.241, 430647.21 4578306.277, 430807.908 4578624.127, 430828.121 4578663.312, 430828.395 4578664.729, 430828.055 4578665.831, 430827.163 4578666.993, 430820.169 4578673.496, 430566.846 4578903.93, 430576.804 4578924.776, 430600.594 4578972.856, 430626.557 4579024.243, 430654.7323 4579081.1699, 430994.115 4578910.997, 431020.881 4578897.059, 431023.417 4578896.033, 431025.125 4578895.701, 431027.099 4578895.859, 431030.807 4578897.656, 431032.215 4578899.106, 431047.481 4578929.244, 431065.744 4578966.457, 431086.1904 4579007.1151, 431088.5694 4579005.9199, 431140.8602 4579110.0156, 431093.8553 4579133.694, 431092.6576 4579131.2348, 431026.137 4579164.511, 430988.391 4579183.841, 430916.314 4579218.813, 430887.0869 4579233.7687, 430900.116 4579259.6447, 430869.8428 4579277.2014, 431082.667 4579640.313, 431152.721 4579605.921, 431357.103 4579504.038, 431332.665 4579455.161, 431359.372 4579441.8079, 431438.094 4579599.878, 431479.423 4579684.268, 431482.046 4579688.877, 431482.333 4579690.822, 431482.153 4579693.448, 431481.377 4579695.906, 431480.181 4579697.786, 431477.509 4579700.032, 431405.073 4579736.801, 431392.173 4579710.0669, 431129.461 4579840.574, 431143.884 4579869.98, 431119.139 4579872.98, 431145.4232 4580090.6705, 431175.245 4580087.153, 431181.56 4580138.643, 431151.726 4580142.152, 431182.4 4580396.521, 431206.32 4580393.608, 431213.472 4580398.104, 431226.8618 4580420.3423, 431227.114 4580420.253, 431199.390075 4580437.33695, 431183.488 4580464.201, 431136.3805075 4580480.333908)))","MULTIPOLYGON (((2.17520933722813 41.3498386054842, 2.17518589669225 41.3498489763417, 2.17517388174169 41.3498633023398, 2.17515808433009 41.3498931843216, 2.17515766906155 41.3499071430779, 2.17518957660125 41.3499646599086, 2.17521071012813 41.3499760708345, 2.17523690581706 41.3499841852349, 2.17524281050259 41.3499899023205, 2.17524225737158 41.3499958433522, 2.17519251211006 41.3500162042445, 2.17518446650235 41.3500285770265, 2.17518406829089 41.3500411847695, 2.17518618240239 41.3500536303672, 2.17519355680376 41.3500660235902, 2.17521881807768 41.3500818778072, 2.17525154114546 41.3500937320882, 2.17525526839096 41.3501109632569, 2.17524489949203 41.3501274628747, 2.17521880085807 41.3501400665809, 2.1752000514585 41.3501575870407, 2.1751930773397 41.3501892437002, 2.17519396824488 41.3502323062654, 2.17521140822495 41.3502617058569, 2.17523188737833 41.3502776158732, 2.17523122852137 41.3502919331859, 2.17521390755597 41.3503004563158, 2.17521319965113 41.3503091885841, 2.17523742783533 41.350350076434, 2.17525929931343 41.3504356249302, 2.17528110866562 41.3505450430327, 2.1753221158095 41.3506203699415, 2.17535696373596 41.3506533171287, 2.17537348064236 41.3506800978846, 2.17538206120235 41.3507200628963, 2.17539486387771 41.3507569955868, 2.17539993856742 41.3508095460714, 2.17541102905187 41.3508400711179, 2.17542727628434 41.3508692819765, 2.1754740025526 41.3509271751235, 2.1755403657732 41.3509919646096, 2.17565651502597 41.3510900783872, 2.175670733635 41.3511095465061, 2.17568457753454 41.3511208150525, 2.17573522565094 41.3511236999443, 2.17574880073348 41.3511278505791, 2.1757605306348 41.351136131478, 2.17577295636185 41.3511555867432, 2.17577063444107 41.3511690814651, 2.17576178845416 41.3511785661308, 2.17577067037652 41.3511946632148, 2.17579437267623 41.3512109565165, 2.17580367251384 41.3512318306018, 2.17587450297029 41.3512836809892, 2.17587837837025 41.3512986613038, 2.17587745786502 41.3513147782578, 2.17588642894753 41.3513427659602, 2.17591545698773 41.3513727888772, 2.17591687987433 41.3514116216819, 2.17592529309881 41.3514364527376, 2.1759725814403 41.351535153983, 2.17598281008281 41.3515487385739, 2.17601174998454 41.3515573228249, 2.17603010092953 41.3515714159454, 2.17604267928317 41.3515882600787, 2.17605443881261 41.3516321210496, 2.17605836053998 41.3516718724985, 2.17604843109053 41.3516914379033, 2.17600087740835 41.351755951906, 2.17599402302285 41.3517876094631, 2.17600166662892 41.3518071205367, 2.17601989811157 41.351821212803, 2.17603196772639 41.3518404853374, 2.17603637837467 41.3518604236394, 2.17603595725317 41.3519412184975, 2.17605174622091 41.3519688946962, 2.17605419870033 41.351982964059, 2.17604623646938 41.35200767786, 2.17603786511848 41.3520174361707, 2.17602412628181 41.3520262552935, 2.17601819690441 41.3520414356269, 2.17601860147064 41.3520567513866, 2.17602844035966 41.3520917711899, 2.17604161787227 41.352117987481, 2.17604226629097 41.3521803244824, 2.17604802273674 41.3522072983201, 2.17607411974594 41.3522707182787, 2.17609291438296 41.3523065227989, 2.17614520255584 41.3523785072849, 2.17622919006356 41.3524772909786, 2.17631797917846 41.3525650296709, 2.17636890934555 41.3525930474127, 2.17638997126586 41.3526102224487, 2.17642024908875 41.3526454785661, 2.17642887981807 41.3526625646305, 2.17643830399085 41.3527115431546, 2.17645962646795 41.3527554725119, 2.176524590943 41.3528461031191, 2.17654576413004 41.3528829154148, 2.17659684964152 41.352946063671, 2.17660854401021 41.3529666845919, 2.17661802121871 41.3530588997912, 2.1766301994156 41.353079073793, 2.17665210055228 41.3530960746331, 2.176680727259 41.3531106014673, 2.17669658790558 41.3531231453767, 2.17670835610356 41.353137911898, 2.17671623950998 41.3531668825791, 2.17671788039588 41.35320742836, 2.17674057366609 41.3532754176668, 2.17675276669295 41.3532944207777, 2.17683956339459 41.3533886302527, 2.17690452827838 41.3534888086594, 2.17692868719441 41.3535353704058, 2.1770128824901 41.3536653211721, 2.17713636608678 41.3538270792787, 2.17718026955964 41.353891076671, 2.17721575568678 41.3539305132917, 2.1772372575841 41.3539697598472, 2.17725799896926 41.3540314297953, 2.17727132070643 41.3540557553814, 2.17735314229331 41.3541559639602, 2.17740430174448 41.3542513594539, 2.17747300969856 41.3543392239221, 2.17748349450621 41.3543610070883, 2.17750849330261 41.3544548644174, 2.17751707806282 41.3544756431684, 2.1775513136519 41.3545384904092, 2.17759351539045 41.3546332813414, 2.17763461549506 41.3547111301664, 2.17773861568328 41.3548444646284, 2.17782153894621 41.3549902590021, 2.17786999173703 41.3550918501584, 2.17793458661755 41.3551551843886, 2.17800307359429 41.3552322378771, 2.17801501636442 41.3552616878339, 2.17801427759466 41.3552823999499, 2.17800038534792 41.3553033784159, 2.17799750004123 41.355314166881, 2.1780017959525 41.3553242860355, 2.17804960462841 41.3553440838485, 2.17806353310519 41.3553582351273, 2.17811158146995 41.3554255044777, 2.17816178953203 41.3555111646569, 2.17818448049273 41.3555415020327, 2.17825132633149 41.3555970155777, 2.17828751877842 41.3556374477351, 2.17831361129631 41.3556824916985, 2.17837785152487 41.3557741068862, 2.17839315125837 41.3558123181034, 2.17840093212206 41.3558590328218, 2.17841053994274 41.35588405236, 2.17844743585646 41.3559541243642, 2.1785421327303 41.3560860405286, 2.17856445462847 41.3561077279343, 2.1786297591932 41.3561527814838, 2.17864436782428 41.3561699100405, 2.17872719380855 41.3563047138179, 2.17876607214975 41.3563883112047, 2.17883296462607 41.3564402217152, 2.17884105991614 41.3564524396867, 2.17883799125431 41.3565253790297, 2.17884464530561 41.3565381271702, 2.17887092693342 41.3565586717872, 2.17891840601023 41.3565857630096, 2.17893128060001 41.3565981952254, 2.17895024396394 41.3566303073625, 2.17896817431594 41.3566875432192, 2.17898491924995 41.3567249539833, 2.17901084150701 41.3567645920314, 2.17904992958993 41.3568125208758, 2.17912487485296 41.3569371796691, 2.17921651595241 41.3570461041878, 2.17933678521651 41.3572267528137, 2.17935419720795 41.357258673667, 2.17939136676228 41.357354689078, 2.17940507006964 41.357377305691, 2.17944464676294 41.3574054212515, 2.17948640161753 41.3574504865399, 2.17949996470883 41.357484271515, 2.17950749279175 41.3575607092898, 2.17951573503259 41.3575707664456, 2.17956049622792 41.3575954059817, 2.17957676088557 41.3576139874329, 2.17959580791742 41.3576870844485, 2.17964485884575 41.3577509374139, 2.17967525589686 41.3578151077657, 2.17970499637891 41.3578554033986, 2.17973955031919 41.3579217651773, 2.17975670584367 41.3579455773361, 2.17983038189659 41.3580287017608, 2.17988468274183 41.3580648487578, 2.17992177282401 41.3581101508675, 2.17993028223909 41.3581275060191, 2.17993502596108 41.3581496083411, 2.17993829892344 41.3582126845718, 2.17994233218994 41.358234241377, 2.17995163432158 41.3582551151232, 2.17996446194893 41.3582713300607, 2.18001345463435 41.3583113124206, 2.18002807427915 41.3583276301953, 2.18003645403407 41.3583457950948, 2.18003824909428 41.3583932777152, 2.18004343289061 41.3584088977259, 2.18009171808434 41.3584671603531, 2.18012524516732 41.3585010874867, 2.1801385103596 41.3585205482425, 2.1801689447278 41.3586103902622, 2.18019483904974 41.3586523697999, 2.18022880036923 41.3586898129434, 2.18024641548638 41.3587056115746, 2.1802815174186 41.3587283805088, 2.1803077156134 41.3587556798665, 2.18033150101458 41.35880376949, 2.18034784632184 41.3588636060161, 2.18037816998348 41.3589337206376, 2.18040379651361 41.3590065941399, 2.18041652382881 41.3590308250367, 2.18051105302781 41.3591672421134, 2.18060876141525 41.3592694530315, 2.18065969782517 41.3593356609414, 2.18069567692053 41.3593933853124, 2.18073692859274 41.3594978063506, 2.18076026802514 41.3595433705899, 2.18078737434017 41.3595840975594, 2.1808513514466 41.359659135544, 2.18094243728547 41.3597842682998, 2.1809666849146 41.3598241641993, 2.18098546612821 41.359870957007, 2.18103244840233 41.359928399276, 2.18108691379353 41.3599706720074, 2.18110661464603 41.359991799805, 2.18111801020932 41.3600364682958, 2.18116046629966 41.3601402672145, 2.18122263276945 41.3602453773389, 2.18142592778517 41.3606229791028, 2.18165045122217 41.3610240610172, 2.18169757238876 41.3610991588002, 2.1818495074318 41.3613204737892, 2.18196528610888 41.3615076631554, 2.18209973630982 41.3617028216796, 2.18238064497508 41.3621560062044, 2.18250238140345 41.3623259428385, 2.18262929207204 41.3625314959235, 2.18276997980909 41.3627253468102, 2.18281375258895 41.362791142562, 2.18303630074596 41.3631602308226, 2.183057120954 41.3631875814351, 2.1830845468709 41.3632125468983, 2.18311208207411 41.3632287758059, 2.18314376198403 41.3632386387663, 2.18318015055542 41.3632448420444, 2.18337134377374 41.3632627728821, 2.18341368851618 41.3632707297884, 2.18343355775481 41.3632785271981, 2.18345241654618 41.3632906410593, 2.18346446658715 41.3633022562278, 2.18347476072857 41.3633204344485, 2.18347583821077 41.363339448027, 2.18340048281661 41.3636766964797, 2.18332436506914 41.3641226605813, 2.18329596361587 41.3642521677358, 2.1832631065635 41.3643555213633, 2.18307821523836 41.3648640668805, 2.18328141835696 41.3649085977508, 2.18305956959938 41.3651980208856, 2.18301028719759 41.3652188747792, 2.18288993942827 41.3651935377789, 2.18285863974412 41.365155123522, 2.18290093251404 41.3648548149148, 2.18252834481403 41.364779513849, 2.18252477893382 41.3647740119281, 2.1824015556837 41.3647492304733, 2.18232245382099 41.3646316333548, 2.18089795184554 41.3624156706944, 2.17909920291212 41.359639516085, 2.17803588721996 41.3579813093506, 2.17776322277962 41.3575655362541, 2.17709321999669 41.3565180951664, 2.17673362802115 41.355967935648, 2.17627102848559 41.3552442636615, 2.17526640557526 41.3536950636925, 2.17515681835539 41.3535313674793, 2.17242306219978 41.3492890207134, 2.17210249607629 41.3494037864178, 2.17199105888841 41.3492306698905, 2.17191764398299 41.3490643483278, 2.17190243745374 41.3490088243382, 2.17186902672406 41.348853239369, 2.17221956593189 41.3488104982469, 2.17129073204416 41.3445225048879, 2.17139303762811 41.3445098580682, 2.17145402412653 41.3444984233624, 2.17146993686656 41.3444971867868, 2.17148578681107 41.3445009039242, 2.17149598754189 41.3445071025122, 2.17150787940245 41.3445213300168, 2.17151355307021 41.3445640667745, 2.17155409291481 41.3446850601347, 2.17156392107783 41.3447017948991, 2.17158035803204 41.3447157848861, 2.17160842688964 41.3447267960225, 2.17162251497475 41.3447280684134, 2.17169118468781 41.3447232482029, 2.17170248542443 41.3447181051432, 2.17180176380614 41.3446464887909, 2.17224906502513 41.3443137242465, 2.17230988168014 41.3442588551281, 2.17233482968998 41.3442142668905, 2.17234059998675 41.3441927802786, 2.1723433357579 41.3440805655371, 2.17233988584905 41.3440320799586, 2.17230063190656 41.3438377744232, 2.17229700469204 41.3437372237648, 2.17227359766619 41.3436223889472, 2.17224432540307 41.3435082325435, 2.17217709721616 41.343295530433, 2.17215947720452 41.3432239735894, 2.17207089671771 41.3427720566571, 2.17201220795967 41.3425458144128, 2.17198329574365 41.3423372610742, 2.17195010805366 41.3421831728212, 2.17192742517786 41.3420961765394, 2.17189637391796 41.3418772490551, 2.17188925520057 41.341854228501, 2.17185628369395 41.3417868847707, 2.17184381250798 41.3417146443053, 2.1718243820316 41.3416539735382, 2.17180215077488 41.3415502263732, 2.17179671046241 41.3415079416663, 2.17178949870195 41.3413413395848, 2.17177936163312 41.3412829875804, 2.17176168632706 41.3412253019316, 2.1717367015517 41.3411690949637, 2.17172364528735 41.3411053173946, 2.17171624968985 41.3410286997209, 2.17166507912487 41.340897901644, 2.17166333835928 41.3408466359712, 2.17163437354555 41.3407272571781, 2.17160745773028 41.3406348257965, 2.17160455515156 41.3406092233689, 2.17160637264312 41.3405506871629, 2.17160231002624 41.3405317419963, 2.1715433761355 41.3403817018231, 2.17152269336533 41.3403161578831, 2.17152515122879 41.3403014031399, 2.17153596553283 41.3402874291579, 2.1715535723931 41.3402750353596, 2.17158614515982 41.3402605874659, 2.17161180094201 41.340254376752, 2.1716515369933 41.3402499788174, 2.17204682597851 41.3402374202797, 2.17208753516848 41.3402316780578, 2.17210341290261 41.340223685452, 2.1721240235735 41.3402005941499, 2.17212961017807 41.3401841504587, 2.17212898350466 41.340167571997, 2.17208432112982 41.3399852975233, 2.17205263683834 41.3398258155047, 2.17193204436198 41.3394671666442, 2.17191838012736 41.3394136533512, 2.17189403201924 41.3392506210258, 2.17180472696727 41.338818695224, 2.17178926195951 41.3387092318444, 2.1717785933457 41.3386631488251, 2.17172091500667 41.3386692687384, 2.17171702912754 41.3386665655191, 2.1716623440362 41.3386746210572, 2.1716640733573 41.3386805695028, 2.17160908319361 41.3386862898551, 2.17160746695783 41.3386817924439, 2.17100546830901 41.3387502570642, 2.17100645089791 41.3387547679346, 2.17099358259684 41.3387563686682, 2.1709505679566 41.338559272797, 2.17097120815447 41.3385557076508, 2.171010566774 41.3384678969708, 2.17105058853705 41.3384126084376, 2.17107105331367 41.3383633041903, 2.17109733487592 41.338345388233, 2.17110658167636 41.3383324839068, 2.17111021975153 41.3383189086539, 2.17109168968415 41.3381873545123, 2.17100569603515 41.3378152622533, 2.17097480821222 41.3377157761536, 2.17095387952119 41.3376320349871, 2.17093519916982 41.3375123697386, 2.17091831112722 41.3374492850457, 2.17090061655781 41.3371293882138, 2.17087382328502 41.336999215698, 2.17080167984633 41.3366001101539, 2.17077415625472 41.3364710132528, 2.17073380297417 41.3363169629545, 2.17068966354116 41.3362070225438, 2.17067830368312 41.3361698294188, 2.17061344981372 41.3358557178043, 2.17059216698653 41.3358188134628, 2.17056556562593 41.3357866448102, 2.17053688047659 41.3356643852335, 2.17054684724275 41.3356323900437, 2.17055340040901 41.3355868588661, 2.17054589947478 41.3355375332886, 2.17054783708476 41.3355261076133, 2.17056092356407 41.335511969934, 2.17061237029001 41.33547919276, 2.1706573822812 41.3354449279795, 2.17069909051649 41.3354073065668, 2.1707148532167 41.3353800370713, 2.17074043582048 41.3352946492938, 2.17075035237062 41.3352383332272, 2.17074107940326 41.3351873735251, 2.17072141486253 41.3351548045075, 2.17072422205044 41.3351407728927, 2.17073574807552 41.335127164404, 2.17076573058812 41.3351094553283, 2.1707841870782 41.3351053547395, 2.17088832070501 41.3351021416265, 2.17097578960266 41.3350936740532, 2.17103940058928 41.3350911597365, 2.17106062379825 41.3350856378166, 2.17106740136841 41.3350789309386, 2.17105941901056 41.3350486980155, 2.17105344993821 41.3349916369707, 2.17102416597472 41.3348600052896, 2.171026103155 41.3348297537354, 2.17105040475843 41.3347982220505, 2.17095473057087 41.3340993607545, 2.17014427971895 41.3341924259618, 2.17014163541996 41.3341964422965, 2.17020855538826 41.3345113077764, 2.17021748836835 41.3345212174797, 2.17026396046549 41.3345498453715, 2.17027156097697 41.3345602228666, 2.17027136953278 41.3345668330587, 2.17026244975784 41.3345794244187, 2.17023592983907 41.3346011577001, 2.17020764810521 41.3346157532677, 2.17017572621582 41.334622431932, 2.17014435324195 41.3346225840415, 2.17010393363499 41.3346161313977, 2.1700828220077 41.3346062779877, 2.17006040332404 41.3345882993084, 2.17004764622336 41.3345623735412, 2.17003616217368 41.3345190092479, 2.16997339442005 41.3342357992713, 2.16997683920449 41.3341997937464, 2.16998661891582 41.334158060041, 2.16999482734601 41.3341346634683, 2.17000673526675 41.3341173286612, 2.17003522024284 41.3340961230342, 2.17010339788377 41.3340642323753, 2.1701314774267 41.3340570756449, 2.17026942336934 41.3340412080161, 2.17068909208764 41.3339851790151, 2.17111890681521 41.3339349521837, 2.1711403151295 41.3339193232595, 2.17103967858056 41.3334866122974, 2.17099518421627 41.3333171111875, 2.17090461322466 41.3328842924168, 2.17086807883584 41.3327373945931, 2.17084305652412 41.3326137742485, 2.17071698989301 41.3321144306751, 2.17057942799267 41.3315002202835, 2.17049261253501 41.3311391466177, 2.17044144916153 41.3308917535105, 2.17038793656336 41.3306939212548, 2.17036545723239 41.3305819208832, 2.17034054583793 41.3304958448556, 2.17033401870625 41.3304527054551, 2.17031097518178 41.3303541043076, 2.1702741983522 41.3302236974027, 2.17025473989795 41.3301147453324, 2.17024163664604 41.3300624788549, 2.17023251370367 41.3300431007915, 2.17022908684878 41.330011801703, 2.17021287168068 41.3299636923115, 2.17020693551169 41.3299041273006, 2.17019173747257 41.3298361364603, 2.17014552343515 41.3296508952594, 2.17013555058872 41.3295930305952, 2.17009171517393 41.3294011769232, 2.17004759834891 41.3292315159255, 2.17002672448566 41.3291277419705, 2.1699493277258 41.3288083868271, 2.16986598404376 41.3284153425774, 2.16979204565688 41.3280957239937, 2.16970193287262 41.3277682060961, 2.16962010022664 41.3273918906156, 2.16952496315134 41.3270094259468, 2.16940000402488 41.3264752741003, 2.16938901984946 41.326391748388, 2.16935525289803 41.326370895297, 2.16937272920062 41.3263252357719, 2.16938015140594 41.3262677127315, 2.16941063992303 41.3262230388589, 2.1694398627766 41.3261124201804, 2.1694599181869 41.3260612575898, 2.16947109184609 41.3260169487448, 2.16949688928686 41.3259426960526, 2.16951866551334 41.3259141009095, 2.16956439885553 41.3257453761666, 2.16958283099337 41.3256479387787, 2.16959730510808 41.3256222454281, 2.16959949407839 41.3255703053543, 2.16963397699925 41.3255347399015, 2.16962632199811 41.3255202725048, 2.16965107581457 41.3254754851267, 2.16965747227513 41.3254384919997, 2.16967893862189 41.3254267568253, 2.16968031296417 41.325401329262, 2.16969439414343 41.325353870688, 2.169730605664 41.3252574262599, 2.1697595727401 41.3252073547619, 2.16978604855969 41.3251360884043, 2.16980958692139 41.3250533611918, 2.16982671790771 41.32503014605, 2.16985281193119 41.3249277556408, 2.16986078469245 41.3248729388074, 2.16988562280796 41.3248233599343, 2.16989822374869 41.324771999368, 2.16991889963471 41.324729317317, 2.16994704046056 41.3246012069096, 2.16996971592653 41.324531831714, 2.17004610712344 41.3243283512859, 2.17006562394092 41.324242334255, 2.17011235213058 41.3241588554057, 2.17013266287765 41.3240950118079, 2.17015251749806 41.3240209683049, 2.17015859825599 41.3239513743307, 2.17017030570219 41.3239101318354, 2.17019380827311 41.3238791259527, 2.17019889714059 41.3238340255175, 2.17022774000653 41.3237531649869, 2.1702552116177 41.3236598280322, 2.1702701008999 41.3236540984401, 2.17029023283478 41.323626932501, 2.17026864667549 41.3236104911316, 2.17029349685345 41.3235806208926, 2.17027695044371 41.323558739229, 2.17029646237271 41.3235503046447, 2.17032096804738 41.3235099110291, 2.17034148917086 41.3234897377901, 2.17033281430369 41.323465246623, 2.17034916173736 41.3233897726088, 2.17037279482014 41.3233578758737, 2.17037238020081 41.3233302735712, 2.17036542307108 41.3233060109702, 2.17038306021521 41.3232871140304, 2.17040009354161 41.323255530022, 2.17041766882644 41.3232330295871, 2.17041055563014 41.3231984611586, 2.17042323582613 41.3231860139621, 2.17042200406827 41.3231700796309, 2.17043123036225 41.3231435556683, 2.17044263234471 41.3231339096307, 2.17044811084533 41.3231089439934, 2.17047623903334 41.323054236336, 2.17049652128629 41.3230001206733, 2.17051278178524 41.3229465525092, 2.17052352505148 41.3228908548153, 2.17055318968599 41.3228355817225, 2.17056426826565 41.3227911279372, 2.17059632741065 41.322705318275, 2.17059575933775 41.3226747333454, 2.17062032654502 41.3225917521215, 2.17065018495173 41.3225739520553, 2.17064562953415 41.32254120359, 2.17064857256166 41.322520183019, 2.17065975447655 41.3224826478112, 2.17068475957252 41.3224555889714, 2.17069306673422 41.3224186095333, 2.17068074359884 41.3224104499217, 2.17076965792143 41.322228191018, 2.17078124279296 41.3221739405737, 2.17079514150875 41.3221633756954, 2.17081460605717 41.3220606129767, 2.17083646963777 41.3220098954976, 2.17085357418181 41.3220028126294, 2.17085060200244 41.3219705259549, 2.17086888100856 41.3219424277804, 2.17088341326174 41.3218498261308, 2.17089686198877 41.3218445905038, 2.17091398783608 41.3218056568656, 2.1708963032012 41.3217981792644, 2.17094864378249 41.3216355545493, 2.17096220928638 41.3216060172189, 2.17097554785901 41.3215632730933, 2.17098024403619 41.3215255289947, 2.17101696649727 41.3214789539106, 2.17102056744089 41.3214361756738, 2.1710301600392 41.3214335064494, 2.17103972949516 41.3214175778525, 2.17103413538074 41.3214064401839, 2.17108246045367 41.3213041735077, 2.1711002983018 41.3212542917089, 2.17111390393239 41.321236662711, 2.17110639094217 41.3212260877138, 2.17112013592709 41.321182373673, 2.17114953318507 41.3211103803531, 2.17114776221726 41.3210992702211, 2.17115975626378 41.3210428608467, 2.17119132270434 41.3210410704536, 2.17119979259462 41.3210213867573, 2.17117944528985 41.3209977483833, 2.17118653325944 41.3209815136599, 2.17117254104616 41.3209693066698, 2.17119168578537 41.3209218843354, 2.17120730218935 41.3209266086847, 2.17124568595352 41.3208394031345, 2.17125465368295 41.320795510554, 2.17129753491885 41.320654147566, 2.17130789179256 41.3206062295709, 2.17135804810342 41.3204800517258, 2.17138713964601 41.3203868702267, 2.17140844648272 41.3203498401873, 2.17141322819723 41.3203194649065, 2.17142800470868 41.3202848379221, 2.17152626783911 41.3199828894243, 2.1715429247225 41.3199507260289, 2.17153779738284 41.3199178293452, 2.17156411276533 41.3198626759732, 2.17161259644235 41.319687340413, 2.17163535823218 41.319625964207, 2.17166008956153 41.3195751140571, 2.1716866752528 41.3195438868247, 2.17167833023424 41.3195386383824, 2.17169034988766 41.3194792025617, 2.17170816347019 41.3194160612665, 2.1717478208212 41.3193640304192, 2.1717411181603 41.3193498582452, 2.17173816641661 41.3193112123488, 2.17176183584801 41.3192687226072, 2.17184278179599 41.31908108192, 2.17185155224109 41.3190376202245, 2.171989567428 41.3186455928633, 2.17204389292449 41.3184616517936, 2.17206689713326 41.318350843429, 2.17211328797852 41.3183104716982, 2.17209720183021 41.318292872207, 2.17213099338229 41.3182331605633, 2.17213311578829 41.3181777969976, 2.17219858561542 41.3180280208206, 2.17227007107372 41.3178088211136, 2.1723498018992 41.31762441402, 2.17240977712973 41.3174489444983, 2.17239861064383 41.3173780255927, 2.17234054110006 41.317355361923, 2.17230373084151 41.3173468102114, 2.17228716737254 41.3173339002812, 2.17228824272156 41.3172677920924, 2.17229540021311 41.3172214543264, 2.17230522774377 41.3171907189411, 2.17232260099197 41.3171585065209, 2.17234757902084 41.3171295915252, 2.17236871913517 41.3171112779177, 2.17241016631922 41.3170838324726, 2.172455464696 41.3170636207971, 2.17248893008372 41.3170532324118, 2.17254940839237 41.3170419573017, 2.17261026544388 41.3170385215111, 2.17268964866644 41.3170439562428, 2.1727283691213 41.3170526116367, 2.17275370030607 41.3170618913961, 2.17280873727223 41.3170935433855, 2.17285364122251 41.3171328690818, 2.17288547912053 41.3171661558387, 2.17291228808979 41.3172003072116, 2.17292656576148 41.3172239196939, 2.17294012314039 41.3172572552273, 2.17294567515727 41.3172906233123, 2.17294333785025 41.3173242950124, 2.17293720845163 41.3173460494067, 2.17278157982523 41.3177578402439, 2.17272443375386 41.3179212780935, 2.17257051347313 41.3184150501946, 2.17216027150854 41.3196291193021, 2.17202559292575 41.3200557420269, 2.17183761213277 41.3206059258103, 2.17157008173494 41.3213707285483, 2.17132566980414 41.3221304725873, 2.17106234550224 41.3229112476721, 2.17082195365533 41.3236074256527, 2.17070532327363 41.3239757171523, 2.17062956570184 41.3242019828414, 2.17055166153728 41.3244278726968, 2.17036186559789 41.3249495764879, 2.17020438333116 41.3254293572934, 2.17002247334844 41.32600714458, 2.16989606603731 41.3263353708228, 2.16988801622502 41.3263953034081, 2.16989322556596 41.3264556018512, 2.16990444107375 41.3265134214827, 2.16995865712759 41.3266855874966, 2.16997871227566 41.326762476912, 2.16998543951184 41.3268067527597, 2.1699822282059 41.3269467978338, 2.17000680307001 41.3271289286397, 2.17001978247092 41.3271890128747, 2.17004387287122 41.3272680931967, 2.17019164158301 41.3276767526922, 2.17093410456871 41.3308788104881, 2.17138931148005 41.3329233000108, 2.17163773994322 41.3340099629172, 2.17172413712068 41.3344350224895, 2.17175138918307 41.3345479035905, 2.17178498727631 41.3346598395154, 2.17191539564753 41.3350542294924, 2.17194844326717 41.3351719262588, 2.17194499093539 41.3351897364505, 2.17193604165117 41.3352075070921, 2.17190999089906 41.3352450614631, 2.17190629470891 41.3352726881731, 2.17191043697891 41.3353230704111, 2.17191517075069 41.3353456234486, 2.17194770369807 41.3354379151005, 2.17195528466678 41.3354715679576, 2.17195795078416 41.3355252723803, 2.17198367065893 41.3355987792127, 2.17198578183435 41.3356774306668, 2.17201879243325 41.3357508998666, 2.17204703187771 41.3357953302921, 2.17205191400975 41.3359288579005, 2.17206847699792 41.3359610440729, 2.17206970455659 41.3359773566416, 2.17206464167747 41.3359996590436, 2.17207035788232 41.3360578891958, 2.17207881794549 41.3360787575878, 2.17210829503006 41.3361104061219, 2.17211901535896 41.336132101453, 2.17212022062686 41.336216241011, 2.17212985951413 41.3362478369101, 2.17214325654111 41.3362752262741, 2.17213894716375 41.3362946516695, 2.17211420603267 41.3363325758031, 2.17211272728471 41.3363455360947, 2.17213081832226 41.3363986308554, 2.17214533842637 41.3364789028464, 2.17214618255424 41.3365349361233, 2.17215245632067 41.3365585811347, 2.17216249989201 41.3365676609676, 2.17220312988828 41.3365868691486, 2.17219942713747 41.3366055783013, 2.17218753555664 41.3366291827278, 2.17219480071262 41.3366500425149, 2.1722074037731 41.3366646353826, 2.17221040347616 41.3367675236237, 2.17221582936991 41.3367920632914, 2.17224307550192 41.3368489169901, 2.17226732252265 41.3368689080745, 2.17229418262651 41.3369373787735, 2.17229779436691 41.3369636168314, 2.17229164707224 41.3369771740797, 2.17227291578746 41.3369840652841, 2.17226358183853 41.3369944469563, 2.17225878212873 41.3370054016941, 2.17225946583597 41.33701747678, 2.17226660494635 41.3370294181422, 2.17228261231569 41.3370394416149, 2.17231179915176 41.3370468575924, 2.17232498500169 41.3370626256242, 2.17232979999178 41.3370787838348, 2.17232912015502 41.3370947223772, 2.17232431132633 41.337106397659, 2.17231699750607 41.3371176946221, 2.1722963379494 41.3371352909927, 2.17229865865864 41.3371785441065, 2.17230334274463 41.3371956021353, 2.17231192959662 41.3372064729956, 2.17234876537081 41.3372327698317, 2.17235467984766 41.3372470443541, 2.17234584304465 41.3372653562852, 2.17234373899052 41.337299389837, 2.17233312150107 41.3373450720287, 2.17233668583626 41.3373561769949, 2.17238073134795 41.3373982889478, 2.1723804088877 41.3374143201354, 2.17236467624151 41.337429790126, 2.17234216498305 41.3374425991661, 2.17234153851172 41.3374637624923, 2.17235304092261 41.3374897870637, 2.17236182625259 41.3375321859042, 2.17237651628295 41.3375707539429, 2.17239452663387 41.3375925016671, 2.17241248725885 41.3375992964354, 2.17243553201522 41.3376009934343, 2.17244586702651 41.3376153898136, 2.17245186115704 41.3376328175586, 2.1724522420511 41.3376499347138, 2.17243720565068 41.3376764890527, 2.17243263217102 41.3376978942246, 2.17243876177072 41.337714061882, 2.1724651167009 41.3377469489297, 2.17248595770988 41.3378188892541, 2.17251337321786 41.3378624128691, 2.17255229057829 41.3379131351659, 2.17255987935364 41.3379273316381, 2.17256429719106 41.337946549561, 2.17255680622753 41.3379907229568, 2.17254824808894 41.3380153422154, 2.17252313527342 41.3380637125534, 2.17252093021585 41.3380868461976, 2.17252547473717 41.3381432663661, 2.17253799205845 41.3381929881667, 2.17254819171933 41.3382086446245, 2.17257623269553 41.3382310949661, 2.17258601799988 41.338251162159, 2.17257387184055 41.3383043096723, 2.1725729359159 41.3383782552289, 2.17257643934726 41.3384225076661, 2.17259967591077 41.3384657309847, 2.17265235919714 41.3385336666231, 2.17266727740677 41.3385636790523, 2.17266426685653 41.3386315746102, 2.17264872456457 41.3386792030866, 2.17264707925364 41.3387147712234, 2.17264940648343 41.3387292000911, 2.17265736300708 41.3387426785919, 2.17270222926375 41.338776689487, 2.17270850360854 41.3387908764989, 2.17270748355989 41.3388053713797, 2.17269565899856 41.3388236618555, 2.17269563339165 41.3388540172356, 2.17273043595544 41.3389655110894, 2.1727526283233 41.339053494568, 2.17274111893491 41.3390752101955, 2.17273629845857 41.33909724413, 2.17274563503639 41.339143340003, 2.17274671088017 41.3391905474831, 2.17277024070666 41.3392767390518, 2.1727811540221 41.3393682444825, 2.17279134658896 41.3394128152129, 2.17280396935602 41.3394447927904, 2.17281848405002 41.3394594894014, 2.17283811946389 41.3394662060638, 2.17285040570871 41.339477553848, 2.17286511825353 41.3395049525697, 2.17287214869139 41.3397144294406, 2.1728759895571 41.339741479798, 2.1729188835049 41.3398180823039, 2.17291635388804 41.3398574272683, 2.17292170992512 41.3398686351641, 2.17296312503977 41.3399015402411, 2.17297561266011 41.3399253199246, 2.17297960941241 41.3399589469343, 2.17296761008815 41.3400099337086, 2.17297367707672 41.3400499709796, 2.17295818935235 41.3400932762379, 2.17295627124426 41.3401126287595, 2.17296414723079 41.3401230440791, 2.17297658959118 41.3401315105439, 2.17301255109675 41.3401420376041, 2.17301864928858 41.3401512691594, 2.17301566373397 41.3401605255176, 2.17299763270143 41.340168682928, 2.17297559992416 41.3401719474837, 2.17296683325359 41.3402035911808, 2.17297038872858 41.3402154166655, 2.17299239845677 41.3402328693879, 2.17302077973147 41.3402473953872, 2.17303012389351 41.3402645769397, 2.17302526817535 41.3403649766061, 2.1730560195421 41.3404377986922, 2.17309053209342 41.3405534338146, 2.17307729334063 41.3405984666848, 2.17309260706432 41.3406350574273, 2.17309281519574 41.3406469489325, 2.17308206028352 41.3406656975063, 2.17307840424816 41.340680713901, 2.17308144755073 41.3406952379763, 2.17314090170958 41.3407761028631, 2.17315361376448 41.3408010551225, 2.17316104805522 41.3408275007519, 2.17316700711346 41.3408666364738, 2.17316543936628 41.3409055379682, 2.1731501415859 41.340952717871, 2.17314812710514 41.3410363838404, 2.17315117943663 41.341059645333, 2.1731735022266 41.3410996192244, 2.17318244461437 41.3411296787187, 2.17319794631178 41.341264813745, 2.17321804418206 41.3412917106482, 2.17324620703619 41.3413424455015, 2.17326217305101 41.3413936331861, 2.17328176026347 41.3414987122207, 2.17329873596503 41.3415456735886, 2.17332999364364 41.3416068794453, 2.17334362661276 41.3416440886067, 2.17335956727697 41.3417445475646, 2.17336151046925 41.3418366190045, 2.17337548890591 41.3419410271987, 2.1733929120772 41.3419904238104, 2.17341524329711 41.3420297671793, 2.17343488508145 41.3420549493257, 2.17344888926259 41.3420911703043, 2.17345957592854 41.3422290630433, 2.17347465562137 41.3422842076616, 2.17348023822795 41.3423247818676, 2.17347427770224 41.3424369735147, 2.17348153477415 41.3424585537505, 2.17350038226265 41.342480397375, 2.17351842613755 41.3425090809864, 2.17352452448525 41.3425372284317, 2.17352721593559 41.342598499306, 2.17353822006672 41.3426167736417, 2.17355726343108 41.3426325835843, 2.1735907199986 41.3426522802062, 2.1736050112955 41.3426752620814, 2.17361049277315 41.3427049363805, 2.17360334554246 41.3427691991807, 2.17360614769393 41.3427933596163, 2.17361438605552 41.3428035072623, 2.17363269993985 41.3428108448288, 2.17364206858082 41.3428166769503, 2.17364450889161 41.3428221890963, 2.17360360348738 41.342843333416, 2.17361142296311 41.3428582520716, 2.17360136196131 41.3429071810616, 2.17362338051614 41.3429618350254, 2.17364554575146 41.343052160053, 2.17368082709667 41.3430788055865, 2.17368453082848 41.3430883802135, 2.1736815349791 41.3430984471925, 2.17366495554438 41.3431146318701, 2.17363639712055 41.3431896401016, 2.17363601347706 41.3432010769727, 2.17364136648658 41.3432125550351, 2.17366874644313 41.3432213088297, 2.17367899947449 41.3432422800311, 2.1736769300758 41.3432641535905, 2.17365670023177 41.3432949043346, 2.17365631411949 41.343344353172, 2.17366127671917 41.3433583505521, 2.17367179958717 41.3433674336868, 2.17370589056786 41.3433842524034, 2.17370996766379 41.3433926587245, 2.17370746352289 41.3434016483245, 2.17369353837415 41.343415870395, 2.17368497080925 41.3434412102533, 2.17368463030672 41.3434775984276, 2.17369715739426 41.3435361475583, 2.17370992255879 41.3435569566412, 2.17374019602235 41.3435732074837, 2.17375019761275 41.3435857097483, 2.17376265432325 41.3436120112338, 2.17376106303041 41.3436244302681, 2.17372824656232 41.343648605202, 2.17372908767882 41.3436577088954, 2.17373625736796 41.3436673084041, 2.17375111579904 41.3436832684181, 2.17376489408629 41.3436901230212, 2.17377120782741 41.3437012476709, 2.17376168303254 41.3437172127798, 2.17375822273444 41.3437356534733, 2.17376133573739 41.3437541413586, 2.1737839534746 41.3437897935958, 2.17378553060823 41.3439297826866, 2.17379011648612 41.343954676525, 2.17381276962765 41.3439780787032, 2.17385901959881 41.3440069647397, 2.17387724617033 41.3440306954321, 2.17387801331487 41.3440456535187, 2.17386669576686 41.3440616057663, 2.1738441779387 41.3440747753375, 2.17383534401206 41.3440928171538, 2.17385519823095 41.3441390784787, 2.1738850291581 41.3441903655836, 2.1738885541997 41.3442424546874, 2.17391444119789 41.3442842555167, 2.17391968050563 41.3443047403259, 2.17390835377148 41.3443497869869, 2.17392023474955 41.3443649149234, 2.17396024178272 41.3443676341311, 2.17397375957635 41.3443761982787, 2.17398961532544 41.3443983806473, 2.17399103016165 41.3444093800468, 2.17397488753963 41.3444477265409, 2.17398371804746 41.3444677867435, 2.17394065928688 41.3444890057954, 2.17392797349674 41.3445091817882, 2.17392903091499 41.3445200885469, 2.17393751540251 41.3445296974793, 2.17398916453185 41.3445475428956, 2.17399478974964 41.3445658686517, 2.17399573448371 41.3446140659712, 2.17395912381399 41.3446357816879, 2.17395366587499 41.3446704216851, 2.17395683702829 41.3446843161154, 2.17400103984671 41.3447049905036, 2.17400748006939 41.3447155755919, 2.17400469362737 41.3447374440054, 2.17399917424321 41.344748573787, 2.17398117164662 41.3447638475327, 2.17398112724802 41.344776818125, 2.17398212774429 41.3448300600861, 2.17398634496023 41.3448557619491, 2.17399415223256 41.3448811292758, 2.17401663047212 41.3449184018241, 2.17401489121746 41.3449519876027, 2.17400760068959 41.3449708511885, 2.17406074698855 41.3449837531503, 2.17407200548285 41.3449914003137, 2.17406762437534 41.3450448738775, 2.17407045644708 41.3451612720917, 2.17408791621865 41.3451795026222, 2.17412252045865 41.3451936226229, 2.17413360598779 41.3452055020997, 2.17414001213711 41.3452187892083, 2.17416019955305 41.3453995359773, 2.17418144994826 41.3454677857414, 2.17417972100151 41.3455005609117, 2.17416268016729 41.3455626809796, 2.17417569967557 41.3455728628904, 2.17419805066842 41.3455729331981, 2.1742089234131 41.3455827393978, 2.17421298136032 41.3455926768489, 2.17420349053033 41.3456059399598, 2.17420067449737 41.3456206921776, 2.17420191866287 41.3456357437568, 2.17421766437447 41.3456572046944, 2.17421870137241 41.3456697326656, 2.17420065529935 41.3456789710551, 2.17419216498307 41.3456887283895, 2.17420711051893 41.3457167591169, 2.17420194850029 41.3457279815463, 2.17418197304592 41.3457385572247, 2.17417394827324 41.3457493087316, 2.17416943622923 41.3457753082474, 2.17417558974629 41.3457896744491, 2.1741994763915 41.3458101128969, 2.17421071230834 41.3458290193533, 2.17420934985981 41.3458517086673, 2.17419765872215 41.3458688292462, 2.17420461815651 41.3458856332743, 2.17424389087504 41.345908704236, 2.1742482903331 41.345919995272, 2.17425548478032 41.3460884885501, 2.17426212558921 41.3461210535444, 2.17429584957507 41.3461954278528, 2.17430747835664 41.3462305507523, 2.17430189763575 41.3462938339637, 2.1743041070925 41.3463081718598, 2.17432370837873 41.3463366863516, 2.17432876696236 41.3463525759759, 2.17433083756341 41.3463684441628, 2.17432527599034 41.3463829064568, 2.17433559684738 41.3463985636074, 2.17436237840074 41.3464169510469, 2.17436710825949 41.3464777861082, 2.17438698190701 41.3465509801119, 2.17437972894527 41.3465857873922, 2.17437980191122 41.3466083969273, 2.17439812159595 41.3466342900144, 2.17442002570125 41.3466508409348, 2.17444276184895 41.3466583001697, 2.17445062519303 41.3466697961963, 2.17444323782551 41.3466868575945, 2.17444642197792 41.3467470510316, 2.17446184138769 41.3467754454238, 2.17446231731271 41.3467945448949, 2.17444815158693 41.3468372292555, 2.17444911008236 41.3468465139324, 2.17445665129605 41.3468551252239, 2.1744721149833 41.3468610910727, 2.17451345877007 41.3468621983157, 2.17453862522483 41.3468665223129, 2.17454558363988 41.3468739584337, 2.17454596274958 41.3468817977423, 2.17453623275448 41.346895059162, 2.17452006799412 41.3469067431381, 2.174519635622 41.346931510865, 2.17451095292333 41.3469564896406, 2.17449419622903 41.3469677189883, 2.17448701709827 41.3469777559745, 2.17448593351265 41.3469878366844, 2.17451173890482 41.3470362123064, 2.17451374258098 41.3470763103815, 2.17451787581605 41.3470897613134, 2.17453812046376 41.3471052193985, 2.17455187345783 41.3471236034179, 2.17455288437362 41.347138202938, 2.17460446406069 41.3471617223481, 2.1746175021534 41.3471704631284, 2.17462287498745 41.3471804099931, 2.17462071231814 41.3471907531921, 2.17460355151738 41.3472055826863, 2.17459196845739 41.3472330627856, 2.17457309975249 41.3473357939417, 2.17458880109895 41.3474365211493, 2.17459684672516 41.3474525222587, 2.17461077279313 41.347466673952, 2.17465019000698 41.3474878542171, 2.17466441778512 41.3475065118542, 2.17466664687054 41.3475382344973, 2.17465584127789 41.347570404115, 2.17465053253349 41.3476027032292, 2.17465557090099 41.3476296720057, 2.17467304286005 41.3476470017716, 2.17469569748723 41.3476609458238, 2.17470105217358 41.3476723337656, 2.17470623179269 41.3477070500652, 2.1747041534723 41.3477296441686, 2.17468065237587 41.3477637944859, 2.17466609729381 41.3478089081185, 2.17466381176103 41.3478289786144, 2.17467132817781 41.34784902933, 2.17469565277164 41.3478632555853, 2.17472829833646 41.3478716865836, 2.17473928660841 41.3478913118128, 2.17473896918215 41.3479069827126, 2.17475717147999 41.3479800745754, 2.17475672262152 41.348053483071, 2.17474244049588 41.348076980495, 2.17473503389602 41.3481144889585, 2.17473592534183 41.3481290876179, 2.17474183787701 41.3481436322075, 2.17477617179243 41.3481603622655, 2.17481596791637 41.3482273036552, 2.17482052251004 41.3482452613812, 2.17478820057643 41.3482869148296, 2.17478772724096 41.3483054670336, 2.17479741563387 41.3483239119508, 2.17485556054984 41.3484050367048, 2.17490460681588 41.3484683512799, 2.17490569413711 41.3484863742188, 2.17486982532986 41.3485438555848, 2.17486871164066 41.3486036578743, 2.17485937958917 41.3486895231954, 2.17486099377651 41.3487888882794, 2.17486760773259 41.3488141568999, 2.17488321214476 41.348837418238, 2.17493302568829 41.3488778590678, 2.17494417692153 41.3488940625659, 2.17491862732812 41.3489010854498, 2.17490709400497 41.3489151446484, 2.17490103604145 41.3489310446161, 2.17490059798351 41.3489468047245, 2.17494930897474 41.3491029849263, 2.17497582142594 41.3491617242044, 2.17501475097561 41.3492310913472, 2.17502085496225 41.3492494204722, 2.17501112516574 41.3493762673899, 2.17501523329117 41.3494485375526, 2.17502402611061 41.3494716599641, 2.17503603119688 41.3494865184372, 2.17505164819437 41.3494993310592, 2.17508155819172 41.3495162094633, 2.17509229755572 41.3495366435511, 2.17507942450678 41.3495621327762, 2.17506588986797 41.3495737455995, 2.17506334842187 41.349604623347, 2.1750694946652 41.3496290779187, 2.17510164985046 41.349666960049, 2.17512059715627 41.3497189794611, 2.17512433799048 41.3497351298241, 2.17511205759139 41.349808363419, 2.17512012068284 41.3498230134759, 2.17513055936385 41.3498293935955, 2.17514249147493 41.3498311004821, 2.17520017905705 41.349825478872, 2.17520788002202 41.3498309386063, 2.17520933722813 41.3498386054842)), ((2.17652985030098 41.3728945501381, 2.17630238151739 41.3729514178668, 2.17623028267058 41.3728674379364, 2.17624149253617 41.3728622757995, 2.17618778156384 41.3727956318638, 2.17617680092998 41.372800633501, 2.17526491059354 41.3716699250329, 2.17527624239519 41.3716645656969, 2.17521905627521 41.3715958246597, 2.1752094327791 41.3716003675412, 2.17520243309925 41.3715931473713, 2.17503032448484 41.3713860553926, 2.17506154917983 41.3713696963682, 2.17500300836723 41.3713022155722, 2.17484067851559 41.3711238193616, 2.1746647845899 41.3710527315036, 2.17460532197156 41.3710194455091, 2.17458238741272 41.3710024188921, 2.1744981720288 41.3708992009208, 2.17438712503721 41.3707722807085, 2.17433533987133 41.3707957070659, 2.17397923558993 41.370348449285, 2.17401050463556 41.3703389636122, 2.17388882701309 41.3700553345252, 2.17391566762182 41.3700518431284, 2.17382561293768 41.369870685542, 2.17378956482095 41.369806166947, 2.17372703451159 41.3696685334857, 2.17354838130829 41.3697070267914, 2.17344667341221 41.369348963218, 2.17333587336728 41.3689977321886, 2.17332140814143 41.3687710787566, 2.17329124427173 41.3686657521229, 2.17323373827884 41.3685473184049, 2.17245551710456 41.3675443450156, 2.17239830837715 41.3674639598839, 2.17254336297854 41.3673498481239, 2.17213957561522 41.3667515567414, 2.17199674349432 41.3665061004167, 2.17139205421058 41.365394279374, 2.17123483329018 41.3651128386965, 2.17086640276495 41.3645735196473, 2.169583469105 41.3628493291938, 2.16925317070635 41.3624215898706, 2.16884601867379 41.3620170222051, 2.16859691673529 41.3618085805858, 2.16805355722818 41.3614191890918, 2.16702171760431 41.3606716870174, 2.16650201138749 41.3603049106914, 2.16608003993271 41.3600304831192, 2.16530900390685 41.3595656098224, 2.16464493626207 41.35911045148, 2.16378227820517 41.3584843719971, 2.16323423062563 41.3580709292567, 2.16284092024021 41.3577522395757, 2.16232386264252 41.3572972075455, 2.16099354448491 41.3560944656335, 2.15964035221417 41.3548521213925, 2.15870708519936 41.3541239809204, 2.15847235173289 41.3539570795614, 2.15782740933559 41.3534808231236, 2.15752895642559 41.353291149892, 2.15718802059585 41.3530879803974, 2.15676882173266 41.3528679327788, 2.15632389457332 41.3526723090737, 2.15591249820374 41.3525053430375, 2.15557152344196 41.3523813701334, 2.15542466889841 41.3523038245911, 2.15500025802588 41.3521680052039, 2.15434098013262 41.3519925890217, 2.1534815691061 41.3517779743349, 2.15306583653046 41.3518823586092, 2.15221116184381 41.3524037598655, 2.15144234774889 41.3525439889659, 2.15097060341268 41.3527710652194, 2.15031965841632 41.3531179159662, 2.14872824139786 41.35393052653, 2.1474842410926 41.3545701678847, 2.14711748686695 41.3548193916562, 2.14687030998063 41.3549616353256, 2.14674827902675 41.3550494009539, 2.14664068433353 41.3551448398465, 2.14638638951597 41.3554048610797, 2.14621958666251 41.3552753705467, 2.1460546330906 41.3551859987211, 2.14516023926428 41.3547691004233, 2.14420585243319 41.3545141192022, 2.14393949617716 41.3544355018689, 2.14364568907609 41.3543188839569, 2.14335900158454 41.3542091280026, 2.14299399004562 41.354700852923, 2.1425641120625 41.3552905819123, 2.14181538354845 41.3563424512415, 2.14011846004073 41.355639004196, 2.13763412332171 41.3546250348823, 2.13648858199364 41.3541677688871, 2.13420686626546 41.3532452144106, 2.13389983006378 41.3530596081576, 2.13377096102903 41.3530050576882, 2.13504216062784 41.3513010500249, 2.13517536824612 41.3511351015059, 2.1352994099271 41.3509917541726, 2.13742207976073 41.3487735482566, 2.13707441892772 41.3486524861956, 2.1367861353231 41.3483647512111, 2.13566399807786 41.3479784823745, 2.13479622070756 41.3476844132698, 2.13211903384466 41.3467685790389, 2.13122221618532 41.346447727709, 2.1287424223101 41.3455230452944, 2.12809193775414 41.3452980461294, 2.11120201306554 41.3396995239663, 2.1080390840722 41.33860776343, 2.10136850055766 41.3363340945227, 2.10052652119516 41.3360420474645, 2.10224969819054 41.3353506732932, 2.10276922122741 41.3351013768501, 2.10313465591425 41.3349041193137, 2.10412839060245 41.3343354014585, 2.10478878140927 41.3339311450816, 2.10538935602234 41.3334942944124, 2.10582965636329 41.333161755209, 2.1065715528597 41.3325809606959, 2.10765370847453 41.3317449977422, 2.10837850693753 41.3311033423152, 2.10874883064454 41.330729577678, 2.11013100319188 41.3289295995293, 2.11137894096104 41.3272475417023, 2.11230244326722 41.3261166876729, 2.1131098173371 41.3255960356652, 2.11403874649996 41.3248809534792, 2.11565267371448 41.3238898759595, 2.11704334702011 41.3233209621722, 2.1189007872172 41.3227340225955, 2.12174501369923 41.3220661891014, 2.12313535072147 41.3218066205114, 2.12579804895938 41.3213529273197, 2.12851899219984 41.3209613776402, 2.13071181941224 41.3207717915954, 2.13211676724445 41.3208086963326, 2.13258209246616 41.3208463790022, 2.13976876893078 41.3211153576875, 2.14126791141887 41.3210903067977, 2.14374270776114 41.32094413147, 2.14574152772353 41.3207509220579, 2.14661762727831 41.32077984203, 2.14672914634982 41.3207602026487, 2.14685950858277 41.3207542502721, 2.14771162003835 41.3207576763355, 2.14951986645289 41.3207405595616, 2.14962000284945 41.3207436044966, 2.14972840744264 41.3207575925151, 2.14985730567549 41.3206828771691, 2.15069568324387 41.3215295204513, 2.15081576681509 41.3216740949176, 2.15092610582261 41.321848575582, 2.15172692716017 41.3231536678523, 2.15226520520923 41.3229642163854, 2.15228825977676 41.3229870286049, 2.15235099914112 41.3230758102369, 2.15237218626957 41.3231909123052, 2.15246422782503 41.3233670312086, 2.1526086330636 41.3236295852071, 2.15269331506138 41.3238647576221, 2.15271111123157 41.3239769612257, 2.15277644603697 41.3241080974526, 2.15285035872043 41.3243057908971, 2.15289676334551 41.3244002979181, 2.15295675540415 41.3246469442283, 2.15304901373891 41.3249533141396, 2.1530484086613 41.3250212630308, 2.15309459580779 41.3251649228406, 2.15312964624393 41.3253279841256, 2.15317357495494 41.325419995713, 2.1531809490924 41.3254863278939, 2.15321752701808 41.3255628193283, 2.15327354402866 41.3256561088139, 2.15329281083424 41.3257554332399, 2.1533322186716 41.3258579503946, 2.15334341354965 41.3259097633932, 2.15336941264317 41.3259690354919, 2.15337693103333 41.3260417821268, 2.15341261256031 41.3261700245664, 2.15345572703696 41.3262751631257, 2.15348978338781 41.326322190076, 2.15350652819931 41.3263856006241, 2.1535356571282 41.3264449677612, 2.15354904222825 41.3264956078401, 2.15361439347404 41.3265777783573, 2.15363680906444 41.3266462207958, 2.15382591975753 41.3273176955487, 2.15387731312829 41.3274720582673, 2.1538795473933 41.3275034841857, 2.15382477959079 41.327521258875, 2.15387019759309 41.3275944011924, 2.15392332623152 41.3275758668014, 2.15396268002164 41.3276651691703, 2.1539969292927 41.3276798150674, 2.15408003703612 41.3276586996009, 2.15416669826249 41.3276187572875, 2.15422064963617 41.3275569292838, 2.15423192683172 41.327518369561, 2.15424891816867 41.3275036589074, 2.15422495436614 41.3274707762226, 2.15404167403826 41.3273191194427, 2.15403987017791 41.3272691950836, 2.15404006689179 41.3272530639214, 2.15405565669423 41.3272395410046, 2.1542130185488 41.3272137738014, 2.15426190272973 41.3272184927022, 2.15433925340883 41.3272710529244, 2.15442607147674 41.327354785886, 2.15449508561087 41.3274661944458, 2.15449483064531 41.3275561604596, 2.15448106312592 41.3276154374033, 2.15439465915968 41.3277473223914, 2.15428258969063 41.3278124705933, 2.15426240875934 41.3278354177797, 2.15426604199102 41.3278538560063, 2.1542995150946 41.3278601550747, 2.15478328497026 41.3278415861094, 2.15697676348615 41.3278254623544, 2.15884521852269 41.3278347913425, 2.15886970772373 41.3277889234733, 2.15892552326972 41.3277676410744, 2.15897108614338 41.3277630738931, 2.15890499052653 41.3275727827674, 2.15882876864758 41.3275454911658, 2.15879321541502 41.3274779265367, 2.15873602864893 41.3273382870978, 2.15872251199634 41.327280827906, 2.15877697298802 41.32719388829, 2.15881679417024 41.3271600225187, 2.15889860330377 41.3271393624696, 2.15902764116071 41.3271406657033, 2.15909066668812 41.3271533765383, 2.15914882689633 41.3271801757104, 2.15920241135708 41.3272208491598, 2.15924740031137 41.32729900347, 2.1593089503418 41.3274190739928, 2.15946451922591 41.3278255521841, 2.15953274228194 41.3279620291107, 2.15963189447835 41.3280936155151, 2.15973204695962 41.3282375945824, 2.1598099882384 41.3285115622016, 2.15999725851486 41.3289958084248, 2.16028783466026 41.3296851003555, 2.1606473820639 41.3305195294578, 2.16086435079916 41.3310082422978, 2.16109918309695 41.3315867915278, 2.16132051738886 41.3320487286578, 2.16138622997423 41.3322399522745, 2.16157306884877 41.3326849914902, 2.16167090372865 41.3328773136583, 2.16203960131532 41.3337156869541, 2.16219509645983 41.3340790682392, 2.16226524534563 41.3342154133245, 2.16230922568844 41.3343496222592, 2.16240841136024 41.3345329459982, 2.16245058955108 41.3346511442788, 2.16257594980645 41.3348884876952, 2.16274707536894 41.335293488871, 2.16293885062951 41.335720258169, 2.16324059752683 41.3363183223304, 2.16333793745303 41.3365024875199, 2.16344919170545 41.3368004024787, 2.16356598039317 41.3370469422398, 2.163631205586 41.3371753239769, 2.16359947345726 41.3372333454269, 2.16363912363561 41.3373187012123, 2.16368628123469 41.3373338433635, 2.16374609101328 41.3373680113734, 2.16375106160667 41.3373961331416, 2.1637582035408 41.3374086695488, 2.16375518258343 41.3374140611571, 2.16374567091113 41.3374158025689, 2.16373733421041 41.3374125803304, 2.16372451991831 41.3374305204039, 2.16373180066999 41.3374359418289, 2.16373136407945 41.3374411090105, 2.16371247183832 41.3374511593116, 2.16368824788444 41.3374491727624, 2.16368363523082 41.3374612724611, 2.16370928493192 41.3375106312545, 2.16372982111855 41.3375355693528, 2.16378023996329 41.3376676356014, 2.16379893424918 41.3376861469033, 2.16379531004144 41.3377013253742, 2.16385112776734 41.3378102993376, 2.16385477213117 41.337811298634, 2.16385735290761 41.3378375204479, 2.16387779413542 41.3378652231573, 2.16389163742973 41.337892049232, 2.16389313832026 41.3379111291925, 2.16391383020768 41.3379715672786, 2.16393648280846 41.3380057895181, 2.16394562939841 41.3380073692374, 2.16447448765002 41.3379303127612, 2.1648074929135 41.3378750182473, 2.16483322949785 41.3378755563091, 2.16486128858349 41.3378832722485, 2.16488051493167 41.3378938425458, 2.1648878341903 41.3379102948655, 2.16509971263623 41.3378763908685, 2.16502348918557 41.3376132127329, 2.16517843011521 41.3375877283264, 2.16538866242322 41.3383136340775, 2.1652351570042 41.3383388859678, 2.16515461406942 41.338073208529, 2.16494125426533 41.3381121614365, 2.16494528623306 41.3381310048335, 2.16494057029281 41.3381390414115, 2.1649053901711 41.3381648360809, 2.16486799453514 41.3381806883046, 2.16466563967791 41.3382193215193, 2.16460078441268 41.3382347761786, 2.16444866357386 41.3382582895987, 2.16424801910954 41.338296781366, 2.16410375423788 41.3383134335531, 2.16407522300491 41.3383220717727, 2.16418122995792 41.338544806569, 2.16426839739658 41.3387454529755, 2.16461317268489 41.3394996749281, 2.16493663779486 41.3402451479128, 2.16494846688736 41.340252890187, 2.16495959003986 41.3402560154562, 2.16498168359183 41.3402573827741, 2.16508224596478 41.3402294763589, 2.16507605674843 41.3402152003804, 2.16511930323161 41.3402045518851, 2.16514721228172 41.3402689225511, 2.16560051596131 41.3401572930288, 2.16572935816263 41.3406132900894, 2.16563474022847 41.340628754756, 2.16552849103442 41.3402530168259, 2.16517821453601 41.3403402190576, 2.16528834621334 41.3405914736709, 2.16524521785802 41.340602213161, 2.16522554560135 41.3405573298176, 2.16519864881717 41.3405641696422, 2.16518630049189 41.3405727453642, 2.16516071381369 41.3405828464198, 2.16515211656049 41.3405822075701, 2.16514239994469 41.3405906042111, 2.16514356343773 41.3405987014588, 2.1651292684766 41.340608091751, 2.16512183426566 41.3406314935617, 2.16512524191287 41.3406454259865, 2.16511645993152 41.3406573783921, 2.16511437751516 41.3406725680818, 2.16513010929412 41.340719125291, 2.16514043882093 41.3407319909878, 2.16514998680789 41.3407555159898, 2.16517668773578 41.340800423307, 2.16517840157254 41.3408159648077, 2.16520291078871 41.3408724579837, 2.16523091149241 41.3409147985475, 2.16524798100463 41.3409801552545, 2.16526365285272 41.3410164433672, 2.16527993874391 41.3410383418179, 2.16528707066362 41.3410620114204, 2.1652985082519 41.3410760921549, 2.1653204065776 41.3411358271115, 2.16534305211477 41.3411501512639, 2.16535948172566 41.3411701591535, 2.16537004379086 41.3411760546485, 2.16539027306515 41.3411792999602, 2.16542255837747 41.3411781469209, 2.16543502741418 41.3411732291274, 2.16546544032349 41.3411726930287, 2.16559511718199 41.3411467186359, 2.16564497337382 41.3411454587281, 2.16567696223483 41.3411356922214, 2.16574467799024 41.34113043627, 2.16578445815552 41.3411226538338, 2.1658494216403 41.3411045420687, 2.16590586346238 41.3411023389464, 2.16604901217416 41.3410677603548, 2.16611518156936 41.341065663648, 2.16615481184028 41.3410733730357, 2.16618229238405 41.3410853360382, 2.16620309570135 41.3411016733805, 2.16622529214831 41.3411268572481, 2.16623146095366 41.3411398548398, 2.1662323585213 41.3411688117056, 2.16624780995024 41.3412280494018, 2.16623995065096 41.3412501330968, 2.16622861162961 41.3412639136154, 2.16621895486945 41.3412938569117, 2.16620583615891 41.3413028595246, 2.16618683134839 41.3413104323237, 2.16616575075455 41.3413251961441, 2.16610485862586 41.3413389508955, 2.16598371115091 41.3413521428639, 2.16592151564346 41.341344395987, 2.16586393259381 41.3413161272096, 2.1658482133561 41.3413191118851, 2.16583368311388 41.3413263297313, 2.16578480538834 41.341327704904, 2.16576768102071 41.3413209151666, 2.16574866285189 41.3413220383691, 2.16571130905018 41.3413344862929, 2.16569209781204 41.3413376257843, 2.16567376935594 41.3413371506251, 2.16559036536158 41.3413485620671, 2.16556396100687 41.3413496677174, 2.16544810827175 41.3413768952899, 2.16537908916639 41.3413774937028, 2.16530712625061 41.3413952211555, 2.16517955900056 41.3414169319239, 2.16515451531806 41.3414256677626, 2.16512527826896 41.3414295811436, 2.16511228157919 41.3414271448903, 2.1650888297625 41.3414291545932, 2.16501738254966 41.3414850957577, 2.1649813997094 41.3414949952378, 2.16495481743457 41.3415081515985, 2.16490724500655 41.3415214799192, 2.16487149651518 41.3415205179246, 2.16483318399341 41.3415237888896, 2.16481322959007 41.3415289585539, 2.16473590556762 41.3415265958709, 2.16471198878201 41.3415219635363, 2.16469055459083 41.3415232131497, 2.16463739615552 41.3415359423449, 2.16462589742591 41.3415360030017, 2.16460008389851 41.3415357615823, 2.1645124161179 41.3415197762656, 2.16450069500448 41.3415260144948, 2.16444674950607 41.3415236411852, 2.16441025402546 41.3415343654619, 2.16436638712285 41.3415420456877, 2.16431420630726 41.3415456121162, 2.16427832205226 41.3415421808748, 2.16424667304688 41.3415477699423, 2.16421224152241 41.3415447635785, 2.16418189764658 41.341560450595, 2.16417158730146 41.3415703921437, 2.16416186624881 41.3415716366498, 2.16413769704752 41.341566182673, 2.16411016982515 41.3415690993651, 2.16403389604497 41.341583678087, 2.16401686855815 41.3415917512987, 2.16396545537635 41.3415932333866, 2.16394083681548 41.3415967476529, 2.16391605956128 41.3416107996283, 2.16390482610668 41.3416088084121, 2.16387082657035 41.3416150108302, 2.163860877129 41.3416210276684, 2.16377714604203 41.3416280577344, 2.16375555334416 41.3416323505835, 2.1637386477254 41.3416439736254, 2.16371280285062 41.3416517845545, 2.16369575328504 41.3416522371464, 2.16364980792037 41.3416654146331, 2.16362601904382 41.3416676017396, 2.1636136964188 41.3416722681879, 2.16362862251353 41.3417873313806, 2.16363909299809 41.3418134573896, 2.16366076404525 41.3418497532809, 2.16367806433239 41.3418577336099, 2.16369800966779 41.3418607609737, 2.16371863592131 41.3418591453715, 2.16374089607966 41.3418493987871, 2.16380858705386 41.3418349380523, 2.16387242852176 41.3418298892525, 2.16392134281303 41.3418331630694, 2.16394531085004 41.3418431374347, 2.1639576205093 41.3418563058625, 2.16396512565974 41.3418750601162, 2.16398754600218 41.3419013809922, 2.16399893956015 41.3419301078563, 2.16400107094044 41.3419466252226, 2.16403801209837 41.3420122885795, 2.16405820589246 41.3420856128268, 2.1640684089958 41.3420990181534, 2.1640746303814 41.3421022700401, 2.16407763631317 41.3421102185423, 2.1640691840572 41.3421309376326, 2.16420498927543 41.3421077377245, 2.16424084445024 41.3422270431645, 2.16252930316087 41.3425014114863, 2.1624954068289 41.3423819765593, 2.16264469629103 41.3423591657657, 2.1626461886985 41.3423191739728, 2.16263959024874 41.3422931120794, 2.1626260497144 41.3422640812196, 2.16262634905692 41.3422444468785, 2.16261104635718 41.3422036933443, 2.16259162395801 41.3421327884916, 2.16258846753504 41.3420880879386, 2.16259314808572 41.3420735297198, 2.16260085119618 41.3420618759186, 2.16261853805125 41.342050871245, 2.16264077905179 41.3420426380079, 2.16272416296664 41.3420235721209, 2.16281755374108 41.3420108122112, 2.16283635767732 41.3420059047527, 2.16283914315814 41.3419974578915, 2.16280907961788 41.3418587026483, 2.16277692329904 41.3418049637098, 2.16276125337232 41.3418003459254, 2.16272381846938 41.3418003978588, 2.1627037887481 41.3418039632596, 2.16269064080425 41.341811469999, 2.1625957054883 41.3418244617728, 2.16251858286679 41.3418483381401, 2.16249090443014 41.3418518478441, 2.16243996775429 41.3418646282204, 2.16235907713455 41.3418756772898, 2.16232687463684 41.3418889903017, 2.16227844908991 41.3418923489422, 2.16222778116018 41.3419065363627, 2.16214844814163 41.3419191459257, 2.16207647882189 41.341939123201, 2.16196633801053 41.3419457434786, 2.16186465923884 41.3419561003689, 2.16183972484268 41.3419655839089, 2.16175606923035 41.3419685416268, 2.16170792161339 41.3419800449015, 2.16160199920608 41.3420156008737, 2.16155267608342 41.3420218350944, 2.16150777857573 41.3420408562678, 2.16149152942803 41.3420441247286, 2.16147370279226 41.3420399234192, 2.16146355167448 41.3420336882742, 2.1614153035981 41.3420343816011, 2.16136760197504 41.3420297464039, 2.16133217835484 41.3420369825721, 2.16127322996473 41.3420556130178, 2.16122603949084 41.342063303853, 2.16117963985856 41.3420801521316, 2.16109837134694 41.3420796318295, 2.16104854262807 41.3420842768148, 2.16102615846683 41.3420924726696, 2.16102414167002 41.3421080590913, 2.1610454055096 41.3421499011695, 2.16106527781439 41.3422182153767, 2.16112114785757 41.3422941781904, 2.16114543550369 41.3423723608404, 2.16116056371139 41.3423865949882, 2.16116622350743 41.3424298726102, 2.16116444472557 41.3424716187713, 2.16116864719088 41.3424868902219, 2.16116375066562 41.3424958981395, 2.1611754282335 41.3425471102594, 2.16117226025865 41.3425592654128, 2.16116460492979 41.3425645637188, 2.16117891221423 41.3425922906347, 2.16068957569928 41.3427800259097, 2.1594796084003 41.3432517225256, 2.15946476675079 41.3432282304649, 2.15933369223151 41.3432666451925, 2.15928411449525 41.3432702823955, 2.15926380140894 41.3432698097316, 2.15923851688833 41.3432618424732, 2.1592072607403 41.3432460850675, 2.1584415258994 41.3427562238722, 2.15843519625881 41.3427621397013, 2.15840750397625 41.3427453272295, 2.15842246924863 41.3427313308019, 2.15840017602312 41.3427129274381, 2.15837282393501 41.3426724815671, 2.15835132691689 41.3426488686301, 2.15829824064594 41.3426205569026, 2.15826702443152 41.3425943147148, 2.15825002073303 41.3425856151376, 2.15822969393466 41.3425825119791, 2.15818339476616 41.3425840469016, 2.15809137195418 41.3425943990221, 2.15804200630655 41.3425964519094, 2.15798778731219 41.3426041260244, 2.15791259777882 41.3425992882803, 2.15787099043856 41.3425891835891, 2.15772025143457 41.3425332423563, 2.15768752424298 41.342524103347, 2.15763779626863 41.3425023373791, 2.15747287245359 41.342411919088, 2.1573343555358 41.3423499416732, 2.1573029525856 41.3423456403113, 2.15722709690958 41.3422997947568, 2.15718583987366 41.3422847922619, 2.15708094943205 41.3422336086657, 2.15704797127912 41.3422754595237, 2.15715296285102 41.3423243649736, 2.15708807842486 41.342405579472, 2.15684910098959 41.3422937203068, 2.15691515516663 41.3422135683977, 2.15692682337563 41.3422190034738, 2.1569608716725 41.3421774946704, 2.15694102557506 41.342164936851, 2.15691402220452 41.3421568483996, 2.15683169720601 41.3421197177616, 2.1568105860788 41.3421439844315, 2.15681665034229 41.3421473436495, 2.15678600517052 41.3421778890025, 2.15674600808132 41.3421551040281, 2.15677246871241 41.3421265096928, 2.15677541295179 41.3421280535453, 2.15678446742611 41.3421182746054, 2.15678723356065 41.3421197270769, 2.15679884938873 41.3421071691491, 2.15675812102642 41.3420861316953, 2.15672720314664 41.3420748168288, 2.15670630736368 41.3420704391641, 2.15667841411993 41.342049805591, 2.15663674618893 41.3420333226458, 2.15652805067882 41.3419825340174, 2.15648372268871 41.3419573121874, 2.1564130027489 41.3419247989196, 2.15638328539459 41.3419158617531, 2.156327223462 41.3418839242729, 2.15627828501838 41.3418603259595, 2.1562483944535 41.3418388849724, 2.15623281494294 41.341819890871, 2.15619455780158 41.3417614214358, 2.15616890427417 41.3417043414906, 2.15608230706056 41.3415981737485, 2.15606658838606 41.3415640458748, 2.15605830213958 41.3415282070166, 2.15602893141753 41.341481332387, 2.15600159819296 41.3414506863301, 2.15598586098763 41.3414179995211, 2.15595883231028 41.3413859865356, 2.15591806996193 41.3413105283571, 2.1558925674769 41.3412751036699, 2.15585200777093 41.3411950711039, 2.1558106829315 41.3411409747329, 2.15578629771658 41.3411189975221, 2.15576873717755 41.3410868377616, 2.15573529936053 41.3410402574926, 2.15573520967763 41.3410296188858, 2.1557291408817 41.3410173690982, 2.15568108293006 41.340962682831, 2.15567486791573 41.3409515759301, 2.15567655491704 41.3409394100618, 2.15562733902126 41.3408579753816, 2.15554985805401 41.3408140047798, 2.15555481732109 41.3407881623975, 2.15555203329033 41.3407705231478, 2.15553578259741 41.3407406068405, 2.15553076777327 41.3407180150687, 2.1555201304991 41.3407013630724, 2.15551444211106 41.3406828017523, 2.15547785029718 41.3406065453161, 2.15546075164701 41.3405793610788, 2.15545718650596 41.3405629771552, 2.15544861305463 41.3405494028734, 2.15540950315866 41.340508942066, 2.15538233258471 41.3404546611671, 2.1553792616156 41.3404296335923, 2.15537264862921 41.3404151098815, 2.15532694660956 41.340426042945, 2.15532192530827 41.3404141341034, 2.15535772442812 41.3404055694172, 2.15533647893224 41.3403996306262, 2.15532390542466 41.3403848379767, 2.15531190379789 41.3403442878492, 2.15528222757351 41.3402804405019, 2.15527205837014 41.3402608734619, 2.15525828517154 41.3402464323025, 2.15523540671727 41.340207783997, 2.15520851827253 41.3401723850103, 2.15517393947246 41.3400957829455, 2.1551458627086 41.3400561596737, 2.15510704680651 41.3399892906984, 2.15509996006849 41.3399531723266, 2.15505268767544 41.3398895920689, 2.1549898961717 41.339795019865, 2.15497114985289 41.3397584916025, 2.15494785418092 41.3397373509078, 2.15489482776874 41.3396741967276, 2.154881871954 41.3396520150062, 2.15486996125992 41.3396007644919, 2.15483492906204 41.3395481912116, 2.15483052109268 41.3395267568322, 2.15481764439751 41.3395058547604, 2.15478367600606 41.3394680707143, 2.15477200403874 41.3394639946358, 2.15475113125919 41.3394477447954, 2.15474348375095 41.3394365282378, 2.15472125004256 41.3393693215264, 2.15469465511871 41.3393232866201, 2.15463024696289 41.3392373586233, 2.15460708045635 41.3392284330854, 2.15458025331159 41.3392068340103, 2.15453944633559 41.3391535336406, 2.15452638592492 41.3391209743772, 2.15450304142195 41.3390999413232, 2.15449053936957 41.3390759613736, 2.15447362916058 41.3390638390426, 2.15446138128032 41.3390608666338, 2.15442668229861 41.3390638904581, 2.15440617955719 41.3390597044228, 2.15439849059572 41.3390553963511, 2.15438145930377 41.3390341574459, 2.1543598327119 41.3389791874158, 2.15433743794928 41.3389521892808, 2.15433218252786 41.3389260647117, 2.15434979473313 41.3389060892059, 2.15439697907999 41.3388802778869, 2.15440175760183 41.3388508762242, 2.15439890398329 41.3388312547626, 2.15433747091539 41.3387463843276, 2.15432440808905 41.3387103300803, 2.15431333397045 41.3386905401201, 2.15426900195454 41.3386279899858, 2.15423353152478 41.3385871952111, 2.15421761533554 41.3385462919187, 2.15417143389494 41.3384687395397, 2.15414029377631 41.3384332009575, 2.15412333027034 41.3383975053431, 2.15410637632782 41.3384035599342, 2.15409517921827 41.3383858948374, 2.15411422914194 41.3383794953499, 2.15409125510082 41.3383492591857, 2.154097559249 41.3383349654525, 2.15408963945059 41.3383115595914, 2.15408054821358 41.3382974049127, 2.15406094504055 41.3382791375711, 2.15403544515934 41.338236290231, 2.1540114393368 41.3382072895123, 2.15400622984579 41.3381924067245, 2.15398031667876 41.338170417892, 2.15393258419891 41.3380871612202, 2.15390842319016 41.3380627712203, 2.15388907310125 41.3380286523661, 2.15388626422038 41.3380166696475, 2.15385741892415 41.3379737616411, 2.15385559939138 41.3379407444849, 2.15381941559524 41.3378960170288, 2.15378649351357 41.3378209039478, 2.15377748332305 41.337811577904, 2.15376548404256 41.3378078866424, 2.15375341947379 41.3378092391453, 2.15373452375271 41.337821278454, 2.15371228240731 41.3378258709107, 2.15370297561336 41.3378320717509, 2.15367941588167 41.3378351052025, 2.1536683539718 41.337832862037, 2.15365325997736 41.3378245000938, 2.15360656655857 41.3377911979653, 2.15358160144164 41.3377430850196, 2.15357843027647 41.3377295503245, 2.15358034212022 41.3377185030747, 2.15359918283444 41.337695942531, 2.15362390959217 41.3376803070635, 2.15364904041767 41.3376740784776, 2.15366380142668 41.3376638463237, 2.15366766026961 41.3376574973326, 2.15366633726792 41.3376267537339, 2.15364894258863 41.3376077819548, 2.15363782689231 41.3375838481333, 2.15362266722224 41.3375657935446, 2.15361776979807 41.3375517417304, 2.15360709502722 41.3375417548855, 2.15359125358487 41.3375172818801, 2.15356926003978 41.3374953578101, 2.15355745936105 41.337457871539, 2.15353898023849 41.3374451250141, 2.15352400088189 41.3374242253423, 2.15351311488351 41.337415786239, 2.15348603452813 41.3373732153905, 2.15348343561097 41.3373597929921, 2.15343520290179 41.3373004925951, 2.15341426024207 41.3372638758504, 2.1534014708041 41.3372252293183, 2.15339169640326 41.3372158615917, 2.15336738165493 41.3371738515133, 2.15335158581327 41.3371569451787, 2.15334134102372 41.3371248388488, 2.15332666167096 41.3371029325081, 2.15331713935484 41.3370944043348, 2.15330561119099 41.3370986431639, 2.15329457400374 41.3370815826708, 2.15330171900403 41.337078959984, 2.15327732914879 41.3370473711065, 2.15326392956834 41.337015241559, 2.15325152991518 41.3370055662631, 2.15323661913868 41.3369756955048, 2.15322990750934 41.3369697731799, 2.15322542588657 41.3369430057001, 2.15315845508718 41.3368430331923, 2.15311757740588 41.3367511072658, 2.15310563890141 41.336731671127, 2.15308254637057 41.336709738875, 2.15306664612509 41.3366824549961, 2.15304865679386 41.3366651361435, 2.15303708400504 41.3366396135624, 2.15301949417274 41.3366172894288, 2.15297489949753 41.3365134100535, 2.15295398441464 41.3364747036648, 2.15295070541947 41.3364612041866, 2.15294038046554 41.3364500668825, 2.15293263541791 41.3364316704383, 2.15291230510039 41.3364179373674, 2.15289825510287 41.3364175817425, 2.15286684634083 41.3364213499246, 2.15284201598311 41.3364302467983, 2.15279322706884 41.3364324097821, 2.15277420688713 41.3364245592756, 2.15275481129883 41.3364014111255, 2.15273430003869 41.3363564564062, 2.15272645384699 41.3363163599342, 2.15274052504356 41.3363049338165, 2.1527832158524 41.3362863952151, 2.15279255994881 41.3362791498421, 2.15279838677392 41.3362675729519, 2.15280205714942 41.336228732246, 2.1527977974072 41.3362162163778, 2.15276558382796 41.3361686624024, 2.15274327051497 41.3361235142655, 2.1527116437699 41.3360887823867, 2.15271284861387 41.3360741989706, 2.15268675743458 41.3360614322972, 2.15267668128167 41.3360274175369, 2.15265874236667 41.3360099188415, 2.15264680909477 41.3359864112638, 2.15263287698471 41.3359695906106, 2.15263100760444 41.3359589118671, 2.15262251905494 41.3359444102106, 2.15259435329991 41.3359155947415, 2.15259061031028 41.3358936427215, 2.15256498616246 41.3358669807564, 2.15254043934064 41.3358208252981, 2.15252032723685 41.3358077963555, 2.15250450346665 41.3357829450067, 2.15248238696254 41.335777954078, 2.15248023939508 41.3357500165528, 2.15247174493109 41.3357534921785, 2.15246166437631 41.3357382671869, 2.15247671889302 41.3357322015491, 2.1524698829252 41.3357155114976, 2.15245126216421 41.3356842441588, 2.15242527125356 41.3356609933356, 2.15240053964834 41.3356291044996, 2.15239079752932 41.3355988393276, 2.15237815351128 41.3355859194059, 2.15235618782554 41.3355278208437, 2.15230528144748 41.3354472423675, 2.15228103840633 41.3353703101708, 2.15224284787456 41.3353284588585, 2.15223101514352 41.3353045916727, 2.15222065250357 41.3352926973877, 2.15222606588694 41.3352779828394, 2.15222028359247 41.3352612401828, 2.15216168359008 41.3351878470655, 2.15213196289969 41.3351204675604, 2.15211257638275 41.3351040390237, 2.15208788942303 41.3350539911549, 2.15207323255856 41.3350396331709, 2.15205050166663 41.3350295123165, 2.1520372334529 41.335030639591, 2.15196960694949 41.3350552184286, 2.1519584925472 41.3350542988271, 2.15193612652116 41.3350418476741, 2.15191671931805 41.3350150422134, 2.15189961537338 41.3349811197145, 2.15187917111754 41.3349633231984, 2.1518746353898 41.3349444639198, 2.151881344785 41.3349330286911, 2.15189498549851 41.3349243738379, 2.15191253231551 41.3349204677418, 2.15191509264071 41.3349147217537, 2.15193915920883 41.3349103142339, 2.15194684780463 41.3349063084673, 2.15195716658113 41.3348911706896, 2.1519583226413 41.3348554821459, 2.15195213380873 41.334838763502, 2.15193945455664 41.3348202855909, 2.15193434312948 41.3348015842085, 2.15191420972983 41.3347837809813, 2.15190640261142 41.334759150757, 2.15188890858885 41.3347442494021, 2.15184033876921 41.3346780280073, 2.15181926534499 41.3346589928039, 2.15180173602487 41.3346247068504, 2.1517991693357 41.3346088345827, 2.1517929751465 41.3345980608971, 2.15177401771044 41.3345798970006, 2.15176433766108 41.3345844915869, 2.15175711467393 41.3345784032692, 2.15175055040807 41.3345537821938, 2.15172569752673 41.3345165598235, 2.15172199864596 41.334499526238, 2.15169212542079 41.3344734362644, 2.15168209045718 41.3344436732938, 2.15166410595305 41.334415004697, 2.15165943820142 41.3343897490489, 2.15164417875243 41.3343951402044, 2.15163332303524 41.3343798193478, 2.15164756782529 41.3343744306229, 2.15161090603381 41.3343353998308, 2.15160786967993 41.3343290180922, 2.15160837189321 41.3343096554834, 2.15159855339192 41.3342991343053, 2.15158755527323 41.3342772909018, 2.15156939770673 41.3342601237019, 2.15155818872182 41.3342342703651, 2.1515483672291 41.3342249021316, 2.15152473539752 41.3341746457325, 2.15150213008702 41.3341631655493, 2.15147319271962 41.3340944495094, 2.15146195707741 41.3340761803541, 2.15144965851689 41.3340661453029, 2.15142942996408 41.3340188684636, 2.1514021106505 41.3339801866217, 2.1513969122589 41.3339608360258, 2.15137598716092 41.3339377664345, 2.15135732053776 41.3338889337785, 2.15134729414249 41.3338723399318, 2.15133209386728 41.333857527465, 2.15128108366411 41.3337510779623, 2.15127012737669 41.3337398367656, 2.1512543003569 41.333737405099, 2.15123969354606 41.333728433913, 2.15123031718906 41.3337308148284, 2.15121176759327 41.3337438651351, 2.15119320035982 41.333745385597, 2.15117782073362 41.3337517576322, 2.15116691038884 41.333745263763, 2.1511510301458 41.333746011368, 2.15114135320442 41.3337402472003, 2.15111506143024 41.3337089680969, 2.15108284912807 41.3336817527771, 2.1510659483028 41.3336589380016, 2.1510643834402 41.3336413976939, 2.15107107857195 41.3336310613304, 2.15109835778658 41.333613895915, 2.15112247048853 41.3336068226584, 2.15114939484116 41.3335902941522, 2.15115705459221 41.3335802171105, 2.15115508365341 41.3335672586708, 2.15111520497468 41.3334871212849, 2.15107412175779 41.3334334933376, 2.15107366137936 41.3334247705969, 2.15106731502082 41.3334146893324, 2.15103575458801 41.3333768588608, 2.15102956951721 41.3333598789716, 2.15101178366455 41.3333454076926, 2.15098352299643 41.3333129970927, 2.15097578981621 41.3332974379867, 2.15097899390376 41.3332862922142, 2.15092965039124 41.3332356298274, 2.15093699384482 41.3331992933474, 2.15092519721109 41.3331911175051, 2.150919591881 41.3331810326914, 2.15090878939108 41.3331718562326, 2.15090211401705 41.3331741390489, 2.15089250972044 41.3331581878138, 2.15089822839412 41.3331562312206, 2.15085697849679 41.3330948545374, 2.15084123977119 41.3330644729195, 2.1507167275824 41.3329024714809, 2.15071334471413 41.332875856117, 2.15070537438291 41.3328518821543, 2.15067094495228 41.3327883948118, 2.1506469471155 41.3327498453869, 2.15059252359069 41.332679995229, 2.15054227032257 41.3325835133617, 2.15050216201226 41.3325303517868, 2.1504853517277 41.3325125638256, 2.15035181037202 41.3324707736706, 2.15030473404507 41.3324149393772, 2.150291822496 41.3323785434693, 2.15029783906604 41.3323569696752, 2.15034195951037 41.3323091948757, 2.15035672946961 41.3322853437263, 2.15035903014518 41.3322738309964, 2.1503561914557 41.3322623704019, 2.15033983345686 41.3322336955824, 2.15022849379628 41.332083617809, 2.15019685237013 41.3320355538814, 2.15016792761624 41.3319807543125, 2.1500898056411 41.3318770405335, 2.15008661422918 41.3318467514644, 2.15007717419201 41.3318283062691, 2.15006233243286 41.331811712776, 2.15002675175507 41.3317909127064, 2.15000489394372 41.3317716551896, 2.14995075051174 41.3316711809824, 2.14974341344136 41.3313310541181, 2.14972605553767 41.3313149824476, 2.14957438254521 41.331234144643, 2.14955261056427 41.3312083121322, 2.14952446691405 41.3311578418111, 2.14948835257404 41.3310770470759, 2.14948776449422 41.3310579466375, 2.14949338992679 41.3310388921159, 2.14952358119885 41.3309870513441, 2.14953014028145 41.3309697151619, 2.14953275617527 41.3309523498413, 2.14952788985613 41.3309314162706, 2.14951524729347 41.3309111458437, 2.14946260594341 41.3308606746261, 2.14941664208703 41.330792958159, 2.14921043975269 41.3304670706767, 2.14893692954738 41.3300150292046, 2.14892714209857 41.3300049584025, 2.14891265239334 41.3299980955604, 2.14883491575238 41.3299844596771, 2.14875356476816 41.3300097998834, 2.14868831678459 41.3300190454773, 2.14868051391205 41.3300180897041, 2.14768947542991 41.3303664259488, 2.14590165810619 41.3309877121554, 2.14608535879431 41.3312858663268, 2.14584881244502 41.3313711784033, 2.14728037577982 41.3336974645227, 2.14427925950723 41.3347473985556, 2.14531429004035 41.3364267708235, 2.14561208018318 41.3363232599319, 2.1456278400794 41.3363244578375, 2.14561255916684 41.3365506247507, 2.14955488163217 41.3366680738588, 2.14956767415511 41.3366756140553, 2.14974500679908 41.33796945816, 2.14980302538645 41.3383650673278, 2.14987904570962 41.3389489327031, 2.15003700566456 41.3400588061483, 2.15092428140795 41.3464834221441, 2.15102984183908 41.3464748960893, 2.15103237369549 41.3464713838001, 2.15108903679921 41.3464672619717, 2.15109158284155 41.346470019053, 2.15118175520835 41.3464627575067, 2.151183327162 41.3464595263765, 2.15124076265392 41.3464548336859, 2.15124397520057 41.3464578118609, 2.15186971718382 41.3464080103445, 2.15184937919174 41.3462583348285, 2.15183560224336 41.346258881839, 2.1518098461128 41.3460689565955, 2.15182238377281 41.3460681122123, 2.15180155552239 41.3459120196775, 2.15178720028524 41.345912922723, 2.15177127042269 41.3457993820069, 2.15176995613612 41.3457634231125, 2.15178239480621 41.3457388880975, 2.15179472545816 41.3457263593743, 2.15180966634941 41.3457199299968, 2.15183543988055 41.345721534137, 2.15184965387818 41.3457278270921, 2.15186681061691 41.3457422305295, 2.15188212108254 41.3457754822076, 2.15190140372764 41.345903315606, 2.15188810212085 41.3459040823075, 2.15191007234021 41.346060615606, 2.15192442293341 41.3460600728138, 2.15194846861267 41.3462491927624, 2.15193641366822 41.3462496804138, 2.15195748966352 41.346401451109, 2.15256990639656 41.3463541507761, 2.1525730071843 41.3463510029449, 2.1526289135875 41.3463462262407, 2.15263289391516 41.3463489938488, 2.15274058498461 41.3463402026766, 2.15264241713581 41.3456283143385, 2.1528366419145 41.3456124497006, 2.15284119927728 41.3456075831305, 2.152959504106 41.3455987257578, 2.15296700437346 41.3456028884124, 2.15300739825202 41.345599726801, 2.15285392637618 41.3444928999085, 2.1532176731561 41.3444631406218, 2.15300595536285 41.3429431220968, 2.15311326101165 41.3427348640067, 2.15330828221057 41.3427011333795, 2.15768968329498 41.3451927929913, 2.15767343624659 41.3452097344181, 2.16149390466674 41.3473800574096, 2.16250001858202 41.3479470959342, 2.16323920865554 41.3483692530819, 2.16314299767613 41.3484643219666, 2.16306979587591 41.3484222557416, 2.16304120176045 41.3484513133799, 2.16337781657154 41.3486412354772, 2.1636963617099 41.3485208947108, 2.16367366312184 41.3484898112813, 2.16363462960614 41.3485044486498, 2.16356276010486 41.3483956193161, 2.16690655270709 41.3471439153597, 2.17092952613717 41.3532714149787, 2.17281413706767 41.3561480301045, 2.17305129045741 41.3565026957036, 2.17305440425128 41.3565154817896, 2.17305021432822 41.3565253780111, 2.17303941906824 41.3565357672201, 2.17295507275986 41.3565937372312, 2.16990052907431 41.3586473917088, 2.17001718327604 41.358836004595, 2.17029607378947 41.3592710989039, 2.17060056664983 41.3597361650168, 2.17093087737848 41.3602513172415, 2.1750073773637 41.358747772194, 2.17532892841995 41.3586245296139, 2.17535936088423 41.3586155059411, 2.17537981637524 41.3586126620125, 2.17540339596932 41.3586142541686, 2.17544751779229 41.358630756894, 2.17546418444938 41.3586439372679, 2.17564325171985 41.3589166898652, 2.17585734355296 41.3592534214651, 2.17609714737472 41.3596213686674, 2.17612572258713 41.3596108074189, 2.1767390101929 41.3605528441435, 2.17617439855178 41.3607620879969, 2.17616035990199 41.3607398361205, 2.17536135092306 41.3610338503675, 2.17490791253077 41.3612047161406, 2.17404227406976 41.3615135184393, 2.17369116859069 41.361645712101, 2.17384398029791 41.3618798886485, 2.1734800700997 41.3620354183633, 2.1759830835758 41.3653241139788, 2.17682451236712 41.3650203485657, 2.17927950484436 41.3641201677898, 2.17899287726889 41.3636778612294, 2.17931367386527 41.3635598707854, 2.18023693451243 41.3649902756316, 2.18072150324933 41.3657538734524, 2.18075234181555 41.3657956087866, 2.1807555533021 41.3658131513283, 2.18075310462289 41.3658367877131, 2.1807435494296 41.3658588602365, 2.1807290382122 41.3658756911131, 2.18069683926968 41.3658956928193, 2.17982666962093 41.3662206926154, 2.17967546696709 41.3659788062158, 2.17651978276098 41.3671318157867, 2.17668888154097 41.3673979015624, 2.17639269465527 41.3674228047081, 2.17668222445575 41.3693857327743, 2.17703917790602 41.369356602104, 2.17710883703813 41.3698208984832, 2.17675173617292 41.3698499517434, 2.17708961008751 41.372143606783, 2.1773759440628 41.3721194151275, 2.17746094799084 41.3721605206527, 2.17761852273176 41.3723619591807, 2.17762154834311 41.3723611764308, 2.17728812277886 41.3725126773547, 2.17709493653936 41.3727532748694, 2.17652985030098 41.3728945501381)))"
"03","Sants-Montjuïc","13","la Marina de Port","061","026","POLYGON ((427535.2205 4578868.7535, 427510.6557 4578915.745, 427498.1166 4578909.4402, 427497.3779 4578864.645, 427495.1186 4578797.3316, 427486.9703 4578737.4148, 427475.4035 4578695.4105, 427493.2714 4578659.7703, 427399.2402 4578612.5335, 427549.3646 4578313.0404, 427575.254649 4578333.389535, 427767.145 4578433.9064, 427863.4755 4578483.7175, 427746.3505 4578722.5215, 427730.4677605 4578713.7980595, 427705.8347345 4578762.968803, 427702.5829915 4578775.45967, 427682.7785605 4578811.4988875, 427673.5845 4578806.6885, 427671.2765 4578807.5785, 427654.0597235 4578840.3598555, 427650.9757 4578841.75, 427637.9935 4578834.9015, 427601.6245 4578903.9065, 427535.2205 4578868.7535))","POLYGON ((2.13366439846905 41.3580634486937, 2.13336513732626 41.3584844734036, 2.13321599800961 41.3584265593971, 2.13321252080272 41.3580230384636, 2.13319355755335 41.357416567152, 2.1331033150951 41.356876184062, 2.13297006947451 41.3564968245506, 2.13318791536911 41.3561774348667, 2.13206955559816 41.3557435178712, 2.13389983006378 41.3530596081576, 2.13420686626546 41.3532452144106, 2.13648858199364 41.3541677688871, 2.13763412332171 41.3546250348823, 2.13620565257155 41.3567653603056, 2.13601683375233 41.3566853660511, 2.13571651890663 41.3571260187498, 2.13567615984694 41.3572382276965, 2.13543512581632 41.357561042015, 2.13532579468564 41.3575168907897, 2.13529809907943 41.3575246994032, 2.13508838320413 41.357818402955, 2.13505135128173 41.3578306464118, 2.13489697998752 41.3577677978509, 2.13445399402242 41.3583860324679, 2.13366439846905 41.3580634486937))"
"03","Sants-Montjuïc","13","la Marina de Port","061","027","POLYGON ((427616.0915 4579173.7775, 427606.7525425 4579192.0854165, 427478.8375 4579067.9913, 427507.0212 4579015.2826, 427468.5513 4578994.6698, 427510.6557 4578915.745, 427535.2205 4578868.7535, 427601.6245 4578903.9065, 427637.9935 4578834.9015, 427650.9757 4578841.75, 427654.0597 4578840.3599, 427671.2765 4578807.5785, 427673.5845 4578806.6885, 427682.7785605 4578811.4988875, 427702.5829915 4578775.45967, 427705.8347345 4578762.968803, 427730.4677605 4578713.7980595, 427831.7115 4578768.0435, 427805.9835 4578816.3795, 427783.7915 4578859.1315, 427732.4935 4578956.4975, 427658.6875 4579092.5315, 427616.0915 4579173.7775))","POLYGON ((2.1345947325381 41.3608179654283, 2.13448090546882 41.3609820186624, 2.13296658201522 41.3598528362891, 2.13330979637498 41.3593806458488, 2.13285238421928 41.3591915293281, 2.13336513732626 41.3584844734036, 2.13366439846905 41.3580634486937, 2.13445399402242 41.3583860324679, 2.13489697998752 41.3577677978509, 2.13505135128173 41.3578306464118, 2.13508838291791 41.3578184033537, 2.13529809907943 41.3575246994032, 2.13532579468564 41.3575168907897, 2.13543512581632 41.357561042015, 2.13567615984694 41.3572382276965, 2.13571651890663 41.3571260187498, 2.13601683375233 41.3566853660511, 2.13722061995544 41.3571830158626, 2.13690732096731 41.3576160553073, 2.13663695166494 41.3579991178077, 2.13601213988202 41.3588714571153, 2.13511363354055 41.3600900398212, 2.1345947325381 41.3608179654283))"
"03","Sants-Montjuïc","13","la Marina de Port","061","028","POLYGON ((427722.5444 4579610.7331, 427714.9202 4579630.0297, 427552.3794675 4579473.1183685, 427576.8779 4579448.1246, 427687.5527 4579332.7846, 427650.1105 4579250.72, 427639.4741 4579231.8753, 427631.9796 4579220.7773, 427623.9516 4579210.4449, 427613.561 4579198.6905, 427606.7525425 4579192.0854165, 427621.1395 4579163.8815, 427658.6875 4579092.5315, 427686.0235 4579041.7715, 427705.8275 4579005.9635, 427828.3335 4579071.0535, 427960.9375 4579142.1155, 427913.4095 4579232.3745, 427785.0145 4579473.1885, 427780.4957 4579485.2572, 427726.8035 4579585.2156, 427722.5444 4579610.7331))","POLYGON ((2.13581525184851 41.3647630317169, 2.1357218032379 41.3649361446966, 2.13379733713407 41.3635082903927, 2.13409319906698 41.3632853847626, 2.13543005738399 41.362256507024, 2.13499223439747 41.3615140167171, 2.13486732858361 41.3613433333704, 2.1347790591568 41.3612427040577, 2.13468432091759 41.3611489222069, 2.13456150892578 41.3610421204284, 2.13448090546882 41.3609820186624, 2.1346562594053 41.3607292894866, 2.13511363354055 41.3600900398212, 2.13544646786385 41.3596353179793, 2.13568747696255 41.3593145862824, 2.1371441936507 41.359911819019, 2.13872094370045 41.3605637247908, 2.13814204780394 41.3613724023426, 2.13657847052927 41.3635298228328, 2.13652301142188 41.3636381159656, 2.13586921097519 41.3645335871474, 2.13581525184851 41.3647630317169))"
"03","Sants-Montjuïc","13","la Marina de Port","061","029","POLYGON ((427828.9835 4579069.8895, 427828.3335 4579071.0535, 427705.8275 4579005.9635, 427732.4935 4578956.4975, 427783.7915 4578859.1315, 427805.9835 4578816.3795, 427831.7115 4578768.0435, 427863.1795 4578783.9185, 427891.1745 4578798.7485, 427891.5492925 4578810.8881605, 427891.2472 4578830.8572, 427887.5412 4578834.2102, 427881.6628 4578838.5698, 427872.635700001 4578843.7678, 427847.3169925 4578862.6280595, 427839.8413085 4578924.9010245, 427827.7065 4578946.0665, 427880.3645 4578974.1155, 427874.6255 4578986.1155, 427828.9835 4579069.8895))","POLYGON ((2.13715210242633 41.3599013935394, 2.1371441936507 41.359911819019, 2.13568747696255 41.3593145862824, 2.13601213988202 41.3588714571153, 2.13663695166494 41.3579991178077, 2.13690732096731 41.3576160553073, 2.13722061995544 41.3571830158626, 2.13759489480772 41.3573288161172, 2.13792777979161 41.3574648922167, 2.1379308172019 41.3575742635293, 2.13792483266568 41.3577540907493, 2.13788013294076 41.3577839581884, 2.13780934482377 41.357822697149, 2.13770081761343 41.3578687052134, 2.13739591657891 41.35803630479, 2.13729914576655 41.3585965059252, 2.13715156760489 41.358786048451, 2.13777771211817 41.3590433941714, 2.13770768062048 41.3591509599675, 2.13715210242633 41.3599013935394))"
"03","Sants-Montjuïc","13","la Marina de Port","061","030","POLYGON ((427972.8355 4579118.0935, 427960.9375 4579142.1155, 427828.3335 4579071.0535, 427874.6255 4578986.1155, 427880.3645 4578974.1155, 427827.7065 4578946.0665, 427839.8413 4578924.9011, 427847.3168 4578862.6282, 427872.635700001 4578843.7678, 427881.6628 4578838.5698, 427887.5412 4578834.2102, 427891.2472 4578830.8572, 427891.5493 4578810.8884, 427891.1745 4578798.7485, 427863.1795 4578783.9185, 427831.7115 4578768.0435, 427746.3505 4578722.5215, 427863.4755 4578483.7175, 428072.4075 4578594.2225, 428215.1265 4578670.9115, 428164.4915 4578762.0515, 428094.7645 4578892.3405, 428078.3475 4578925.7875, 428067.0025 4578946.6935, 428044.7415 4578986.2655, 428004.3575 4579061.6415, 427983.3615 4579098.7215, 427972.8355 4579118.0935))","POLYGON ((2.13886602971073 41.3603484313931, 2.13872094370045 41.3605637247908, 2.1371441936507 41.359911819019, 2.13770768062048 41.3591509599675, 2.13777771211817 41.3590433941714, 2.13715156760489 41.358786048451, 2.13729914565595 41.3585965066045, 2.13739591426107 41.3580363060382, 2.13770081761343 41.3578687052134, 2.13780934482377 41.357822697149, 2.13788013294076 41.3577839581884, 2.13792483266568 41.3577540907493, 2.13793081726309 41.357574265687, 2.13792777979161 41.3574648922167, 2.13759489480772 41.3573288161172, 2.13722061995544 41.3571830158626, 2.13620565257155 41.3567653603056, 2.13763412332171 41.3546250348823, 2.14011846004073 41.355639004196, 2.14181538354845 41.3563424512415, 2.14119931919586 41.3571588033891, 2.14035037443044 41.3583260491146, 2.14015016015682 41.3586258286983, 2.14001206236216 41.358813108509, 2.13974125840284 41.3591675310148, 2.13924955568897 41.3598428068968, 2.13899416136358 41.3601748960261, 2.13886602971073 41.3603484313931))"
"03","Sants-Montjuïc","13","la Marina de Port","062","031","POLYGON ((428245.6635 4579031.9575, 428241.9265 4579035.8035, 428227.6175 4579024.3125, 428094.7645 4578892.3405, 428164.4915 4578762.0515, 428215.1265 4578670.9115, 428250.2085 4578688.0875, 428261.1775 4578694.3375, 428272.5575 4578702.7155, 428281.1645 4578709.6345, 428290.0305 4578717.9625, 428305.5325 4578734.9595, 428310.2035 4578741.0655, 428322.1885 4578758.2325, 428328.4305 4578769.6145, 428337.5975 4578788.9585, 428358.6678 4578835.9914, 428360.231 4578870.2746, 428349.2695 4578895.0835, 428336.9895 4578918.3635, 428329.6385 4578930.9635, 428310.7585 4578959.2275, 428300.6455 4578972.9475, 428292.3175 4578983.3155, 428279.6295 4578998.2935, 428265.8555 4579012.5335, 428245.6635 4579031.9575))","POLYGON ((2.14213771182815 41.3595969934205, 2.14209258382908 41.3596313000151, 2.1419228897168 41.3595265291156, 2.14035037443044 41.3583260491146, 2.14119931919586 41.3571588033891, 2.14181538354845 41.3563424512415, 2.14223271092243 41.3565002763143, 2.14236309202932 41.3565575452506, 2.14249813477741 41.3566340168402, 2.14260020259698 41.3566971005801, 2.14270520010494 41.3567728976914, 2.14288849864144 41.356927364366, 2.14294361325568 41.3569827749435, 2.14308485129614 41.3571384593294, 2.14315812246418 41.3572415288286, 2.14326541845047 41.3574165696936, 2.1435117362824 41.3578420543273, 2.14352637449295 41.3581509708316, 2.143392410771 41.3583734410616, 2.14324286526836 41.3585820234815, 2.14315350233378 41.358694853225, 2.1429244690697 41.3589477369482, 2.14280195530722 41.3590704079552, 2.14270117551608 41.3591630474499, 2.14254773012642 41.3592968192349, 2.14238138907689 41.3594238471381, 2.14213771182815 41.3595969934205))"
"03","Sants-Montjuïc","13","la Marina de Port","062","032","POLYGON ((428329.2235 4579099.4995, 428317.5625 4579108.1675, 428305.7435 4579097.1875, 428241.9265 4579035.8035, 428265.8555 4579012.5335, 428279.6295 4578998.2935, 428292.3175 4578983.3155, 428300.6455 4578972.9475, 428310.7585 4578959.2275, 428329.6385 4578930.9635, 428336.9895 4578918.3635, 428349.2695 4578895.0835, 428360.231 4578870.2746, 428358.6678 4578835.9914, 428337.5975 4578788.9585, 428328.4305 4578769.6145, 428322.1885 4578758.2325, 428310.2035 4578741.0655, 428305.5325 4578734.9595, 428290.0305 4578717.9625, 428281.1645 4578709.6345, 428272.5575 4578702.7155, 428261.1775 4578694.3375, 428250.2085 4578688.0875, 428215.1265 4578670.9115, 428276.6015 4578553.5155, 428311.9135 4578487.6895, 428341.9075 4578432.7975, 428366.0095 4578444.7455, 428390.7145 4578457.4495, 428413.0815 4578465.9575, 428493.1955 4578493.4775, 428568.4675 4578539.0235, 428582.3635 4578548.8095, 428596.458 4578563.0479, 428587.2418 4578586.0342, 428579.7215 4578611.4815, 428573.3695 4578637.9935, 428570.2495 4578663.0175, 428552.817 4578702.069, 428541.1045 4578718.6316, 428511.0455 4578766.4715, 428498.0695 4578782.3595, 428484.4315 4578803.3195, 428474.5915 4578826.9355, 428468.8015 4578852.2635, 428467.8895 4578891.5175, 428469.6615 4578927.0835, 428468.7975 4578941.7155, 428466.9495 4578954.2035, 428459.9045 4578977.5055, 428449.6715 4578995.7075, 428442.1275 4579006.7235, 428431.4875 4579018.8995, 428421.2315 4579029.3475, 428411.1115 4579037.4525, 428378.7755 4579062.0435, 428343.7995 4579088.0275, 428329.2235 4579099.4995))","POLYGON ((2.14312863040541 41.3602127636865, 2.14298820617073 41.360289795385, 2.14284821489771 41.3601898499117, 2.14209258382908 41.3596313000151, 2.14238138907689 41.3594238471381, 2.14254773012642 41.3592968192349, 2.14270117551608 41.3591630474499, 2.14280195530722 41.3590704079552, 2.1429244690697 41.3589477369482, 2.14315350233378 41.358694853225, 2.14324286526836 41.3585820234815, 2.143392410771 41.3583734410616, 2.14352637449295 41.3581509708316, 2.1435117362824 41.3578420543273, 2.14326541845047 41.3574165696936, 2.14315812246418 41.3572415288286, 2.14308485129614 41.3571384593294, 2.14294361325568 41.3569827749435, 2.14288849864144 41.356927364366, 2.14270520010494 41.3567728976914, 2.14260020259698 41.3566971005801, 2.14249813477741 41.3566340168402, 2.14236309202932 41.3565575452506, 2.14223271092243 41.3565002763143, 2.14181538354845 41.3563424512415, 2.1425641120625 41.3552905819123, 2.14299399004562 41.354700852923, 2.14335900158454 41.3542091280026, 2.14364568907609 41.3543188839569, 2.14393949617716 41.3544355018689, 2.14420585243319 41.3545141192022, 2.14516023926428 41.3547691004233, 2.1460546330906 41.3551859987211, 2.14621958666251 41.3552753705467, 2.14638638951597 41.3554048610797, 2.1462735183002 41.3556110740913, 2.14618062876688 41.3558396028222, 2.14610157865983 41.3560778244983, 2.14606133740746 41.3563029308588, 2.1458483565632 41.3566531086147, 2.14570639779334 41.3568012433173, 2.14534144291823 41.3572294537564, 2.14518445752904 41.3573713997029, 2.145018960127 41.3575589684778, 2.14489854968011 41.3577707960871, 2.14482635018857 41.3579984027604, 2.14481081993318 41.3583518696308, 2.14482780913089 41.3586723583088, 2.14481575558069 41.3588040671617, 2.14479219189602 41.3589163782927, 2.14470522711074 41.359125625823, 2.14458075320411 41.3592886559797, 2.14448927124824 41.359387203046, 2.14436064181674 41.3594959225923, 2.14423680628238 41.3595891126029, 2.1441148726678 41.3596612119449, 2.1437254158983 41.359879819251, 2.14330423248923 41.3601107365486, 2.14312863040541 41.3602127636865))"
"03","Sants-Montjuïc","13","la Marina de Port","062","033","POLYGON ((428170.7985 4579229.2695, 428162.07 4579245.8785, 428059.4395 4579191.0585, 428061.6815 4579186.4895, 428063.7465 4579183.1565, 428070.2935 4579173.6865, 428073.2235 4579170.1005, 428084.3695 4579159.0435, 428161.0455 4579102.2435, 428180.1255 4579087.1225, 428241.9265 4579035.8035, 428305.7435 4579097.1875, 428317.5625 4579108.1675, 428304.3935 4579117.7915, 428296.4825 4579122.9515, 428243.7585 4579150.5295, 428226.9895 4579161.1695, 428222.0075 4579165.0065, 428217.0955 4579169.5185, 428205.2875 4579181.3905, 428200.8395 4579186.2545, 428190.0145 4579199.7015, 428186.8785 4579204.0535, 428170.7985 4579229.2695))","POLYGON ((2.14121939291107 41.3613674403606, 2.1411130803707 41.3615162531928, 2.13989267461543 41.3610133446464, 2.13992001847593 41.3609723935577, 2.1399450997818 41.3609425588744, 2.14002448881282 41.360857850757, 2.14005994064981 41.3608258146388, 2.14019449611122 41.3607272236636, 2.1411178430571 41.3602224903695, 2.14134772267363 41.360088002787, 2.14209258382908 41.3596313000151, 2.14284821489771 41.3601898499117, 2.14298820617073 41.360289795385, 2.14282964137812 41.3603753030008, 2.1427344601642 41.3604210729141, 2.14210091358893 41.3606647615981, 2.1418991904305 41.360759097831, 2.1418391792332 41.360793212268, 2.14177992491204 41.3608334124094, 2.14163736125083 41.3609392866557, 2.14158361190356 41.3609826984111, 2.14145261245437 41.3611028455663, 2.14141460782195 41.3611417628443, 2.14121939291107 41.3613674403606))"
"03","Sants-Montjuïc","13","la Marina de Port","062","034","POLYGON ((428078.6102125 4579066.1412375, 428078.1611 4579066.5409, 428071.4491 4579054.0691, 428072.1848 4579052.5572, 428085.006092 4579041.159096, 428030.9145 4579012.0525, 428044.7415 4578986.2655, 428067.0025 4578946.6935, 428078.3475 4578925.7875, 428094.7645 4578892.3405, 428227.6175 4579024.3125, 428241.9265 4579035.8035, 428210.2775 4579062.1155, 428197.5998 4579046.8192, 428196.9592 4579047.3502, 428190.0952 4579039.0678, 428189.3122 4579039.7158, 428182.4232 4579031.4032, 428181.6008 4579032.0842, 428174.7402 4579023.8052, 428173.9128285 4579024.443778, 428167.1261065 4579015.664908, 428166.4289 4579016.2971, 428151.1055 4579001.2755, 428078.6102125 4579066.1412375))","POLYGON ((2.14013666132816 41.3598899703997, 2.14013124511604 41.3598935299068, 2.14005248655219 41.3597806011033, 2.14006146058234 41.3597670496583, 2.14021608115867 41.3596655360648, 2.13957290888401 41.35939854995, 2.13974125840284 41.3591675310148, 2.14001206236216 41.358813108509, 2.14015016015682 41.3586258286983, 2.14035037443044 41.3583260491146, 2.1419228897168 41.3595265291156, 2.14209258382908 41.3596313000151, 2.14171112953424 41.3598654621319, 2.14156138686639 41.3597265630982, 2.14155366610346 41.3597312885097, 2.14147259230246 41.3596560796061, 2.14146315540391 41.3596618460912, 2.14138178651181 41.3595863628937, 2.1413718747111 41.359592423077, 2.1412908415331 41.3595172449731, 2.1412808753268 41.3595229226246, 2.14120078468271 41.3594432488887, 2.14119237525873 41.3594488806283, 2.1410109748719 41.3593122189841, 2.14013666132816 41.3598899703997))"
"03","Sants-Montjuïc","13","la Marina de Port","063","035","POLYGON ((428025.0265 4579442.9575, 428019.9545 4579467.0475, 427982.9265 4579456.7565, 427985.9998 4579443.2718, 427987.9332 4579429.2688, 427993.1288 4579370.2852, 427996.5991 4579324.7051, 427934.5244 4579305.4402, 427944.9457 4579279.7397, 427946.0279855 4579277.8919955, 427971.58098 4579285.933062, 427980.8559 4579257.2361, 427931.089033 4579241.398938, 427913.4095 4579232.3745, 427960.9375 4579142.1155, 427987.7615 4579153.3235, 428059.4395 4579191.0585, 428049.4835 4579221.8335, 428043.9485 4579241.0895, 428040.2435 4579258.4255, 428037.5875 4579274.9775, 428034.1895 4579327.9375, 428026.7995 4579416.4925, 428026.2415 4579437.1915, 428025.0265 4579442.9575))","POLYGON ((2.13945139408603 41.3632790359091, 2.13938789984186 41.3634955526676, 2.13894645331572 41.3633995538111, 2.13898479548924 41.3632783767517, 2.13900957165882 41.3631524295702, 2.13907868680385 41.3626216496001, 2.13912558423022 41.3622114358931, 2.1383857868756 41.3620323697987, 2.13851342327428 41.3618018271003, 2.13852658110408 41.3617852823293, 2.13883110339496 41.3618599918447, 2.13894538910628 41.3616023579926, 2.1383523269018 41.3614552650167, 2.13814204780394 41.3613724023426, 2.13872094370045 41.3605637247908, 2.13904027876313 41.3606670709068, 2.13989267461543 41.3610133446464, 2.1397700052013 41.361289634819, 2.13970155250002 41.3614625723106, 2.13965520416473 41.361618380538, 2.13962148904171 41.3617672212842, 2.13957458384188 41.3622439099183, 2.13947573054556 41.363040833391, 2.13946660353191 41.36322721218, 2.13945139408603 41.3632790359091))"
"03","Sants-Montjuïc","13","la Marina de Port","063","036","POLYGON ((428124.6331 4580009.9094, 428120.6194 4580027.2929, 428027.8695 4579935.871, 427878.6135 4579790.3245, 427714.9202 4579630.0297, 427722.5444 4579610.7331, 427726.8035 4579585.2156, 427780.4957 4579485.2572, 427888.6405 4579590.6586, 427960.8995 4579658.3595, 427969.6207 4579660.9113, 427987.2687 4579649.2269, 428054.251 4579715.7198, 428054.2231 4579724.813, 428051.2772 4579729.712, 428042.1568 4579741.6635, 428084.8015 4579885.4755, 428124.6331 4580009.9094))","POLYGON ((2.14057499093414 41.368394271742, 2.1405249430601 41.3685504803569, 2.13942688608143 41.3677187881871, 2.13765973063448 41.3663945442304, 2.1357218032379 41.3649361446966, 2.13581525184851 41.3647630317169, 2.13586921097519 41.3645335871474, 2.13652301142188 41.3636381159656, 2.1378033492625 41.3645971229241, 2.13865917592792 41.3652133502766, 2.13876313722651 41.3652371138153, 2.13897551145143 41.3651334554184, 2.13976841462382 41.3657383225696, 2.13976700232512 41.3658202193254, 2.13973120173158 41.3658640796053, 2.13962074562406 41.3659709073539, 2.14011352678446 41.3672699820844, 2.14057499093414 41.368394271742))"
"03","Sants-Montjuïc","13","la Marina de Port","063","037","POLYGON ((428025.0045 4579528.7135, 428001.9022 4579562.769, 428007.6655 4579536.5435, 428018.5935 4579473.5115, 428026.2415 4579437.1915, 428026.7995 4579416.4925, 428034.1895 4579327.9375, 428037.5875 4579274.9775, 428040.2435 4579258.4255, 428043.9485 4579241.0895, 428049.4835 4579221.8335, 428059.4395 4579191.0585, 428162.07 4579245.8785, 428144.1385 4579272.4875, 428082.4995 4579374.6375, 428045.5445 4579465.4395, 428033.1315 4579502.2545, 428025.0045 4579528.7135))","POLYGON ((2.13944095463364 41.3640514082459, 2.13916072240448 41.3643560684317, 2.13923273631511 41.3641203799665, 2.13937086200446 41.3635536499709, 2.13946660353191 41.36322721218, 2.13947573054556 41.363040833391, 2.13957458384188 41.3622439099183, 2.13962148904171 41.3617672212842, 2.13965520416473 41.361618380538, 2.13970155250002 41.3614625723106, 2.1397700052013 41.361289634819, 2.13989267461543 41.3610133446464, 2.1411130803707 41.3615162531928, 2.14089556423765 41.361754311195, 2.1401465802543 41.3626688374311, 2.1396940181929 41.3634833575002, 2.13954125297923 41.3638138278265, 2.13944095463364 41.3640514082459))"
"03","Sants-Montjuïc","13","la Marina de Port","064","038","POLYGON ((428162.07 4579245.8785, 428170.7985 4579229.2695, 428186.8785 4579204.0535, 428190.0145 4579199.7015, 428200.8395 4579186.2545, 428205.2875 4579181.3905, 428217.0955 4579169.5185, 428222.0075 4579165.0065, 428226.9895 4579161.1695, 428243.7585 4579150.5295, 428296.4825 4579122.9515, 428304.3935 4579117.7915, 428329.2235 4579099.4995, 428343.7995 4579088.0275, 428378.7755 4579062.0435, 428411.1115 4579037.4525, 428421.2315 4579029.3475, 428431.4875 4579018.8995, 428442.1275 4579006.7235, 428449.6715 4578995.7075, 428459.9045 4578977.5055, 428500.6235 4579007.1875, 428513.5035 4579017.1715, 428530.7675 4579029.4995, 428545.3435 4579040.4835, 428568.3755 4579056.3135, 428579.2395 4579062.0335, 428590.5115 4579066.4575, 428602.0875 4579070.3135, 428611.5845 4579072.7215, 428619.9115 4579074.3055, 428628.5515 4579075.2495, 428638.5675 4579075.6175, 428648.3285 4579075.4495, 428658.0635 4579074.5775, 428666.7115 4579073.4015, 428674.7595 4579071.8815, 428680.6815 4579070.4015, 428735.3535 4579052.5205, 428774.9855 4579041.8475, 428788.5775 4579039.6075, 428804.2705 4579038.4415, 428817.0095 4579039.2795, 428826.2145 4579041.2335, 428834.0715 4579043.8465, 428840.5265 4579046.9805, 428844.5285 4579050.3755, 428849.8745 4579056.7085, 428852.4675 4579061.2605, 428854.3475 4579065.5745, 428855.2495 4579070.3835, 428855.5215 4579075.3495, 428855.2335 4579080.2015, 428846.6135 4579140.0015, 428843.1695 4579152.4955, 428838.5055 4579165.7515, 428833.2495 4579179.1995, 428828.5785 4579190.5755, 428822.7375 4579203.2075, 428816.7295 4579215.1195, 428809.4495 4579228.0395, 428802.2095 4579239.4635, 428793.1775 4579251.5835, 428785.0975 4579261.0475, 428773.3135 4579273.9595, 428742.7635 4579306.9755, 428717.2915 4579333.6255, 428703.7715 4579346.6575, 428691.9155 4579356.0735, 428682.1175 4579362.0235, 428665.8615 4579372.5835, 428654.7655 4579378.6875, 428635.2855 4579388.7115, 428614.5815 4579398.5035, 428604.1655 4579404.3195, 428595.7095 4579410.6075, 428589.2375 4579417.7435, 428583.9815 4579425.0555, 428575.6455 4579429.5915, 428568.8535 4579432.0795, 428561.5095 4579434.1595, 428553.3735 4579435.0555, 428542.7895 4579435.1685, 428537.1255 4579434.5435, 428527.2535 4579434.9525, 428518.1975 4579437.8795, 428487.6535 4579454.0975, 428461.6515 4579468.9635, 428440.9875 4579480.2365, 428424.1395 4579490.9155, 428411.8275 4579499.9475, 428398.9075 4579513.8995, 428387.3035 4579527.8045, 428368.7065 4579548.2405, 428360.3235 4579558.1335, 428344.9395 4579573.6535, 428336.2035 4579580.2775, 428320.8515 4579590.2855, 428308.1045 4579597.7795, 428299.9659 4579596.3783, 428297.3226 4579596.4293, 428302.64 4579591.964, 428287.3898 4579574.2835, 428251.868 4579604.2988, 428244.9869 4579596.3539, 428246.2637 4579568.5638, 428256.6506 4579544.5035, 428257.7883 4579519.7048, 428241.285 4579491.1329, 428224.6852 4579490.3721, 428224.5848 4579493.0932, 428218.8725 4579488.1175, 428216.1352375 4579484.488607, 428205.028 4579484.03, 428206.2022 4579459.1416, 428192.3499675 4579448.948044, 428187.5773 4579445.0494, 428196.4755 4579432.6135, 428204.3955 4579418.5975, 428225.6355 4579377.5655, 428234.2315 4579354.4595, 428235.6355 4579349.9235, 428239.0995 4579335.6035, 428239.7155 4579326.9315, 428238.9395 4579315.6915, 428236.0435 4579305.2275, 428232.4915 4579296.0675, 428225.2915 4579284.4925, 428217.2835 4579277.5555, 428192.9775 4579262.3255, 428162.07 4579245.8785))","POLYGON ((2.1411130803707 41.3615162531928, 2.14121939291107 41.3613674403606, 2.14141460782195 41.3611417628443, 2.14145261245437 41.3611028455663, 2.14158361190356 41.3609826984111, 2.14163736125083 41.3609392866557, 2.14177992491204 41.3608334124094, 2.1418391792332 41.360793212268, 2.1418991904305 41.360759097831, 2.14210091358893 41.3606647615981, 2.1427344601642 41.3604210729141, 2.14282964137812 41.3603753030008, 2.14312863040541 41.3602127636865, 2.14330423248923 41.3601107365486, 2.1437254158983 41.359879819251, 2.1441148726678 41.3596612119449, 2.14423680628238 41.3595891126029, 2.14436064181674 41.3594959225923, 2.14448927124824 41.359387203046, 2.14458075320411 41.3592886559797, 2.14470522711074 41.359125625823, 2.14518849128229 41.3593965785711, 2.14534128533269 41.3594876447833, 2.14554621117664 41.3596002115715, 2.14571916289395 41.3597004344962, 2.14599263017921 41.3598450537121, 2.14612182847403 41.3598975356012, 2.14625605690434 41.3599383808843, 2.14639398647563 41.359974137179, 2.14650723350524 41.3599966673224, 2.14660659097873 41.3600116721353, 2.14670976550852 41.3600209403366, 2.14682945701868 41.3600251425554, 2.14694616322918 41.3600244944758, 2.14706264141807 41.3600175032755, 2.14716616094981 41.360007677628, 2.14726254828745 41.3599947004413, 2.14733351594271 41.3599818951309, 2.1479891846642 41.3598256875148, 2.14846421145078 41.3597330659974, 2.14862695731914 41.3597140932444, 2.14881469303643 41.3597049792094, 2.14896688055748 41.3597136531072, 2.149076690674 41.3597320658803, 2.14917030913543 41.3597562948095, 2.14924710660223 41.3597850922401, 2.14929454956969 41.3598160235909, 2.14935771461703 41.3598735353112, 2.14938817834227 41.3599147628441, 2.14941014656687 41.3599537837788, 2.1494203654051 41.3599971766012, 2.14942303459419 41.3600419278052, 2.14941902270707 41.3600856027664, 2.14930896187236 41.3606234404495, 2.14926632511642 41.3607356655259, 2.14920901431659 41.3608546458457, 2.14914460369503 41.3609753030881, 2.14908742935048 41.3610773501666, 2.1490161205999 41.3611906061683, 2.1489428996729 41.3612973625496, 2.14885435393752 41.3614130851398, 2.14876646166216 41.361515337207, 2.14865706467279 41.361623699364, 2.14855935998842 41.3617082238896, 2.14841697003372 41.3618234756707, 2.14804787581888 41.3621181367627, 2.14774023283617 41.3623559097625, 2.14757707237747 41.3624720875608, 2.1474342292695 41.3625558443804, 2.14731639636949 41.362608566203, 2.14712081678209 41.3627022364816, 2.14698744785393 41.3627562299808, 2.1467533879195 41.3628447863422, 2.14650472188138 41.3629311441455, 2.14637951521345 41.3629826033016, 2.14627768439409 41.3630384873025, 2.14619947211139 41.3631021848462, 2.1461357761438 41.3631675753751, 2.14603558573109 41.36320769012, 2.14595409481459 41.3632294961161, 2.14586605277139 41.3632475783533, 2.1457686818332 41.3632549263452, 2.14564213742131 41.3632550047613, 2.14557449827286 41.3632488728545, 2.1454564309133 41.3632516802393, 2.14534782202559 41.3632772387361, 2.14498075808087 41.3634205962951, 2.1446681515895 41.3635521792663, 2.14441978363111 41.3636518749223, 2.14421710540437 41.3637465593513, 2.14406884906799 41.3638268128073, 2.14391274287653 41.3639513247629, 2.14377237453152 41.3640755302483, 2.14354763224513 41.3642579358639, 2.14344624394506 41.3643462928046, 2.1432604925661 41.3644847070119, 2.14315526961201 41.3645435895019, 2.14297055106139 41.3646323613789, 2.14281727248178 41.3646987222064, 2.14272013957019 41.3646853772698, 2.14268853237684 41.3646856011839, 2.14275263079395 41.3646458573455, 2.14257240235701 41.3644852568344, 2.14214418291801 41.3647524292876, 2.14206285793173 41.3646802590203, 2.14208141010996 41.3644300769757, 2.14220843309036 41.3642142998443, 2.14222496776041 41.3639910478657, 2.14203105013851 41.3637322397522, 2.14183268928159 41.363723907724, 2.14183116698629 41.3637484067842, 2.1417634651935 41.3637030830728, 2.14173117067844 41.3636701548216, 2.14159843788744 41.3636650338613, 2.14161542144383 41.363440977326, 2.14145102534046 41.3633479320751, 2.14139442995221 41.3633123926303, 2.14150227957839 41.3632011804172, 2.14159862158776 41.3630756494473, 2.14185739898742 41.3627079821274, 2.14196289651554 41.3625006405724, 2.1419802177114 41.3624599115197, 2.14202332323928 41.3623312449322, 2.14203171331524 41.3622531940938, 2.14202376619141 41.3621518900845, 2.14199038329709 41.362057386278, 2.14194900393537 41.3619745686698, 2.14186429976316 41.3618696747643, 2.14176938764152 41.361806481642, 2.14148062050506 41.3616671428215, 2.1411130803707 41.3615162531928))"
"03","Sants-Montjuïc","13","la Marina de Port","064","039","POLYGON ((427987.2687 4579649.2269, 427988.99 4579624.5468, 427992.8622 4579604.3997, 428001.9022 4579562.769, 428025.0045 4579528.7135, 428033.1315 4579502.2545, 428045.5445 4579465.4395, 428082.4995 4579374.6375, 428144.1385 4579272.4875, 428162.07 4579245.8785, 428192.9775 4579262.3255, 428217.2835 4579277.5555, 428225.2915 4579284.4925, 428232.4915 4579296.0675, 428236.0435 4579305.2275, 428238.9395 4579315.6915, 428239.7155 4579326.9315, 428239.0995 4579335.6035, 428235.6355 4579349.9235, 428234.2315 4579354.4595, 428225.6355 4579377.5655, 428204.3955 4579418.5975, 428196.4755 4579432.6135, 428187.5773 4579445.0494, 428192.3495 4579448.9477, 428206.2022 4579459.1416, 428205.028 4579484.03, 428216.1351 4579484.4884, 428218.8725 4579488.1175, 428224.5848 4579493.0932, 428224.6852 4579490.3721, 428241.285 4579491.1329, 428257.7880305 4579519.704334, 428256.6506 4579544.5035, 428246.2637 4579568.5638, 428244.9869 4579596.3539, 428251.868 4579604.2988, 428287.3898 4579574.2835, 428302.64 4579591.964, 428297.3226 4579596.4293, 428299.9654745 4579596.378308, 428308.1045 4579597.7795, 428316.102 4579599.901, 428327.546 4579615.892, 428303.1458 4579632.7558, 428251.0352 4579677.0692, 428245.079997 4579670.7210035, 428241.724 4579674.0481, 428236.1311 4579678.7154, 428235.6090015 4579680.631094, 428235.6379 4579682.341, 428242.236 4579693.797, 428245.7381 4579700.735, 428249.3024 4579709.3176, 428252.793461 4579748.452058, 428244.3219 4579749.3619, 428242.2028 4579753.3278, 428239.5472 4579767.7762, 428239.1872 4579771.1838, 428238.9392 4579776.1918, 428239.0512 4579790.6402, 428238.412 4579807.52, 428237.9161 4579811.2107, 428223.9885 4579811.3941, 428219.1795 4579783.8795, 428214.7555 4579771.9115, 428206.0995 4579758.3515, 428198.0995 4579749.0555, 428189.2963 4579742.8217, 428179.4337 4579737.6305, 428168.0355 4579734.1815, 428150.7795 4579733.1295, 428051.2772 4579729.712, 428054.2231 4579724.813, 428054.251 4579715.7198, 427987.2687 4579649.2269))","POLYGON ((2.13897551145143 41.3651334554184, 2.13899902043771 41.3649113244407, 2.13904770546654 41.3647302129719, 2.13916072240448 41.3643560684317, 2.13944095463364 41.3640514082459, 2.13954125297923 41.3638138278265, 2.1396940181929 41.3634833575002, 2.1401465802543 41.3626688374311, 2.14089556423765 41.361754311195, 2.1411130803707 41.3615162531928, 2.14148062050506 41.3616671428215, 2.14176938764152 41.361806481642, 2.14186429976316 41.3618696747643, 2.14194900393537 41.3619745686698, 2.14199038329709 41.362057386278, 2.14202376619141 41.3621518900845, 2.14203171331524 41.3622531940938, 2.14202332323928 41.3623312449322, 2.1419802177114 41.3624599115197, 2.14196289651554 41.3625006405724, 2.14185739898742 41.3627079821274, 2.14159862158776 41.3630756494473, 2.14150227957839 41.3632011804172, 2.14139442995221 41.3633123926303, 2.14145101979224 41.3633479289351, 2.14161542144383 41.363440977326, 2.14159843788744 41.3636650338613, 2.14173116905913 41.3636701529449, 2.1417634651935 41.3637030830728, 2.14183116698629 41.3637484067842, 2.14183268928159 41.363723907724, 2.14203105013851 41.3637322397522, 2.14222496459364 41.3639910436446, 2.14220843309036 41.3642142998443, 2.14208141010996 41.3644300769757, 2.14206285793173 41.3646802590203, 2.14214418291801 41.3647524292876, 2.14257240235701 41.3644852568344, 2.14275263079395 41.3646458573455, 2.14268853237684 41.3646856011839, 2.14272013448231 41.3646853773039, 2.14281727248178 41.3646987222064, 2.14291263342078 41.3647185419923, 2.14304755899744 41.3648635863758, 2.14275385549095 41.365013300114, 2.14212561764981 41.3654077729105, 2.14205517235358 41.3653500661152, 2.14201465669463 41.3653797329824, 2.14194723951263 41.3654212711781, 2.14194077096923 41.3654384786274, 2.14194091412576 41.3654538817343, 2.14201844112672 41.3655576501211, 2.14205948909358 41.3656204504444, 2.1421010861907 41.3656980686391, 2.14213819333738 41.366050850279, 2.14203680443023 41.3660582898279, 2.14201100039079 41.3660938204191, 2.14197754184011 41.3662237154122, 2.14197283464952 41.3662543743887, 2.14196927709252 41.3662994575951, 2.14196890641831 41.3664295992904, 2.14195926702586 41.3665815727899, 2.14195290153924 41.3666147694316, 2.14178636779374 41.366615179536, 2.14173213032529 41.3663669363267, 2.14168065585702 41.3662587502272, 2.14157877452275 41.3661358480977, 2.14148423149223 41.3660514087523, 2.1413797235125 41.3659944778488, 2.14126242667393 41.3659468426704, 2.14112656492368 41.365914761739, 2.14092038694263 41.3659037467881, 2.13973120173158 41.3658640796053, 2.13976700232512 41.3658202193254, 2.13976841462382 41.3657383225696, 2.13897551145143 41.3651334554184))"
"03","Sants-Montjuïc","14","la Font de la Guatlla","065","040","POLYGON ((428183.5475 4580039.5135, 428153.1985 4580059.4055, 428120.6194 4580027.2929, 428124.6331 4580009.9094, 428084.8015 4579885.4755, 428042.1568 4579741.6635, 428051.2772 4579729.712, 428150.7795 4579733.1295, 428168.0355 4579734.1815, 428179.4337 4579737.6305, 428189.2963 4579742.8217, 428198.0995 4579749.0555, 428206.0995 4579758.3515, 428214.7555 4579771.9115, 428219.1795 4579783.8795, 428228.4835 4579836.0875, 428231.2675 4579850.2235, 428233.2755 4579859.6315, 428236.7795 4579868.5835, 428242.0115 4579878.4715, 428247.5715 4579887.1915, 428264.2035 4579906.9675, 428284.1495 4579931.4155, 428300.5175 4579950.5205, 428307.9895 4579958.7855, 428297.1655 4579965.1435, 428271.6855 4579981.8555, 428242.1575 4580002.4075, 428223.5495 4580013.2975, 428183.5475 4580039.5135))","POLYGON ((2.14127585754057 41.3686661638869, 2.14091065047407 41.368842615766, 2.1405249430601 41.3685504803569, 2.14057499093414 41.368394271742, 2.14011352678446 41.3672699820844, 2.13962074562406 41.3659709073539, 2.13973120173158 41.3658640796053, 2.14092038694263 41.3659037467881, 2.14112656492368 41.365914761739, 2.14126242667393 41.3659468426704, 2.1413797235125 41.3659944778488, 2.14148423149223 41.3660514087523, 2.14157877452275 41.3661358480977, 2.14168065585702 41.3662587502272, 2.14173213032529 41.3663669363267, 2.14183718549553 41.3668379851538, 2.14186879689585 41.3669655513848, 2.14189169037746 41.367050464978, 2.14193252351667 41.3671314049022, 2.14199390536837 41.3672209290781, 2.14205934704774 41.3672999626902, 2.14225585435777 41.3674795605689, 2.14249143152998 41.3677015324496, 2.14268486424287 41.3678750626229, 2.14277322067536 41.3679501681128, 2.14264305939084 41.3680064683045, 2.14233644876975 41.368154717355, 2.14198098505339 41.3683371902491, 2.14175722138792 41.3684336135972, 2.14127585754057 41.3686661638869))"
"03","Sants-Montjuïc","14","la Font de la Guatlla","065","041","POLYGON ((428264.3441 4580145.2682, 428253.4185 4580157.2555, 428153.1985 4580059.4055, 428223.5495 4580013.2975, 428242.1575 4580002.4075, 428271.6855 4579981.8555, 428297.1655 4579965.1435, 428307.9895 4579958.7855, 428316.0615 4579967.7115, 428337.9335 4579995.2955, 428369.8135 4580037.4455, 428337.4455 4580071.2955, 428321.736 4580086.762, 428264.3441 4580145.2682))","POLYGON ((2.14222934387626 41.369625863917, 2.1420972979303 41.3697328555026, 2.14091065047407 41.368842615766, 2.14175722138792 41.3684336135972, 2.14198098505339 41.3683371902491, 2.14233644876975 41.368154717355, 2.14264305939084 41.3680064683045, 2.14277322067536 41.3679501681128, 2.14286867265502 41.3680312803649, 2.14312691024466 41.3682816673379, 2.14350308380161 41.3686641352936, 2.14311209396399 41.3689661293825, 2.14292244322362 41.3691040319652, 2.14222934387626 41.369625863917))"
"03","Sants-Montjuïc","14","la Font de la Guatlla","065","042","POLYGON ((428718.3435 4580361.1555, 428699.3975 4580396.2695, 428681.5735 4580381.1115, 428656.8755 4580359.3435, 428646.9035 4580352.1655, 428631.2975 4580338.3975, 428591.4605 4580306.4285, 428562.7135 4580291.6155, 428522.7695 4580274.9695, 428504.1245 4580263.0225, 428497.8365 4580257.4215, 428490.2745 4580250.0195, 428518.5476535 4580225.291253, 428500.9406515 4580210.34527, 428484.9955 4580195.4255, 428472.7715 4580183.4335, 428461.4555 4580171.1115, 428452.4555 4580158.8475, 428449.4545 4580153.2865, 428431.2385 4580114.1215, 428369.8135 4580037.4455, 428337.9335 4579995.2955, 428316.0615 4579967.7115, 428300.5175 4579950.5205, 428284.1495 4579931.4155, 428264.2035 4579906.9675, 428247.5715 4579887.1915, 428242.0115 4579878.4715, 428236.7795 4579868.5835, 428233.2755 4579859.6315, 428228.4835 4579836.0875, 428224.0569 4579811.3932, 428237.9156685 4579811.2107055, 428238.412 4579807.52, 428239.0512 4579790.6402, 428238.9392 4579776.1918, 428239.1872 4579771.1838, 428239.5472 4579767.7762, 428242.2028 4579753.3278, 428244.3219 4579749.3619, 428270.3431235 4579746.5672295, 428300.0992 4579798.6118, 428311.0428 4579818.9242, 428318.4270755 4579816.0432485, 428322.2752 4579828.7392, 428327.7802 4579843.8198, 428337.0438 4579865.7638, 428339.3722 4579868.7558, 428340.764028 4579869.48371, 428351.9275 4579870.3195, 428351.8675 4579874.6715, 428352.6275 4579883.3115, 428355.1555 4579892.5515, 428362.0535 4579907.2795, 428366.3415 4579912.6875, 428375.5415 4579923.1435, 428385.4535 4579931.3915, 428439.0055 4579964.7835, 428474.7895 4579986.4715, 428521.2095 4580021.2415, 428525.1775 4580033.4335, 428531.2585 4580046.9375, 428537.4975 4580057.6415, 428544.8815 4580068.0175, 428551.7455 4580075.7455, 428562.5215 4580086.0575, 428576.3375 4580096.4335, 428589.0335 4580103.8015, 428603.9615 4580111.0655, 428620.0755 4580117.3855, 428639.8995 4580123.5375, 428653.1555 4580126.6795, 428665.0835 4580128.4715, 428677.9475 4580129.4095, 428696.6975 4580129.1675, 428716.5375 4580127.1995, 428740.2015 4580123.1835, 428762.9055 4580120.1595, 428780.4415 4580119.8375, 428795.9775 4580122.4455, 428808.6175 4580126.6695, 428820.0575 4580133.0215, 428830.5855 4580141.2135, 428840.4415 4580151.2935, 428847.8015 4580161.6455, 428852.7295 4580170.7815, 428856.3295 4580179.3415, 428858.7935 4580187.0855, 428863.7375 4580213.2615, 428870.2655 4580251.3255, 428872.4518 4580259.2004, 428874.538 4580265.1778, 428868.288 4580271.8361, 428852.2681 4580287.4765, 428818.2215 4580249.1875, 428806.5515 4580241.6595, 428790.2755 4580233.1105, 428779.9265 4580250.8715, 428766.0335 4580276.4895, 428760.9215 4580284.4525, 428718.3435 4580361.1555))","POLYGON ((2.14763202921309 41.371610620892, 2.14740137227348 41.3719252024455, 2.14719004211189 41.3717871003406, 2.14689730180788 41.3715888545681, 2.14677891665593 41.3715233208037, 2.14659394486174 41.3713979335003, 2.14612140167432 41.3711064663404, 2.14577943697878 41.3709704997999, 2.1453038148089 41.3708170287801, 2.14508229793597 41.3707077703073, 2.14500777722294 41.3706567654696, 2.14491823673277 41.3705894264156, 2.14525919385813 41.3703692191067, 2.14505044274791 41.3702330419621, 2.1448615588206 41.3700972481929, 2.14471682100462 41.3699881542149, 2.14458297879192 41.3698761685646, 2.14447682058872 41.3697649110185, 2.1444415964644 41.3697145582601, 2.14422842654211 41.369360193235, 2.14350308380161 41.3686641352936, 2.14312691024466 41.3682816673379, 2.14286867265502 41.3680312803649, 2.14268486424287 41.3678750626229, 2.14249143152998 41.3677015324496, 2.14225585435777 41.3674795605689, 2.14205934704774 41.3672999626902, 2.14199390536837 41.3672209290781, 2.14193252351667 41.3671314049022, 2.14189169037746 41.367050464978, 2.14183718549553 41.3668379851538, 2.14178718565949 41.3666151775288, 2.14195289637977 41.3666147694427, 2.14195926702586 41.3665815727899, 2.14196890641831 41.3664295992904, 2.14196927709252 41.3662994575951, 2.14197283464952 41.3662543743887, 2.14197754184011 41.3662237154122, 2.14201100039079 41.3660938204191, 2.14203680443023 41.3660582898279, 2.14234823025052 41.3660354382242, 2.14269782405632 41.3665068365021, 2.14282625937047 41.3666907579132, 2.14291488306373 41.366665467759, 2.14295938893046 41.3667801584518, 2.14302342205407 41.3669164743523, 2.14313158079492 41.3671149410998, 2.14315906474301 41.3671420962895, 2.14317561892911 41.3671487762248, 2.14330898670671 41.3671572975941, 2.14330775518123 41.3671964892115, 2.14331582067556 41.3672743743454, 2.14334495294982 41.3673578208293, 2.14342568338649 41.3674910847399, 2.14347631063587 41.3675401743222, 2.14358506826297 41.3676351665485, 2.14370259946191 41.367710335326, 2.14433891331348 41.3680158481121, 2.14476418185174 41.3682143649006, 2.14531507369726 41.3685316497646, 2.14536107763633 41.3686418112713, 2.14543219000692 41.3687639771053, 2.14550552167377 41.3688609382849, 2.14559258181166 41.3689550468801, 2.1456737370947 41.3690252596265, 2.14580136003577 41.3691190927204, 2.14596532214482 41.3692137718581, 2.14611624820927 41.3692812593764, 2.14629387275655 41.3693480079883, 2.1464857886993 41.3694063592195, 2.14672208182264 41.3694635259366, 2.14688020193039 41.3694929999713, 2.14702260331641 41.3695101971078, 2.14717629613686 41.36951978532, 2.14740050134404 41.3695192669047, 2.1476379416096 41.3695032990886, 2.14792134253879 41.3694692236923, 2.14819314880116 41.3694439972413, 2.14840284848563 41.3694426488938, 2.14858829193029 41.3694675127645, 2.14873892094195 41.3695066749695, 2.14887495300451 41.3695648970403, 2.14899986536303 41.3696396105747, 2.14911652191219 41.3697312691465, 2.14920330430824 41.3698251567748, 2.14926115222665 41.3699078772678, 2.14930319006042 41.3699852925148, 2.14933174149246 41.3700552579034, 2.14938778188139 41.3702914532906, 2.1494613667773 41.3706348598391, 2.14948658302645 41.3707059796166, 2.14951082509433 41.3707600003998, 2.1494353169035 41.3708194171348, 2.14924194223119 41.3709588689918, 2.14883936396484 41.370611002614, 2.14870071791077 41.3705421683134, 2.14850712147628 41.3704637305572, 2.14838129977228 41.3706227821902, 2.14821218112339 41.370852285353, 2.14815012468554 41.3709235529362, 2.14763202921309 41.371610620892))"
"03","Sants-Montjuïc","14","la Font de la Guatlla","065","043","POLYGON ((428411.792 4580292.0364, 428403.9935 4580304.3825, 428253.4185 4580157.2555, 428264.3441 4580145.2682, 428321.736 4580086.762, 428337.4455 4580071.2955, 428369.8135 4580037.4455, 428431.2385 4580114.1215, 428449.4545 4580153.2865, 428452.4555 4580158.8475, 428461.4555 4580171.1115, 428472.7715 4580183.4335, 428484.9955 4580195.4255, 428500.9406515 4580210.34527, 428518.5476535 4580225.291253, 428490.2745 4580250.0195, 428471.8345 4580231.9685, 428411.792 4580292.0364))","POLYGON ((2.14397491700502 41.3709608812992, 2.14388021753072 41.3710713846245, 2.1420972979303 41.3697328555026, 2.14222934387626 41.369625863917, 2.14292244322362 41.3691040319652, 2.14311209396399 41.3689661293825, 2.14350308380161 41.3686641352936, 2.14422842654211 41.369360193235, 2.1444415964644 41.3697145582601, 2.14447682058872 41.3697649110185, 2.14458297879192 41.3698761685646, 2.14471682100462 41.3699881542149, 2.1448615588206 41.3700972481929, 2.14505044274791 41.3702330419621, 2.14525919385813 41.3703692191067, 2.14491823673277 41.3705894264156, 2.14469989241281 41.3704252088237, 2.14397491700502 41.3709608812992))"
"03","Sants-Montjuïc","14","la Font de la Guatlla","065","044","POLYGON ((428603.1235 4580480.3015, 428598.7175 4580495.2375, 428403.9935 4580304.3825, 428411.792 4580292.0364, 428471.8345 4580231.9685, 428497.8365 4580257.4215, 428504.1245 4580263.0225, 428522.7695 4580274.9695, 428562.7135 4580291.6155, 428591.4605 4580306.4285, 428631.2975 4580338.3975, 428645.0535 4580350.5345, 428631.0055 4580392.2675, 428606.4055 4580469.1735, 428603.1235 4580480.3015))","POLYGON ((2.14624037309785 41.372673514862, 2.1461859329272 41.3728076473404, 2.14388021753072 41.3710713846245, 2.14397491700502 41.3709608812992, 2.14469989241281 41.3704252088237, 2.14500777722294 41.3706567654696, 2.14508229793597 41.3707077703073, 2.1453038148089 41.3708170287801, 2.14577943697878 41.3709704997999, 2.14612140167432 41.3711064663404, 2.14659394486174 41.3713979335003, 2.14675698916338 41.3715084669378, 2.14658411223662 41.3718830960917, 2.14628092533729 41.3725735799791, 2.14624037309785 41.372673514862))"
"03","Sants-Montjuïc","14","la Font de la Guatlla","065","045","POLYGON ((428860.8075 4580415.9655, 428792.7075 4580485.4865, 428767.0035 4580458.4335, 428752.2835 4580443.6315, 428733.6775 4580426.0335, 428718.6555 4580412.7235, 428699.3975 4580396.2695, 428720.4535 4580357.2455, 428760.9215 4580284.4525, 428766.0335 4580276.4895, 428779.9265 4580250.8715, 428790.2755 4580233.1105, 428806.5515 4580241.6595, 428818.2215 4580249.1875, 428852.2681 4580287.4765, 428868.288 4580271.8361, 428874.538 4580265.1778, 428877.8758 4580273.6202, 428881.9955 4580280.3155, 428888.0695 4580286.9175, 428902.314 4580296.4676, 428947.9918 4580319.4268, 428936.5875 4580338.2615, 428860.8075 4580415.9655))","POLYGON ((2.14932896599629 41.3721168806934, 2.1485065578661 41.3727370103415, 2.14820240187882 41.3724910786516, 2.14802813967991 41.3723564591557, 2.14780774356164 41.3721963126999, 2.14762969666203 41.3720751037992, 2.14740137227348 41.3719252024455, 2.14765771707029 41.3715755917319, 2.14815012468554 41.3709235529362, 2.14821218112339 41.370852285353, 2.14838129977228 41.3706227821902, 2.14850712147628 41.3704637305572, 2.14870071791077 41.3705421683134, 2.14883936396484 41.370611002614, 2.14924194223119 41.3709588689918, 2.1494353169035 41.3708194171348, 2.14951082509433 41.3707600003998, 2.14954974259944 41.3708363331995, 2.14959821379883 41.3708969995341, 2.14967006235235 41.3709569981959, 2.14983925489256 41.3710442711372, 2.15038270550105 41.3712550905854, 2.1502441432842 41.371423721556, 2.14932896599629 41.3721168806934))"
"03","Sants-Montjuïc","14","la Font de la Guatlla","065","046","POLYGON ((428760.2205 4580518.8335, 428692.9679 4580588.3401, 428598.7175 4580495.2375, 428606.4055 4580469.1735, 428631.0055 4580392.2675, 428645.0535 4580350.5345, 428646.9035 4580352.1655, 428656.8755 4580359.3435, 428681.5735 4580381.1115, 428718.6555 4580412.7235, 428733.6775 4580426.0335, 428752.2835 4580443.6315, 428767.0035 4580458.4335, 428792.7075 4580485.4865, 428760.2205 4580518.8335))","POLYGON ((2.14811420243116 41.3730344803265, 2.14730190513277 41.3736545463595, 2.1461859329272 41.3728076473404, 2.14628092533729 41.3725735799791, 2.14658411223662 41.3718830960917, 2.14675698916338 41.3715084669378, 2.14677891665593 41.3715233208037, 2.14689730180788 41.3715888545681, 2.14719004211189 41.3717871003406, 2.14762969666203 41.3720751037992, 2.14780774356164 41.3721963126999, 2.14802813967991 41.3723564591557, 2.14820240187882 41.3724910786516, 2.1485065578661 41.3727370103415, 2.14811420243116 41.3730344803265))"
"03","Sants-Montjuïc","15","Hostafrancs","066","047","POLYGON ((428692.4367 4580957.1416, 428676.0875 4580973.8772, 428579.9105 4580916.9695, 428565.2115 4580907.4555, 428521.758500001 4580881.3255, 428502.2425 4580870.0905, 428502.7215 4580869.2095, 428479.0335 4580855.5395, 428438.4275 4580831.3375, 428390.9295 4580803.7775, 428368.6875 4580789.9215, 428347.2095 4580769.2705, 428736.2955 4580755.4395, 428800.4495 4580753.4885, 428802.3615 4580760.9295, 428806.0845 4580769.0455, 428813.1875 4580776.2695, 428823.2563 4580784.5174, 428832.5366 4580791.079, 428841.9558 4580796.159, 428847.9050195 4580797.896787, 428856.0294 4580798.9848, 428833.7515 4580821.5803, 428773.9113 4580873.7417, 428692.4367 4580957.1416))","POLYGON ((2.14725216924146 41.3769761654892, 2.14705470503364 41.3771254482023, 2.14591137572764 41.3766043704002, 2.14573673537291 41.3765173764729, 2.14522023319953 41.3762781743479, 2.14498819929881 41.3761752509848, 2.14499403076544 41.3761673586896, 2.14471239914515 41.3760421329184, 2.14422971916269 41.3758205442317, 2.14366503018815 41.375568095991, 2.14340071577922 41.37544132048, 2.14314634086526 41.3752534122698, 2.14780032285236 41.3751633904793, 2.14856764971738 41.3751514970197, 2.14858963777074 41.3752186846902, 2.14863320099473 41.375292112064, 2.1487172842973 41.3753578044841, 2.14883671014283 41.3754329810767, 2.14894690599801 41.3754928998955, 2.14905893683827 41.3755394866332, 2.14912986886851 41.3755556643098, 2.14922688604817 41.3755661819539, 2.14895785178634 41.3757677219872, 2.1482361988366 41.3762322273813, 2.14725216924146 41.3769761654892))"
"03","Sants-Montjuïc","15","Hostafrancs","066","048","POLYGON ((428368.0028 4581289.2423, 428332.3757 4581325.7113, 428300.3155 4581294.4315, 428274.5055 4581268.6035, 428269.7675 4581264.3215, 428265.0896595 4581256.9396635, 428265.322446 4581241.9484945, 428262.9640795 4581225.7303675, 428259.525389 4581215.0697035, 428254.643801 4581203.159534, 428253.9033235 4581199.458106, 428254.7676425 4581196.140734, 428289.1497 4581151.8207, 428407.7835 4580995.9535, 428428.9375 4580969.0175, 428453.7815 4580987.1075, 428500.8725 4581022.3505, 428519.8595 4580998.4575, 428567.3475 4580937.1435, 428582.3755 4580918.4285, 428676.0875 4580973.8772, 428368.0028 4581289.2423))","POLYGON ((2.14333351620703 41.3799384609904, 2.14290317500422 41.3802637513421, 2.14252349842101 41.3799791694135, 2.14221791943748 41.379744245782, 2.14216176948903 41.3797052570181, 2.14210670590961 41.3796383545054, 2.14211126400159 41.3795033553223, 2.14208498260581 41.3793570743665, 2.14204512511079 41.3792607511066, 2.14198816170792 41.3791530453421, 2.14197974537998 41.3791196419174, 2.14199047347674 41.3790898406354, 2.14240685234718 41.3786937312557, 2.14384385828839 41.3773004557288, 2.14409998806301 41.3770597346357, 2.14439492395408 41.3772248740488, 2.14495385698745 41.377546480664, 2.14518371289267 41.3773329718028, 2.14575877756896 41.3767849553548, 2.14594067877722 41.376617729867, 2.14705470503364 41.3771254482023, 2.14333351620703 41.3799384609904))"
"03","Sants-Montjuïc","15","Hostafrancs","066","049","POLYGON ((428297.8235 4581140.2215, 428289.1497 4581151.8207, 428266.054 4581135.166, 428262.682 4581132.298, 428260.471 4581129.598, 428259.034 4581126.895, 428258.184 4581124.136, 428257.9159 4581121.2092, 428241.0427 4581121.6035, 428238.3847 4580959.0386, 428249.742 4580958.9187, 428263.1751 4580942.9611, 428275.7366 4580926.3545, 428276.2645 4580921.4215, 428293.8975 4580922.6075, 428312.7815 4580935.0535, 428354.3315 4580961.6175, 428421.7215 4580867.0755, 428443.6245 4580834.4345, 428479.0335 4580855.5395, 428502.7215 4580869.2095, 428502.2425 4580870.0905, 428521.758500001 4580881.3255, 428565.2115 4580907.4555, 428582.3755 4580918.4285, 428567.3475 4580937.1435, 428519.8595 4580998.4575, 428500.8725 4581022.3505, 428453.7815 4580987.1075, 428428.9375 4580969.0175, 428407.7835 4580995.9535, 428297.8235 4581140.2215))","POLYGON ((2.14251194381582 41.3785900344717, 2.14240685234718 41.3786937312557, 2.14213265081188 41.3785416698541, 2.14209266881839 41.378515538214, 2.14206654988334 41.3784910231847, 2.14204968659445 41.3784665501376, 2.14203984912299 41.3784416250527, 2.14203698971072 41.3784152405352, 2.14183517827414 41.3784172872879, 2.14182264227261 41.3769528877084, 2.14195846067054 41.3769528205541, 2.14212097477057 41.376810293897, 2.14227314289887 41.376661844007, 2.14228003892752 41.3766174613204, 2.14249074306198 41.3766297146263, 2.14271507424013 41.3767434937319, 2.14320876437391 41.3769864464816, 2.14402574137976 41.376140937826, 2.14429149532571 41.3758488999351, 2.14471239914515 41.3760421329184, 2.14499403076544 41.3761673586896, 2.14498819929881 41.3761752509848, 2.14522023319953 41.3762781743479, 2.14573673537291 41.3765173764729, 2.14594067877722 41.376617729867, 2.14575877756896 41.3767849553548, 2.14518371289267 41.3773329718028, 2.14495385698745 41.377546480664, 2.14439492395408 41.3772248740488, 2.14409998806301 41.3770597346357, 2.14384385828839 41.3773004557288, 2.14251194381582 41.3785900344717))"
"03","Sants-Montjuïc","15","Hostafrancs","066","050","POLYGON ((428359.9575 4580953.7055, 428354.3315 4580961.6175, 428312.7815 4580935.0535, 428293.8975 4580922.6075, 428258.1515 4580920.2035, 428170.4635 4580913.2735, 428126.2795 4580909.1275, 428126.4675 4580901.5975, 428124.4375 4580853.1675, 428122.1425 4580777.5635, 428347.2095 4580769.2705, 428368.6875 4580789.9215, 428390.9295 4580803.7775, 428443.6245 4580834.4345, 428421.7215 4580867.0755, 428359.9575 4580953.7055))","POLYGON ((2.14327697212946 41.3769156868438, 2.14320876437391 41.3769864464816, 2.14271507424013 41.3767434937319, 2.14249074306198 41.3766297146263, 2.14206359912657 41.3766048766241, 2.14101590234351 41.3765346382839, 2.14048807010991 41.3764933516602, 2.14049121097374 41.3764255485074, 2.14047268033772 41.3759891759568, 2.14045420347682 41.3753080334255, 2.14314634086526 41.3752534122698, 2.14340071577922 41.37544132048, 2.14366503018815 41.375568095991, 2.14429149532571 41.3758488999351, 2.14402574137976 41.376140937826, 2.14327697212946 41.3769156868438))"
"03","Sants-Montjuïc","15","Hostafrancs","067","051","POLYGON ((428181.2275 4580775.4215, 428151.9735 4580776.4905, 428156.0655 4580748.1015, 428158.0435 4580744.4195, 428170.5465 4580728.5535, 428172.6355 4580723.6315, 428172.8515 4580718.7095, 428170.9675 4580698.5815, 428168.5585 4580686.6015, 428165.8495 4580664.5365, 428166.0555 4580657.3445, 428168.2515 4580642.8385, 428172.1695 4580627.4645, 428177.1235 4580610.2895, 428205.0705 4580609.1545, 428204.4395 4580578.6875, 428203.3795 4580549.7315, 428203.0155 4580532.8115, 428203.1335 4580524.1285, 428202.6795 4580511.6155, 428202.7775 4580507.8785, 428203.4715 4580504.9315, 428204.3495 4580503.0195, 428216.7475 4580488.5095, 428243.7655 4580459.2475, 428250.2035 4580464.0075, 428287.8995 4580486.6075, 428291.6695 4580584.7555, 428292.2235 4580607.3105, 428294.7995 4580656.2815, 428298.5135 4580743.7855, 428299.2035 4580770.8975, 428181.2275 4580775.4215))","POLYGON ((2.14116094447669 41.375294016356, 2.14081102387495 41.3753010331779, 2.14086331712581 41.3750457091246, 2.1408874046158 41.3750127232736, 2.14103878401744 41.3748709400491, 2.14106434551424 41.3748267958366, 2.14106751144507 41.3747824844496, 2.14104736940758 41.3746010307104, 2.14101998456462 41.3744929161824, 2.14099020778275 41.3742939429326, 2.14099352315312 41.3742291855844, 2.1410214994583 41.3740987313109, 2.141070168255 41.3739606129567, 2.14113143752749 41.3738063660789, 2.14146573029993 41.3737986371692, 2.14146179376918 41.373524175596, 2.14145254885407 41.3732632847722, 2.14145020044297 41.3731108599493, 2.14145263966463 41.3730326658186, 2.14144869323078 41.3729199252258, 2.14145030755827 41.3728862761527, 2.14145895450995 41.372859795494, 2.1414696789124 41.3728426531217, 2.14161963594416 41.3727130726578, 2.14194614445732 41.3724519296209, 2.14202255779492 41.3724953752083, 2.1424706013439 41.372702285044, 2.14250406858283 41.3735866049179, 2.14250802470655 41.3737897990856, 2.14253303307498 41.3742310928403, 2.14256709101462 41.3750195408155, 2.14257213449206 41.3752637903071, 2.14116094447669 41.375294016356))"
"03","Sants-Montjuïc","15","Hostafrancs","067","052","POLYGON ((428347.2095 4580769.2705, 428299.2035 4580770.8975, 428298.5135 4580743.7855, 428294.7995 4580656.2815, 428292.2235 4580607.3105, 428291.6695 4580584.7555, 428287.8995 4580486.6075, 428310.1435 4580494.9315, 428337.2635 4580506.1345, 428379.8095 4580521.8275, 428428.3155 4580541.8625, 428430.3735 4580602.8015, 428430.5975 4580621.9895, 428432.3975 4580681.8445, 428432.4895 4580694.4605, 428439.9595 4580694.3375, 428441.5495 4580701.4295, 428443.4355 4580741.7075, 428444.0535 4580765.8425, 428347.2095 4580769.2705))","POLYGON ((2.14314634086526 41.3752534122698, 2.14257213449206 41.3752637903071, 2.14256709101462 41.3750195408155, 2.14253303307498 41.3742310928403, 2.14250802470655 41.3737897990856, 2.14250406858283 41.3735866049179, 2.1424706013439 41.372702285044, 2.14273558099462 41.3727792380523, 2.14305852178354 41.37288255477, 2.14356537746762 41.3730276833336, 2.14414298506676 41.3732124465877, 2.14416039776473 41.3737614856053, 2.1441608107777 41.3739343250383, 2.14417526678845 41.3744735778418, 2.14417487738233 41.3745872138491, 2.14426421077809 41.3745867703002, 2.14428238524474 41.3746507868046, 2.14430018161117 41.3750137241188, 2.14430472208166 41.3752311544171, 2.14314634086526 41.3752534122698))"
"03","Sants-Montjuïc","15","Hostafrancs","067","053","POLYGON ((428459.9675 4580765.3035, 428444.0535 4580765.8425, 428443.4355 4580741.7075, 428441.5495 4580701.4295, 428439.9595 4580694.3375, 428432.4895 4580694.4605, 428432.3975 4580681.8445, 428430.5975 4580621.9895, 428430.3735 4580602.8015, 428428.3155 4580541.8625, 428461.3795 4580554.3875, 428492.6935 4580565.1475, 428569.3755 4580586.3555, 428617.9595 4580602.2835, 428648.3125 4580611.7355, 428713.8685 4580632.9575, 428747.7318 4580642.2066, 428782.0124 4580682.9747, 428805.4435 4580715.3155, 428800.8815 4580725.0175, 428799.1858 4580735.1276, 428798.6286 4580743.627, 428800.4495 4580753.4885, 428736.2955 4580755.4395, 428459.9675 4580765.3035))","POLYGON ((2.14449507146149 41.3752277147052, 2.14430472208166 41.3752311544171, 2.14430018161117 41.3750137241188, 2.14428238524474 41.3746507868046, 2.14426421077809 41.3745867703002, 2.14417487738233 41.3745872138491, 2.14417526678845 41.3744735778418, 2.1441608107777 41.3739343250383, 2.14416039776473 41.3737614856053, 2.14414298506676 41.3732124465877, 2.14453684537519 41.3733281945591, 2.14490999088181 41.3734278889724, 2.14582436356661 41.373625711627, 2.14640339924821 41.3737734802379, 2.14676521362303 41.3738613027413, 2.14754656382994 41.3740582513993, 2.1479503776777 41.3741445536805, 2.14835547931155 41.3745147722243, 2.14863184695231 41.3748081278345, 2.14857615927514 41.3748951067956, 2.14855469614116 41.3749860149437, 2.14854703531244 41.3750625167993, 2.14856764971738 41.3751514970197, 2.14780032285236 41.3751633904793, 2.14449507146149 41.3752277147052))"
"03","Sants-Montjuïc","15","Hostafrancs","067","054","POLYGON ((428692.9679 4580588.3401, 428747.7318 4580642.2066, 428713.8685 4580632.9575, 428648.3125 4580611.7355, 428617.9595 4580602.2835, 428569.3755 4580586.3555, 428492.6935 4580565.1475, 428461.3795 4580554.3875, 428432.2475 4580543.4875, 428379.8095 4580521.8275, 428395.0715 4580498.3775, 428422.1795 4580458.1215, 428461.0895 4580400.8175, 428477.9245 4580376.8025, 428598.7175 4580495.2375, 428692.9679 4580588.3401))","POLYGON ((2.14730190513277 41.3736545463595, 2.1479503776777 41.3741445536805, 2.14754656382994 41.3740582513993, 2.14676521362303 41.3738613027413, 2.14640339924821 41.3737734802379, 2.14582436356661 41.373625711627, 2.14490999088181 41.3734278889724, 2.14453684537519 41.3733281945591, 2.14418980720927 41.3732274320529, 2.14356537746762 41.3730276833336, 2.14375063073035 41.3728178355083, 2.14407950546113 41.3724576752754, 2.14455149945874 41.3719450178106, 2.14475562066054 41.371730219326, 2.1461859329272 41.3728076473404, 2.14730190513277 41.3736545463595))"
"03","Sants-Montjuïc","15","Hostafrancs","067","055","POLYGON ((428395.0715 4580498.3775, 428379.8095 4580521.8275, 428337.2635 4580506.1345, 428310.1435 4580494.9315, 428287.8995 4580486.6075, 428285.3855 4580430.1635, 428306.5215 4580410.4935, 428368.8135 4580343.4875, 428384.9434 4580324.4891, 428403.9935 4580304.3825, 428477.9245 4580376.8025, 428461.0895 4580400.8175, 428395.0715 4580498.3775))","POLYGON ((2.14375063073035 41.3728178355083, 2.14356537746762 41.3730276833336, 2.14305852178354 41.37288255477, 2.14273558099462 41.3727792380523, 2.1424706013439 41.372702285044, 2.14244721909118 41.3721936900434, 2.14270225916552 41.3720184123826, 2.14345497249641 41.3714204594217, 2.14365007259621 41.3712507828958, 2.14388021753072 41.3710713846245, 2.14475562066054 41.371730219326, 2.14455149945874 41.3719450178106, 2.14375063073035 41.3728178355083))"
"03","Sants-Montjuïc","15","Hostafrancs","067","056","POLYGON ((428306.5215 4580410.4935, 428285.3855 4580430.1635, 428281.4915 4580349.3955, 428280.2795 4580316.2455, 428277.9705 4580281.3035, 428276.2795 4580237.4635, 428276.3405 4580179.5675, 428403.9935 4580304.3825, 428384.9434 4580324.4891, 428368.8135 4580343.4875, 428306.5215 4580410.4935))","POLYGON ((2.14270225916552 41.3720184123826, 2.14244721909118 41.3721936900434, 2.14241021453006 41.371465894399, 2.14239964471925 41.3711672161095, 2.14237617087531 41.3708523001423, 2.14236113878272 41.370457298086, 2.14236871675009 41.3699358546902, 2.14388021753072 41.3710713846245, 2.14365007259621 41.3712507828958, 2.14345497249641 41.3714204594217, 2.14270225916552 41.3720184123826))"
"03","Sants-Montjuïc","16","la Bordeta","068","057","POLYGON ((428136.0195 4580611.7975, 428116.0895 4580612.4335, 428112.7745 4580611.9975, 428108.9535 4580610.9255, 428103.2635 4580608.1895, 428115.1995 4580546.5395, 428116.3215 4580544.0265, 428066.2385 4580521.9355, 428072.6155 4580509.9815, 428131.3975 4580406.0755, 428151.0835 4580382.6735, 428198.1775 4580421.9455, 428209.3375 4580411.7495, 428253.8055 4580374.2735, 428281.5135 4580349.7835, 428284.1435 4580401.4455, 428287.8995 4580486.6075, 428250.2035 4580464.0075, 428243.7655 4580459.2475, 428216.7475 4580488.5095, 428204.3495 4580503.0195, 428203.4715 4580504.9315, 428202.7775 4580507.8785, 428202.6795 4580511.6155, 428203.1335 4580524.1285, 428203.0155 4580532.8115, 428203.3795 4580549.7315, 428204.4395 4580578.6875, 428205.0705 4580609.1545, 428136.0195 4580611.7975))","POLYGON ((2.14063978408408 41.3738162787402, 2.14040140847842 41.3738202270569, 2.14036182319344 41.3738160040601, 2.14031626316712 41.3738060076286, 2.14024855314333 41.3737808571696, 2.14039858043188 41.3732266642184, 2.14041229388221 41.3732041307538, 2.13981608545563 41.3730006902799, 2.13989375165407 41.3728935948919, 2.14060890724439 41.3719630023095, 2.14084705663666 41.3717539865307, 2.14140548422788 41.3721118980899, 2.14154012666826 41.3720210619057, 2.14207624471404 41.3716874941889, 2.14241043167467 41.3714693909376, 2.14243576609566 41.3719349265669, 2.1424706013439 41.372702285044, 2.14202255779492 41.3724953752083, 2.14194614445732 41.3724519296209, 2.14161963594416 41.3727130726578, 2.1414696789124 41.3728426531217, 2.14145895450995 41.372859795494, 2.14145030755827 41.3728862761527, 2.14144869323078 41.3729199252258, 2.14145263966463 41.3730326658186, 2.14145020044297 41.3731108599493, 2.14145254885407 41.3732632847722, 2.14146179376918 41.373524175596, 2.14146573029993 41.3737986371692, 2.14063978408408 41.3738162787402))"
"03","Sants-Montjuïc","16","la Bordeta","068","058","POLYGON ((428072.6155 4580509.9815, 428066.2385 4580521.9355, 427985.3075 4580486.7775, 427970.6955 4580480.7355, 428010.8575 4580382.5535, 428047.5325 4580295.1915, 428055.2115 4580301.6025, 428095.6975 4580268.8095, 428067.4965 4580236.0645, 428114.6775 4580196.5875, 428113.4042 4580193.4688, 427974.3895 4580027.3665, 427967.3865 4580020.9645, 428019.1496 4579947.6143, 428027.8695 4579935.871, 428153.1985 4580059.4055, 428276.3405 4580179.5675, 428276.2795 4580237.4635, 428277.9705 4580281.3035, 428280.2795 4580316.2455, 428281.5135 4580349.7835, 428253.8055 4580374.2735, 428209.3375 4580411.7495, 428198.1775 4580421.9455, 428151.0835 4580382.6735, 428131.3975 4580406.0755, 428072.6155 4580509.9815))","POLYGON ((2.13989375165407 41.3728935948919, 2.13981608545563 41.3730006902799, 2.13885259371047 41.3726767973788, 2.13867860107748 41.3726210716926, 2.13917046175995 41.3717403755109, 2.13961933328944 41.3709568170855, 2.13971038522796 41.3710152450894, 2.14019833883729 41.3707235082254, 2.1398650443106 41.3704260659298, 2.14043383188758 41.3700747258936, 2.140418977845 41.3700465231577, 2.13877662562929 41.3685380719139, 2.13869365905819 41.3684797847418, 2.13932123928705 41.3678237762047, 2.13942688608143 41.3677187881871, 2.14091065047407 41.368842615766, 2.14236871675009 41.3699358546902, 2.14236113878272 41.370457298086, 2.14237617087531 41.3708523001423, 2.14239964471925 41.3711672161095, 2.14241043167467 41.3714693909376, 2.14207624471404 41.3716874941889, 2.14154012666826 41.3720210619057, 2.14140548422788 41.3721118980899, 2.14084705663666 41.3717539865307, 2.14060890724439 41.3719630023095, 2.13989375165407 41.3728935948919))"
"03","Sants-Montjuïc","16","la Bordeta","068","059","POLYGON ((428095.6975 4580268.8095, 428055.2115 4580301.6025, 427990.3035 4580247.4655, 427975.1515 4580236.2095, 427960.5435 4580225.9375, 427936.6295 4580212.2715, 427942.3595 4580204.1815, 427986.4635 4580152.7135, 428025.2775 4580106.5355, 428033.1665 4580097.7705, 428113.4042 4580193.4688, 428114.6775 4580196.5875, 428067.4965 4580236.0645, 428095.6975 4580268.8095))","POLYGON ((2.14019833883729 41.3707235082254, 2.13971038522796 41.3710152450894, 2.13894075271228 41.3705218481788, 2.13876092871557 41.3704191137278, 2.13858749255339 41.3703252902205, 2.1383031959222 41.3702000647978, 2.13837266632622 41.3701277140969, 2.1389060943566 41.3696681075689, 2.13937563963948 41.3692556705849, 2.13947100097664 41.3691774327567, 2.140418977845 41.3700465231577, 2.14043383188758 41.3700747258936, 2.1398650443106 41.3704260659298, 2.14019833883729 41.3707235082254))"
"03","Sants-Montjuïc","16","la Bordeta","068","060","POLYGON ((427990.7775 4580431.8785, 427970.6955 4580480.7355, 427950.6135 4580471.7315, 427902.4395 4580451.5415, 427918.7915 4580410.4865, 427893.3895 4580400.0575, 427838.2855 4580376.4115, 427856.1815 4580317.7845, 427896.3515 4580334.0855, 427928.9166 4580211.4221, 427936.6295 4580212.2715, 427960.5435 4580225.9375, 427975.1515 4580236.2095, 427990.3035 4580247.4655, 428047.5325 4580295.1915, 428010.8575 4580382.5535, 427990.7775 4580431.8785))","POLYGON ((2.13892451726144 41.3721828315396, 2.13867860107748 41.3726210716926, 2.13843955803059 41.3725381784299, 2.1378659610108 41.372352020451, 2.13806635622362 41.3719837177684, 2.13776387719959 41.3718875121963, 2.13710784092013 41.3716696026766, 2.13732878980138 41.3711431751279, 2.13780713819946 41.3712935919027, 2.13821107999317 41.3701917239733, 2.1383031959222 41.3702000647978, 2.13858749255339 41.3703252902205, 2.13876092871557 41.3704191137278, 2.13894075271228 41.3705218481788, 2.13961933328944 41.3709568170855, 2.13917046175995 41.3717403755109, 2.13892451726144 41.3721828315396))"
"03","Sants-Montjuïc","16","la Bordeta","068","061","POLYGON ((427928.9166 4580211.4221, 427896.3515 4580334.0855, 427856.1815 4580317.7845, 427893.6875 4580191.4895, 427876.3297 4580183.1393, 427861.0195 4580177.8841, 427864.5035 4580171.6335, 427967.3865 4580020.9645, 427974.3895 4580027.3665, 428033.1665 4580097.7705, 428025.2775 4580106.5355, 427986.4635 4580152.7135, 427942.3595 4580204.1815, 427936.6295 4580212.2715, 427928.9166 4580211.4221))","POLYGON ((2.13821107999317 41.3701917239733, 2.13780713819946 41.3712935919027, 2.13732878980138 41.3711431751279, 2.13779224472729 41.3700090430618, 2.13758570548227 41.3699322806716, 2.13740327985878 41.3698835769701, 2.13744567864056 41.3698275923372, 2.13869365905819 41.3684797847418, 2.13877662562929 41.3685380719139, 2.13947100097664 41.3691774327567, 2.13937563963948 41.3692556705849, 2.1389060943566 41.3696681075689, 2.13837266632622 41.3701277140969, 2.1383031959222 41.3702000647978, 2.13821107999317 41.3701917239733))"
"03","Sants-Montjuïc","16","la Bordeta","069","062","POLYGON ((427856.1815 4580317.7845, 427838.2855 4580376.4115, 427755.2155 4580341.6795, 427688.3255 4580314.2975, 427681.2365 4580313.6305, 427696.9065 4580220.2905, 427705.4355 4580165.8785, 427783.0482 4580172.0608, 427808.898 4580172.9737, 427826.0298 4580173.1721, 427861.0195 4580177.8841, 427876.3297 4580183.1393, 427893.6875 4580191.4895, 427856.1815 4580317.7845))","POLYGON ((2.13732878980138 41.3711431751279, 2.13710784092013 41.3716696026766, 2.13611875704217 41.3713493321739, 2.13532225982212 41.3710967057892, 2.1352375808574 41.3710900614388, 2.13543606759492 41.3702507904419, 2.13554452961328 41.3697614877443, 2.13647173869304 41.369824136706, 2.13678069320162 41.3698346777288, 2.13698549941388 41.3698380010032, 2.13740327985878 41.3698835769701, 2.13758570548227 41.3699322806716, 2.13779224472729 41.3700090430618, 2.13732878980138 41.3711431751279))"
"03","Sants-Montjuïc","16","la Bordeta","069","063","POLYGON ((427552.0115 4580325.6255, 427546.7255 4580325.0735, 427573.3255 4580195.7755, 427578.3337 4580194.0706, 427581.7469 4580190.2606, 427580.9575 4580187.1515, 427581.0375 4580169.7915, 427583.3815 4580151.2715, 427585.1575 4580139.2875, 427588.0775 4580124.0075, 427595.7735 4580092.9185, 427599.7255 4580079.5975, 427608.3725 4580055.6055, 427623.3075 4580017.3575, 427649.6605 4579962.2455, 427679.8424 4579927.8019, 427697.6774 4579909.1604, 427709.024 4579899.353, 427736.2435 4579878.8735, 427828.8675 4579825.6635, 427855.5475 4579809.4475, 427866.4755 4579801.6875, 427878.6135 4579790.3245, 428027.8695 4579935.871, 428019.1496 4579947.6143, 427967.4065 4580020.9345, 427864.5035 4580171.6335, 427861.0195 4580177.8841, 427826.0298 4580173.1721, 427808.898 4580172.9737, 427783.0482 4580172.0608, 427705.4355 4580165.8785, 427696.9065 4580220.2905, 427681.2365 4580313.6305, 427630.1475 4580308.5035, 427626.8175 4580308.9095, 427624.4904 4580309.8955, 427622.2282 4580314.9755, 427622.223 4580316.6031, 427552.0115 4580325.6255))","POLYGON ((2.13369108959489 41.3711864744227, 2.13362795426448 41.3711810269411, 2.13396143845517 41.3700188822377, 2.13402152084651 41.3700039774737, 2.13406278459661 41.3699699693225, 2.13405371776713 41.3699418957923, 2.13405674767832 41.3697855479319, 2.1340869846554 41.369618956071, 2.13410964986188 41.3695111804193, 2.13414638630519 41.3693738218298, 2.13424211217055 41.369094507047, 2.13429095272073 41.3689748852134, 2.13439720014461 41.3687595758639, 2.13458032697394 41.3684164332826, 2.13490197513827 41.3679224288664, 2.1352669305558 41.3676149201884, 2.13548238322601 41.3674486251526, 2.13561920866228 41.3673613125491, 2.13594707625125 41.3671793051454, 2.13706078722487 41.3667083715066, 2.13738169035373 41.3665647113672, 2.13751326331291 41.3664957991373, 2.13765973063448 41.3663945442304, 2.13942688608143 41.3677187881871, 2.13932123928705 41.3678237762047, 2.13869390173945 41.3684795163323, 2.13744567864056 41.3698275923372, 2.13740327985878 41.3698835769701, 2.13698549941388 41.3698380010032, 2.13678069320162 41.3698346777288, 2.13647173869304 41.369824136706, 2.13554452961328 41.3697614877443, 2.13543606759492 41.3702507904419, 2.1352375808574 41.3710900614388, 2.13462735530135 41.3710392923964, 2.13458749225377 41.3710426496625, 2.13455955097248 41.3710513209421, 2.13453189692437 41.371096871182, 2.13453164045463 41.3711115299004, 2.13369108959489 41.3711864744227))"
"03","Sants-Montjuïc","16","la Bordeta","069","064","POLYGON ((427679.8424 4579927.8019, 427649.6605 4579962.2455, 427644.128 4579951.096, 427645.835 4579951.294, 427647.233 4579950.294, 427652.127 4579935.935, 427650.495 4579934.319, 427652.471 4579929.327, 427657.855 4579919.159, 427659.486 4579913.639, 427681.894 4579825.382, 427683.534 4579812.734, 427682.254 4579812.214, 427684.39 4579806.434, 427678.094 4579804.109, 427680.298 4579797.269, 427681.214 4579789.078, 427683.3389 4579781.8058, 427646.1814 4579767.9218, 427568.9635 4579915.4805, 427549.0995 4579902.5895, 427541.1925 4579895.7585, 427431.2539845 4579792.189761, 427478.3616 4579699.2614, 427476.7048 4579679.5769, 427532.5031 4579522.068, 427540.6992 4579485.0348, 427552.3794675 4579473.1183685, 427714.9202 4579630.0297, 427878.6135 4579790.3245, 427866.4755 4579801.6875, 427855.5475 4579809.4475, 427828.8675 4579825.6635, 427736.2435 4579878.8735, 427709.024 4579899.353, 427697.6774 4579909.1604, 427679.8424 4579927.8019))","POLYGON ((2.1352669305558 41.3676149201884, 2.13490197513827 41.3679224288664, 2.13483716025212 41.3678215121277, 2.13485754508097 41.3678234488776, 2.13487437852582 41.3678145679035, 2.13493460305343 41.3676856815343, 2.134915284124 41.3676709801335, 2.13493950419204 41.3676261966189, 2.13500508672791 41.3675351010467, 2.13502524495871 41.3674855310042, 2.1353036728729 41.3666926458524, 2.13532478820708 41.3665788772534, 2.13530954715502 41.3665740788131, 2.13533577338168 41.3665222123447, 2.13526077878239 41.366500706299, 2.13528794439825 41.3664392989159, 2.13529987241075 41.3663656078505, 2.13532614379255 41.3663003006817, 2.1348835650558 41.366171913682, 2.1339427669778 41.367493976588, 2.13370681950123 41.3673760845018, 2.13361310233155 41.3673138485043, 2.13231111024005 41.3663711398526, 2.13288541657108 41.3655384136453, 2.13286796291257 41.3653609733433, 2.13355386766795 41.3639473730346, 2.13365627651985 41.3636145661922, 2.13379733713407 41.3635082903927, 2.1357218032379 41.3649361446966, 2.13765973063448 41.3663945442304, 2.13751326331291 41.3664957991373, 2.13738169035373 41.3665647113672, 2.13706078722487 41.3667083715066, 2.13594707625125 41.3671793051454, 2.13561920866228 41.3673613125491, 2.13548238322601 41.3674486251526, 2.1352669305558 41.3676149201884))"
"03","Sants-Montjuïc","16","la Bordeta","069","065","POLYGON ((427644.128 4579951.096, 427649.6605 4579962.2455, 427568.9635 4579915.4805, 427646.1814 4579767.9218, 427683.3389 4579781.8058, 427681.214 4579789.078, 427680.298 4579797.269, 427678.094 4579804.109, 427684.39 4579806.434, 427682.254 4579812.214, 427683.534 4579812.734, 427681.894 4579825.382, 427659.486 4579913.639, 427657.855 4579919.159, 427652.471 4579929.327, 427650.495 4579934.319, 427652.127 4579935.935, 427647.233 4579950.294, 427645.835 4579951.294, 427644.128 4579951.096))","POLYGON ((2.13483716025212 41.3678215121277, 2.13490197513827 41.3679224288664, 2.1339427669778 41.367493976588, 2.1348835650558 41.366171913682, 2.13532614379255 41.3663003006817, 2.13529987241075 41.3663656078505, 2.13528794439825 41.3664392989159, 2.13526077878239 41.366500706299, 2.13533577338168 41.3665222123447, 2.13530954715502 41.3665740788131, 2.13532478820708 41.3665788772534, 2.1353036728729 41.3666926458524, 2.13502524495871 41.3674855310042, 2.13500508672791 41.3675351010467, 2.13493950419204 41.3676261966189, 2.134915284124 41.3676709801335, 2.13493460305343 41.3676856815343, 2.13487437852582 41.3678145679035, 2.13485754508097 41.3678234488776, 2.13483716025212 41.3678215121277))"
"03","Sants-Montjuïc","16","la Bordeta","069","066","POLYGON ((427500.3262 4580091.5619, 427496.3575 4580092.4614, 427489.2666 4580091.6677, 427482.3122 4580088.6165, 427476.2491 4580084.3123, 427470.2959 4580077.1685, 427470.0314 4580070.6862, 427470.2959 4580066.8497, 427365.043348 4579996.128675, 427376.1334 4579970.5059, 427397.4284 4579890.579, 427408.2385 4579837.592, 427431.2539845 4579792.189761, 427541.1925 4579895.7585, 427549.0995 4579902.5895, 427568.9635 4579915.4805, 427530.5086 4580002.5162, 427519.5019 4580030.8795, 427502.8464 4580078.7295, 427504.3016 4580084.1204, 427504.5595 4580087.8577, 427500.3262 4580091.5619))","POLYGON ((2.13310110914765 41.3690736973438, 2.1330535519474 41.3690814413327, 2.132968868287 41.3690736540274, 2.13288608662191 41.369045546499, 2.1328141112365 41.3690062339155, 2.13274378955202 41.3689413559751, 2.13274140257934 41.368882948489, 2.13274502381945 41.3688484184009, 2.13149510384865 41.368201969876, 2.13163076300347 41.367972195797, 2.13189493025796 41.3672542450664, 2.13203051459763 41.3667779858158, 2.13231111024005 41.3663711398526, 2.13361310233155 41.3673138485043, 2.13370681950123 41.3673760845018, 2.1339427669778 41.367493976588, 2.13347261105458 41.3682744137995, 2.13333762666737 41.3685288804903, 2.13313277482414 41.3689583476959, 2.13314952859193 41.3690070325853, 2.13315216520955 41.36904071628, 2.13310110914765 41.3690736973438))"
"03","Sants-Montjuïc","16","la Bordeta","069","067","POLYGON ((427588.0775 4580124.0075, 427586.3995 4580132.7845, 427571.2055 4580127.1675, 427559.9015 4580122.2715, 427534.3255 4580107.3895, 427504.5595 4580087.8577, 427504.3016 4580084.1204, 427502.8464 4580078.7295, 427519.5019 4580030.8795, 427530.5086 4580002.5162, 427568.9635 4579915.4805, 427649.6605 4579962.2455, 427623.3075 4580017.3575, 427608.3725 4580055.6055, 427599.7255 4580079.5975, 427595.7735 4580092.9185, 427588.0775 4580124.0075))","POLYGON ((2.13414638630519 41.3693738218298, 2.13412527590062 41.3694527220511, 2.13394428679368 41.3694007647555, 2.1338097207581 41.3693556510547, 2.13350571213904 41.369219312252, 2.13315216520955 41.36904071628, 2.13314952859193 41.3690070325853, 2.13313277482414 41.3689583476959, 2.13333762666737 41.3685288804903, 2.13347261105458 41.3682744137995, 2.1339427669778 41.367493976588, 2.13490197513827 41.3679224288664, 2.13458032697394 41.3684164332826, 2.13439720014461 41.3687595758639, 2.13429095272073 41.3689748852134, 2.13424211217055 41.369094507047, 2.13414638630519 41.3693738218298))"
"03","Sants-Montjuïc","16","la Bordeta","069","068","POLYGON ((427573.3255 4580195.7755, 427546.7255 4580325.0735, 427518.3575 4580317.7095, 427525.2695 4580286.8595, 427537.4735 4580229.0195, 427465.7451 4580210.0954, 427500.3262 4580091.5619, 427504.5595 4580087.8577, 427534.3255 4580107.3895, 427559.9015 4580122.2715, 427571.2055 4580127.1675, 427586.3995 4580132.7845, 427583.3815 4580151.2715, 427581.0375 4580169.7915, 427580.9575 4580187.1515, 427581.7469 4580190.2606, 427578.3337 4580194.0706, 427573.3255 4580195.7755))","POLYGON ((2.13396143845517 41.3700188822377, 2.13362795426448 41.3711810269411, 2.13328965677368 41.3711121479954, 2.1333759866677 41.3708349160581, 2.13352881385961 41.3703150716601, 2.13267347909184 41.3701381686447, 2.13310110914765 41.3690736973438, 2.13315216520955 41.36904071628, 2.13350571213904 41.369219312252, 2.1338097207581 41.3693556510547, 2.13394428679368 41.3694007647555, 2.13412527590062 41.3694527220511, 2.1340869846554 41.369618956071, 2.13405674767832 41.3697855479319, 2.13405371776713 41.3699418957923, 2.13406278459661 41.3699699693225, 2.13402152084651 41.3700039774737, 2.13396143845517 41.3700188822377))"
"03","Sants-Montjuïc","16","la Bordeta","069","069","POLYGON ((427387.847914 4580371.521883, 427356.6609 4580328.5403, 427351.14146 4580321.988453, 427329.309543 4580298.933982, 427322.3538055 4580295.1311085, 427291.5835 4580260.6755, 427241.7824 4580206.2568, 427262.0722 4580185.129, 427268.3658 4580177.7791, 427280.8052 4580160.9753, 427290.1159 4580146.7473, 427295.476700001 4580137.9264, 427313.4684 4580104.5869, 427327.8426 4580076.9501, 427336.9083 4580058.4852, 427345.497 4580040.0371, 427365.043348 4579996.128675, 427470.2959 4580066.8497, 427470.0314 4580070.6862, 427470.2959 4580077.1685, 427476.2491 4580084.3123, 427482.3122 4580088.6165, 427489.2666 4580091.6677, 427496.3575 4580092.4614, 427500.3262 4580091.5619, 427465.7451 4580210.0954, 427537.4735 4580229.0195, 427525.2695 4580286.8595, 427518.3575 4580317.7095, 427491.9175 4580310.8475, 427427.576654 4580292.9147695, 427400.7095225 4580327.3166485, 427400.2677 4580329.1909, 427397.0642 4580337.7357, 427387.847914 4580371.521883))","POLYGON ((2.13172279535756 41.3715850521455, 2.13135506015009 41.3711951191738, 2.13128985286188 41.3711356110047, 2.13103158636314 41.370925997283, 2.13094887733248 41.3708911181976, 2.13058511046609 41.3705780106314, 2.12999620709718 41.370083381933, 2.13024132940143 41.3698949257333, 2.13031745800273 41.3698292967063, 2.13046819997215 41.3696790752139, 2.13058122550007 41.3695517701469, 2.13064637714913 41.3694728078898, 2.13086548306482 41.3691741565666, 2.13104065294473 41.3689265402609, 2.13115125455966 41.3687610523156, 2.13125615064398 41.3685956725107, 2.13149510384865 41.368201969876, 2.13274502381945 41.3688484184009, 2.13274140257934 41.368882948489, 2.13274378955202 41.3689413559751, 2.1328141112365 41.3690062339155, 2.13288608662191 41.369045546499, 2.132968868287 41.3690736540274, 2.1330535519474 41.3690814413327, 2.13310110914765 41.3690736973438, 2.13267347909184 41.3701381686447, 2.13352881385961 41.3703150716601, 2.1333759866677 41.3708349160581, 2.13328965677368 41.3711121479954, 2.13297435177657 41.3710479630761, 2.13220721811351 41.3708806509151, 2.13188186746493 41.3711880726329, 2.13187636045219 41.371204913452, 2.1318370350486 41.371281584255, 2.13172279535756 41.3715850521455))"
"03","Sants-Montjuïc","17","Sants - Badal","070","070","POLYGON ((427391.5005 4580403.2515, 427385.1565 4580429.7655, 427285.7172 4580372.6813, 427279.2614 4580364.0029, 427221.7015 4580321.3055, 427215.4975 4580316.3015, 427187.9427 4580267.2937, 427234.1304 4580214.3476, 427241.7824 4580206.2568, 427291.5835 4580260.6755, 427322.3538055 4580295.1311085, 427329.309543 4580298.933982, 427351.14146 4580321.988453, 427356.6609 4580328.5403, 427396.986 4580383.9385, 427391.5005 4580403.2515))","POLYGON ((2.13176266726358 41.3718711582497, 2.13168363973833 41.3721093873956, 2.13050153863384 41.3715862740689, 2.13042539131357 41.3715075277744, 2.12974230729314 41.371117765978, 2.12966873093452 41.3710721358672, 2.12934516228654 41.3706282492174, 2.12990374772104 41.3701555609373, 2.12999620709718 41.370083381933, 2.13058511046609 41.3705780106314, 2.13094887733248 41.3708911181976, 2.13103158636314 41.370925997283, 2.13128985286188 41.3711356110047, 2.13135506015009 41.3711951191738, 2.1318305672741 41.3716977082601, 2.13176266726358 41.3718711582497))"
"03","Sants-Montjuïc","17","Sants - Badal","070","071","POLYGON ((427368.1665 4580500.7765, 427368.0615 4580501.2125, 427337.8435 4580482.7415, 427167.9235 4580382.3815, 427161.4795 4580375.5755, 427124.5295 4580321.7935, 427119.0695 4580314.3998, 427148.7116 4580299.833, 427178.4306 4580278.2573, 427187.9427 4580267.2937, 427215.4975 4580316.3015, 427221.7015 4580321.3055, 427279.2614 4580364.0029, 427285.7172 4580372.6813, 427385.1565 4580429.7655, 427368.1665 4580500.7765))","POLYGON ((2.13147199115409 41.3727474232509, 2.13147068347234 41.3727513406601, 2.13111159173271 41.3725822518225, 2.12909198294033 41.3716629893488, 2.12901575338558 41.3716011071884, 2.12858042834399 41.3711133687688, 2.12851603557096 41.3710462821904, 2.12887219613132 41.3709177682021, 2.12923011655264 41.3707261335895, 2.12934516228654 41.3706282492174, 2.12966873093452 41.3710721358672, 2.12974230729314 41.371117765978, 2.13042539131357 41.3715075277744, 2.13050153863384 41.3715862740689, 2.13168363973833 41.3721093873956, 2.13147199115409 41.3727474232509))"
"03","Sants-Montjuïc","17","Sants - Badal","070","072","POLYGON ((427361.5525 4580528.4165, 427351.4695 4580565.9225, 427255.9055 4580511.5235, 427209.8015 4580485.9735, 427130.5015 4580440.7808, 427114.6094 4580429.1455, 427029.8135 4580382.0955, 427021.9907735 4580377.180336, 427027.4063 4580373.5719, 427071.9002 4580340.3676, 427087.4468 4580329.6745, 427119.0695 4580314.3998, 427124.5295 4580321.7935, 427161.4795 4580375.5755, 427167.9235 4580382.3815, 427337.8435 4580482.7415, 427368.0615 4580501.2125, 427361.5525 4580528.4165))","POLYGON ((2.13138959823846 41.3729957692219, 2.13126454450099 41.3733326612546, 2.13012843822309 41.3728340783893, 2.12958025676349 41.3725997909695, 2.12863753038155 41.3721855819227, 2.1284489149281 41.3720793482832, 2.12744071557147 41.3716479038431, 2.12734777540227 41.3716029256134, 2.12741295997961 41.3715709168618, 2.12794894117599 41.3712758914982, 2.1281361077733 41.3711809914202, 2.12851603557096 41.3710462821904, 2.12858042834399 41.3711133687688, 2.12901575338558 41.3716011071884, 2.12909198294033 41.3716629893488, 2.13111159173271 41.3725822518225, 2.13147068347234 41.3727513406601, 2.13138959823846 41.3729957692219))"
"03","Sants-Montjuïc","17","Sants - Badal","070","073","POLYGON ((427184.0645 4580812.4425, 427183.5995 4580812.4615, 427181.3565 4580757.8635, 427305.5785 4580539.8395, 427351.4695 4580565.9225, 427327.6505 4580654.5295, 427285.0045 4580808.3155, 427271.7905 4580808.7075, 427257.0355 4580809.7095, 427184.0645 4580812.4425))","POLYGON ((2.12923331531839 41.3755378417083, 2.12922775296669 41.3755379707588, 2.12920749189192 41.3750460250341, 2.13071896540454 41.3730935979002, 2.13126454450099 41.3733326612546, 2.13096912488141 41.3741285598714, 2.13044076420647 41.3755097985157, 2.13028271557059 41.3755121350063, 2.13010616777615 41.3755198260175, 2.12923331531839 41.3755378417083))"
"03","Sants-Montjuïc","17","Sants - Badal","070","074","POLYGON ((427030.4615 4580818.3075, 427016.1075 4580818.8555, 427017.7745 4580807.1135, 427018.7835 4580804.4175, 427048.7795 4580754.2915, 427057.3295 4580740.6975, 427099.2745 4580670.2935, 427140.7215 4580602.4115, 427170.7515 4580550.9235, 427209.8015 4580485.9735, 427255.9055 4580511.5235, 427305.5785 4580539.8395, 427181.3565 4580757.8635, 427183.5995 4580812.4615, 427030.4615 4580818.3075))","POLYGON ((2.12739595762647 41.3755767522245, 2.12722425886991 41.3755803861715, 2.12724560515818 41.3754747818263, 2.12725799448545 41.375450591531, 2.12762269267569 41.3750018462398, 2.12772656110869 41.3748801854681, 2.12823656483281 41.3742498851059, 2.12874030105606 41.3736422519021, 2.1291055489726 41.3731812376471, 2.12958025676349 41.3725997909695, 2.13012843822309 41.3728340783893, 2.13071896540454 41.3730935979002, 2.12920749189192 41.3750460250341, 2.12922775296669 41.3755379707588, 2.12739595762647 41.3755767522245))"
"03","Sants-Montjuïc","17","Sants - Badal","070","075","POLYGON ((427153.8215 4580579.6335, 427141.2685 4580601.4605, 426980.4055 4580505.1675, 426964.2995 4580495.8255, 426930.8015 4580475.2555, 426921.2749365 4580469.052654, 426947.4895 4580445.9121, 427018.0748 4580379.7896, 427021.9907735 4580377.180336, 427029.8135 4580382.0955, 427114.6094 4580429.1455, 427130.5015 4580440.7808, 427209.8015 4580485.9735, 427176.3935 4580541.4715, 427153.8215 4580579.6335))","POLYGON ((2.12889967208853 41.3734382852024, 2.12874695571571 41.3736337361373, 2.12683514986489 41.3727518839722, 2.12664370198281 41.3726662828392, 2.12624565889436 41.3724779764184, 2.12613250158189 41.3724212448764, 2.12644872589536 41.3722152068924, 2.12730064031916 41.371626071153, 2.12734777540227 41.3716029256134, 2.12744071557147 41.3716479038431, 2.1284489149281 41.3720793482832, 2.12863753038155 41.3721855819227, 2.12958025676349 41.3725997909695, 2.12917414412108 41.3730966177002, 2.12889967208853 41.3734382852024))"
"03","Sants-Montjuïc","17","Sants - Badal","070","076","POLYGON ((427019.7555 4580608.2155, 427013.4415 4580618.9525, 426939.9535 4580573.6015, 426921.5415 4580563.9015, 426911.1675 4580560.2615, 426903.8835 4580558.4875, 426891.0025 4580556.8115, 426847.7795 4580555.8845, 426821.9709605 4580554.326791, 426865.0751 4580521.5442, 426885.468 4580502.5612, 426910.9342 4580478.1808, 426921.2749365 4580469.052654, 426930.8015 4580475.2555, 426964.2995 4580495.8255, 426980.4055 4580505.1675, 427055.0455 4580549.9395, 427046.4235 4580563.5175, 427019.7555 4580608.2155))","POLYGON ((2.12729323772959 41.3736835659228, 2.12721644984854 41.3737796972542, 2.12634323348996 41.3733645707941, 2.1261242554552 41.3732755350888, 2.12600065535172 41.3732418089999, 2.12591377659352 41.3732251697537, 2.12575996440833 41.3732089046754, 2.12524327184081 41.3731966280027, 2.12493487500522 41.373180252084, 2.12545421279654 41.3728889104621, 2.12570033277681 41.3727197909905, 2.12600776150518 41.3725025194689, 2.12613250158189 41.3724212448764, 2.12624565889436 41.3724779764184, 2.12664370198281 41.3726662828392, 2.12683514986489 41.3727518839722, 2.12772220507393 41.3731618962816, 2.12761748046347 41.3732834064798, 2.12729323772959 41.3736835659228))"
"03","Sants-Montjuïc","17","Sants - Badal","070","077","POLYGON ((426952.3285 4580729.6775, 426951.7365 4580730.8325, 426855.5495 4580659.7555, 426767.6139 4580593.8832, 426821.9709605 4580554.326791, 426847.7795 4580555.8845, 426891.0025 4580556.8115, 426903.8835 4580558.4875, 426911.1675 4580560.2615, 426921.5415 4580563.9015, 426939.9535 4580573.6015, 427013.4415 4580618.9525, 427000.4115 4580640.8375, 426986.8535 4580665.4535, 426975.7315 4580684.6755, 426952.3285 4580729.6775))","POLYGON ((2.12647239103209 41.3747714086815, 2.12646517331203 41.3747817575711, 2.12532364269418 41.3741328588566, 2.12428016601963 41.3735315764865, 2.12493487500522 41.373180252084, 2.12524327184081 41.3731966280027, 2.12575996440833 41.3732089046754, 2.12591377659352 41.3732251697537, 2.12600065535172 41.3732418089999, 2.1261242554552 41.3732755350888, 2.12634323348996 41.3733645707941, 2.12721644984854 41.3737796972542, 2.12705801725955 41.3739756250024, 2.12689294155097 41.3741961016493, 2.12675764156235 41.3743682174661, 2.12647239103209 41.3747714086815))"
"03","Sants-Montjuïc","17","Sants - Badal","070","078","POLYGON ((426972.8795 4580820.6535, 426940.0735 4580821.8695, 426934.8995 4580788.6635, 426934.3755 4580781.6915, 426935.6515 4580768.5855, 426939.1035 4580755.3995, 426970.2375 4580694.8845, 427000.4115 4580640.8375, 427046.4235 4580563.5175, 427055.0455 4580549.9395, 427141.2685 4580601.4605, 427099.2745 4580670.2935, 427057.3295 4580740.6975, 427048.7795 4580754.2915, 427018.7835 4580804.4175, 427017.7745 4580807.1135, 427016.1075 4580818.8555, 426972.8795 4580820.6535))","POLYGON ((2.1267071590738 41.3755926584268, 2.12631474659636 41.3756006327646, 2.12625688287725 41.375301089845, 2.12625145774123 41.37523824825, 2.12626829467717 41.3751203235907, 2.12631115969001 41.3750018759516, 2.12669072037085 41.3744596673388, 2.12705801725955 41.3739756250024, 2.12761748046347 41.3732834064798, 2.12772220507393 41.3731618962816, 2.12874695571571 41.3736337361373, 2.12823656483281 41.3742498851059, 2.12772656110869 41.3748801854681, 2.12762269267569 41.3750018462398, 2.12725799448545 41.375450591531, 2.12724560515818 41.3754747818263, 2.12722425886991 41.3755803861715, 2.1267071590738 41.3755926584268))"
"03","Sants-Montjuïc","17","Sants - Badal","070","079","POLYGON ((426768.9475 4580828.3675, 426752.2115 4580828.9155, 426751.4715 4580790.1975, 426752.2815 4580768.2715, 426754.2795 4580753.1135, 426757.3795 4580742.0795, 426764.6035 4580728.4255, 426826.7875 4580638.1695, 426855.5495 4580659.7555, 426951.7365 4580730.8325, 426939.1035 4580755.3995, 426935.6515 4580768.5855, 426934.3755 4580781.6915, 426934.8995 4580788.6635, 426940.0735 4580821.8695, 426768.9475 4580828.3675))","POLYGON ((2.12426778474508 41.3756436034186, 2.12406760380752 41.3756470158868, 2.12406343416354 41.3752982311846, 2.12407576884485 41.3751008262979, 2.12410149057987 41.3749644861714, 2.12413989052412 41.3748653895331, 2.12422791746876 41.3747430709004, 2.12498234482153 41.373935827784, 2.12532364269418 41.3741328588566, 2.12646517331203 41.3747817575711, 2.12631115969001 41.3750018759516, 2.12626829467717 41.3751203235907, 2.12625145774123 41.37523824825, 2.12625688287725 41.375301089845, 2.12631474659636 41.3756006327646, 2.12426778474508 41.3756436034186))"
"03","Sants-Montjuïc","17","Sants - Badal","070","080","POLYGON ((426638.1425 4580833.0385, 426561.5477685 4580836.135219, 426565.901 4580822.9375, 426585.8603 4580804.8, 426682.176 4580741.172, 426711.8458 4580703.4666, 426719.4689 4580693.0733, 426725.0904 4580684.2125, 426730.2862 4580674.4691, 426736.8442 4580658.7049, 426762.4916 4580600.652, 426764.5932 4580597.0978, 426767.6139 4580593.8832, 426826.7875 4580638.1695, 426764.6035 4580728.4255, 426757.3795 4580742.0795, 426754.2795 4580753.1135, 426752.2815 4580768.2715, 426751.4715 4580790.1975, 426752.2115 4580828.9155, 426723.1775 4580829.8655, 426687.7695 4580831.5495, 426638.1425 4580833.0385))","POLYGON ((2.1227031659613 41.3756737593579, 2.12178693683706 41.3756946640323, 2.12184058790128 41.3755761948497, 2.12208144036494 41.3754146588946, 2.12324079227396 41.3748503681419, 2.12360011245985 41.3745134733904, 2.12369251775537 41.3744205593166, 2.12376080461566 41.3743412655297, 2.12382410793887 41.3742539837206, 2.12390442638323 41.3741125989649, 2.12421810220114 41.3735920742314, 2.1242436599083 41.3735602542247, 2.12428016601963 41.3735315764865, 2.12498234482153 41.373935827784, 2.12422791746876 41.3747430709004, 2.12413989052412 41.3748653895331, 2.12410149057987 41.3749644861714, 2.12407576884485 41.3751008262979, 2.12406343416354 41.3752982311846, 2.12406760380752 41.3756470158868, 2.12372032533296 41.3756529289366, 2.12329674321951 41.3756648711265, 2.1227031659613 41.3756737593579))"
"03","Sants-Montjuïc","17","Sants - Badal","071","081","POLYGON ((426863.6435 4580990.0095, 426855.7741 4581002.026, 426835.883500001 4580986.8735, 426638.1425 4580833.0385, 426687.7695 4580831.5495, 426723.1775 4580829.8655, 426972.8795 4580820.6535, 426910.4395 4580917.9875, 426863.6435 4580990.0095))","POLYGON ((2.12538057486691 41.3771080594824, 2.12528502708133 41.3772155719726, 2.12504901563203 41.3770772913064, 2.1227031659613 41.3756737593579, 2.12329674321951 41.3756648711265, 2.12372032533296 41.3756529289366, 2.1267071590738 41.3755926584268, 2.12594881880309 41.3764636380928, 2.12538057486691 41.3771080594824))"
"03","Sants-Montjuïc","17","Sants - Badal","071","082","POLYGON ((427052.1375 4581111.9055, 427043.3648 4581144.9312, 426855.7741 4581002.026, 426910.4395 4580917.9875, 426972.8795 4580820.6535, 427016.1075 4580818.8555, 426990.8035 4580899.1955, 426973.5705 4580950.2165, 427078.9705 4581004.0715, 427052.1375 4581111.9055))","POLYGON ((2.12761980560365 41.3782230375496, 2.12751092948045 41.3785196914329, 2.12528502708133 41.3772155719726, 2.12594881880309 41.3764636380928, 2.1267071590738 41.3755926584268, 2.12722425886991 41.3755803861715, 2.12691201871639 41.37630168123, 2.12669981211957 41.3767596432861, 2.12795363834478 41.3772542518841, 2.12761980560365 41.3782230375496))"
"03","Sants-Montjuïc","17","Sants - Badal","071","083","POLYGON ((427055.6855 4580948.4555, 427047.7495 4580988.1075, 426973.5705 4580950.2165, 426990.8035 4580899.1955, 427016.1075 4580818.8555, 427257.0355 4580809.7095, 427271.7905 4580808.7075, 427285.0045 4580808.3155, 427274.3535 4580866.5145, 427262.5125 4580911.0695, 427224.1515 4580902.3555, 427195.3235 4580896.1135, 427151.1055 4580887.0775, 427125.029888 4580881.2415645, 427113.9615 4580913.3325, 427084.0075 4580910.7375, 427082.6075 4580914.0375, 427081.6755 4580914.8995, 427080.9235 4580915.1535, 427067.4775 4580913.8275, 427064.1955 4580913.6415, 427063.4675 4580914.1255, 427062.9485 4580915.0795, 427055.6855 4580948.4555))","POLYGON ((2.12768190235365 41.3767512303295, 2.12758223630558 41.3771076406675, 2.12669981211957 41.3767596432861, 2.12691201871639 41.37630168123, 2.12722425886991 41.3755803861715, 2.13010616777615 41.3755198260175, 2.13028271557059 41.3755121350063, 2.13044076420647 41.3755097985157, 2.13030642613302 41.376033011711, 2.13015949392531 41.3764332309583, 2.12970184602456 41.3763512790582, 2.12935789106561 41.3762924522048, 2.128830250236 41.3762070668134, 2.12851915903046 41.3761521438886, 2.12838295276273 41.3764401718235, 2.12802509596659 41.3764140860902, 2.12800795876877 41.3764436810239, 2.12799671086621 41.3764513602643, 2.12798768841883 41.3764535797995, 2.12782707008968 41.3764404185273, 2.12778784861548 41.3764384458405, 2.12777908546232 41.3764427390532, 2.12777276482815 41.3764512843115, 2.12768190235365 41.3767512303295))"
"03","Sants-Montjuïc","17","Sants - Badal","071","084","POLYGON ((427239.5455 4580997.4755, 427219.2685 4581075.4355, 427047.7495 4580988.1075, 427055.6855 4580948.4555, 427063.0935 4580914.6655, 427064.1955 4580913.6415, 427080.9235 4580915.1535, 427081.6755 4580914.8995, 427082.6075 4580914.0375, 427084.0075 4580910.7375, 427113.9615 4580913.3325, 427125.0296 4580881.2415, 427151.1055 4580887.0775, 427195.3235 4580896.1135, 427224.1515 4580902.3555, 427262.5125 4580911.0695, 427239.5455 4580997.4755))","POLYGON ((2.12987449816534 41.3772093795417, 2.12962267560715 41.377909700776, 2.12758223630558 41.3771076406675, 2.12768190235365 41.3767512303295, 2.12777454845373 41.3764475687204, 2.12778784861548 41.3764384458405, 2.12798768841883 41.3764535797995, 2.12799671086621 41.3764513602643, 2.12800795876877 41.3764436810239, 2.12802509596659 41.3764140860902, 2.12838295276273 41.3764401718235, 2.12851915559453 41.3761521432816, 2.128830250236 41.3762070668134, 2.12935789106561 41.3762924522048, 2.12970184602456 41.3763512790582, 2.13015949392531 41.3764332309583, 2.12987449816534 41.3772093795417))"
"03","Sants-Montjuïc","17","Sants - Badal","071","085","POLYGON ((427181.7725 4581239.7055, 427049.3695 4581149.5055, 427043.3648 4581144.9312, 427054.7905 4581101.8295, 427078.9705 4581004.0715, 427219.2685 4581075.4355, 427208.6115 4581116.4075, 427193.0565 4581179.6565, 427181.7725 4581239.7055))","POLYGON ((2.12915457768725 41.3793858230489, 2.12758218116525 41.3785614347283, 2.12751092948045 41.3785196914329, 2.12765274187967 41.37813252756, 2.12795363834478 41.3772542518841, 2.12962267560715 41.377909700776, 2.12949032297898 41.3782777553853, 2.12929672382937 41.3788460067204, 2.12915457768725 41.3793858230489))"
"03","Sants-Montjuïc","18","Sants","072","086","POLYGON ((427341.0425 4581225.5865, 427313.2996 4581329.606, 427181.7427 4581239.8343, 427193.0565 4581179.6565, 427204.3265 4581133.8335, 427278.1495 4581170.6575, 427347.2715 4581203.9115, 427341.0425 4581225.5865))","POLYGON ((2.13106079672499 41.3792730567424, 2.13071657602872 41.3802074135484, 2.12915420586784 41.3793869804023, 2.12929672382937 41.3788460067204, 2.12943699146241 41.3784343168163, 2.13031532416202 41.378772651248, 2.1311378804042 41.37907840101, 2.13106079672499 41.3792730567424))"
"03","Sants-Montjuïc","18","Sants","072","087","POLYGON ((427458.6155 4581385.1035, 427454.8261 4581396.0464, 427393.2475 4581372.5115, 427323.4575 4581336.5375, 427313.2996 4581329.606, 427341.0425 4581225.5865, 427347.2715 4581203.9115, 427408.4275 4581234.6015, 427495.0955 4581276.8255, 427468.2775 4581355.7535, 427458.6155 4581385.1035))","POLYGON ((2.13244762068682 41.3807203721352, 2.13240099668998 41.380818588875, 2.13166745253989 41.3806010648076, 2.13083721292729 41.3802707604008, 2.13071657602872 41.3802074135484, 2.13106079672499 41.3792730567424, 2.1311378804042 41.37907840101, 2.13186549529888 41.3793603333798, 2.13289680661524 41.3797484427237, 2.13256667265393 41.380456899265, 2.13244762068682 41.3807203721352))"
"03","Sants-Montjuïc","18","Sants","072","088","POLYGON ((427551.5355 4581432.0135, 427551.2241 4581432.8891, 427454.8261 4581396.0464, 427515.5325 4581216.1725, 427610.6875 4581261.9995, 427566.2235 4581388.3295, 427561.8095 4581401.1275, 427556.1855 4581418.9415, 427551.5355 4581432.0135))","POLYGON ((2.13355315917031 41.3811512443655, 2.1335493307116 41.3811591025123, 2.13240099668998 41.380818588875, 2.13314844492241 41.3792040061035, 2.13428081791421 41.379625318424, 2.13373402238619 41.3807591220748, 2.13367970949263 41.3808739912822, 2.13361032740556 41.381033928666, 2.13355315917031 41.3811512443655))"
"03","Sants-Montjuïc","18","Sants","072","089","POLYGON ((427628.4295 4581211.0655, 427610.6875 4581261.9995, 427515.5325 4581216.1725, 427524.2015 4581187.8375, 427533.4555 4581162.7315, 427559.0415 4581082.0915, 427564.6955 4581062.6955, 427574.9328 4581023.2408, 427609.8735 4581033.2435, 427675.2905 4581052.4775, 427681.9395 4581054.6795, 427628.4295 4581211.0655))","POLYGON ((2.13449905736827 41.3791681715419, 2.13428081791421 41.379625318424, 2.13314844492241 41.3792040061035, 2.13325549575361 41.378949584655, 2.13336915492016 41.3787242981235, 2.13368474397684 41.3780003086643, 2.13375467032506 41.3778261253551, 2.13388179816385 41.3774716935319, 2.13429840719362 41.3775649280589, 2.13507833760325 41.3777440436639, 2.13515758068884 41.3777644738226, 2.13449905736827 41.3791681715419))"
"03","Sants-Montjuïc","18","Sants","072","090","POLYGON ((427681.9715 4581054.5815, 427609.8735 4581033.2435, 427574.9328 4581023.2408, 427598.5435 4580927.4055, 427608.1025 4580900.3645, 427623.4805 4580867.1855, 427639.8575 4580841.6455, 427669.1235 4580794.2185, 427762.7848 4580790.5998, 427755.925 4580848.4238, 427751.6699 4580857.5117, 427740.6485 4580886.4255, 427715.7855 4580958.5755, 427704.5295 4580989.9195, 427698.7845 4581007.2225, 427681.9715 4581054.5815))","POLYGON ((2.13515797502406 41.37776359405, 2.13429840719362 41.3775649280589, 2.13388179816385 41.3774716935319, 2.13417557092273 41.3766106664232, 2.13429310079776 41.3763679784532, 2.13448094199888 41.3760705310959, 2.13467981480247 41.3758419747984, 2.13503541385049 41.3754174487973, 2.13615576610265 41.3753932694063, 2.13606685091557 41.3759134526094, 2.13601488850803 41.3759949218878, 2.1358796561019 41.3762543479889, 2.1355737577661 41.3769019427442, 2.13543542658916 41.377183235061, 2.13536466696338 41.3773385604311, 2.13515797502406 41.37776359405))"
"03","Sants-Montjuïc","18","Sants","072","091","POLYGON ((427580.8595 4580999.3515, 427574.9328 4581023.2408, 427413.7365 4580975.8885, 427426.5075 4580934.6655, 427465.9895 4580801.8685, 427669.1235 4580794.2185, 427639.8575 4580841.6455, 427623.4805 4580867.1855, 427608.1025 4580900.3645, 427598.5435 4580927.4055, 427580.8595 4580999.3515))","POLYGON ((2.13395552106837 41.3772570651913, 2.13388179816385 41.3774716935319, 2.13195996372975 41.3770306853187, 2.13211760773121 41.3766605576251, 2.13260559898671 41.375468065983, 2.13503541385049 41.3754174487973, 2.13467981480247 41.3758419747984, 2.13448094199888 41.3760705310959, 2.13429310079776 41.3763679784532, 2.13417557092273 41.3766106664232, 2.13395552106837 41.3772570651913))"
"03","Sants-Montjuïc","18","Sants","072","092","POLYGON ((427500.1375 4581261.8595, 427495.0955 4581276.8255, 427408.4275 4581234.6015, 427347.2715 4581203.9115, 427346.635 4581199.0823, 427355.5055 4581170.3075, 427364.0415 4581140.8275, 427372.3415 4581114.2575, 427402.5755 4581014.2135, 427413.7365 4580975.8885, 427574.9328 4581023.2408, 427564.6955 4581062.6955, 427551.6015 4581106.1015, 427533.4555 4581162.7315, 427524.2015 4581187.8375, 427516.8695 4581212.1915, 427500.1375 4581261.8595))","POLYGON ((2.13295888882666 41.3796141041232, 2.13289680661524 41.3797484427237, 2.13186549529888 41.3793603333798, 2.1311378804042 41.37907840101, 2.1311308481879 41.3790348488354, 2.13124036876175 41.3787764864165, 2.13134597312124 41.3785117422185, 2.13144840589399 41.3782731858327, 2.13182191657555 41.3773748568502, 2.13195996372975 41.3770306853187, 2.13388179816385 41.3774716935319, 2.13375467032506 41.3778261253551, 2.13359290937546 41.3782158876363, 2.13336915492016 41.3787242981235, 2.13325549575361 41.378949584655, 2.13316490865326 41.3791682712253, 2.13295888882666 41.3796141041232))"
"03","Sants-Montjuïc","18","Sants","072","093","POLYGON ((427346.635 4581199.0823, 427347.2715 4581203.9115, 427278.1495 4581170.6575, 427204.3265 4581133.8335, 427208.6115 4581116.4075, 427247.4535 4580967.7235, 427377.2455 4581006.9995, 427402.5755 4581014.2135, 427372.3415 4581114.2575, 427364.0415 4581140.8275, 427355.5055 4581170.3075, 427346.635 4581199.0823))","POLYGON ((2.1311308481879 41.3790348488354, 2.1311378804042 41.37907840101, 2.13031532416202 41.378772651248, 2.12943699146241 41.3784343168163, 2.12949032297898 41.3782777553853, 2.12997262879994 41.3769421299813, 2.13151989791682 41.3773075975476, 2.13182191657555 41.3773748568502, 2.13144840589399 41.3782731858327, 2.13134597312124 41.3785117422185, 2.13124036876175 41.3787764864165, 2.1311308481879 41.3790348488354))"
"03","Sants-Montjuïc","18","Sants","072","094","POLYGON ((427409.6815 4580990.1915, 427402.5755 4581014.2135, 427377.2455 4581006.9995, 427247.4535 4580967.7235, 427274.3535 4580866.5145, 427285.0045 4580808.3155, 427465.9895 4580801.8685, 427426.5075 4580934.6655, 427413.7365 4580975.8885, 427409.6815 4580990.1915))","POLYGON ((2.13190976342127 41.3771591410971, 2.13182191657555 41.3773748568502, 2.13151989791682 41.3773075975476, 2.12997262879994 41.3769421299813, 2.13030642613302 41.376033011711, 2.13044076420647 41.3755097985157, 2.13260559898671 41.375468065983, 2.13211760773121 41.3766605576251, 2.13195996372975 41.3770306853187, 2.13190976342127 41.3771591410971))"
"03","Sants-Montjuïc","18","Sants","073","095","POLYGON ((427431.0205 4580803.1735, 427285.0045 4580808.3155, 427327.6505 4580654.5295, 427351.4695 4580565.9225, 427371.8505 4580577.1395, 427414.8135 4580602.0035, 427403.6395 4580651.7685, 427423.7205 4580656.0455, 427478.1345 4580666.1945, 427472.0795 4580690.1915, 427447.6215 4580750.2655, 427442.8725 4580756.2355, 427439.7755 4580761.6035, 427436.9315 4580767.9815, 427434.5315 4580774.4675, 427433.0845 4580779.3855, 427432.0175 4580785.4695, 427431.0205 4580803.1735))","POLYGON ((2.13218731369199 41.3754766669911, 2.13044076420647 41.3755097985157, 2.13096912488141 41.3741285598714, 2.13126454450099 41.3733326612546, 2.1315068910194 41.3734355279756, 2.13201761232869 41.3736633444958, 2.13187804747123 41.3741105508831, 2.13211764164551 41.3741508833637, 2.13276704997545 41.3742471968242, 2.13269177978297 41.3744627829597, 2.13239214663583 41.3750016418356, 2.13233464802203 41.3750549831731, 2.13229697445274 41.3751030514515, 2.13226220506473 41.3751602392105, 2.13223273163394 41.3752184397085, 2.13221484097653 41.3752626037615, 2.13220135440642 41.3753173037905, 2.13218731369199 41.3754766669911))"
"03","Sants-Montjuïc","18","Sants","073","096","POLYGON ((427465.9895 4580801.8685, 427431.0205 4580803.1735, 427432.0175 4580785.4695, 427433.0845 4580779.3855, 427434.5315 4580774.4675, 427436.9315 4580767.9815, 427439.7755 4580761.6035, 427442.8725 4580756.2355, 427447.6035 4580750.3055, 427472.0795 4580690.1915, 427478.1345 4580666.1945, 427423.7205 4580656.0455, 427403.6395 4580651.7685, 427414.8135 4580602.0035, 427517.0005 4580638.0085, 427533.0945 4580583.8705, 427541.4675 4580596.5365, 427577.2865 4580646.1735, 427610.1435 4580695.5975, 427617.5255 4580706.0895, 427625.9495 4580717.8255, 427634.4494 4580725.1557, 427637.6293 4580729.7093, 427638.0815 4580729.3555, 427638.7115 4580730.1755, 427638.2593 4580730.5298, 427647.7047 4580743.8366, 427646.6418 4580744.2738, 427646.4792 4580745.8992, 427671.0305 4580780.1485, 427669.1235 4580794.2185, 427465.9895 4580801.8685))","POLYGON ((2.13260559898671 41.375468065983, 2.13218731369199 41.3754766669911, 2.13220135440642 41.3753173037905, 2.13221484097653 41.3752626037615, 2.13223273163394 41.3752184397085, 2.13226220506473 41.3751602392105, 2.13229697445274 41.3751030514515, 2.13233464802203 41.3750549831731, 2.13239192662141 41.3750020004775, 2.13269177978297 41.3744627829597, 2.13276704997545 41.3742471968242, 2.13211764164551 41.3741508833637, 2.13187804747123 41.3741105508831, 2.13201761232869 41.3736633444958, 2.13323513754593 41.3739968376962, 2.1334340430128 41.3735106866396, 2.1335326432424 41.3736255183887, 2.13395499397944 41.374075804163, 2.13434195940867 41.3745239035689, 2.13442897295793 41.3746190650239, 2.13452829743453 41.3747255243606, 2.13462905572919 41.3747923090654, 2.1346665342761 41.3748336075525, 2.13467198347751 41.3748304616706, 2.13467941851925 41.3748379037478, 2.13467396925788 41.3748410541334, 2.13478531991114 41.3749617526931, 2.13477255857847 41.3749655948265, 2.134770420355 41.3749802195701, 2.13505989495731 41.3752908970321, 2.13503541385049 41.3754174487973, 2.13260559898671 41.375468065983))"
"03","Sants-Montjuïc","18","Sants","073","097","POLYGON ((427529.5335 4580595.8495, 427517.0005 4580638.0085, 427414.8135 4580602.0035, 427371.8505 4580577.1395, 427351.4695 4580565.9225, 427361.5525 4580528.4165, 427391.5005 4580403.2515, 427396.9858975 4580383.938861, 427421.751 4580417.587, 427444.4809 4580450.8509, 427445.1729 4580452.0409, 427452.5215 4580471.9284, 427533.0945 4580583.8705, 427529.5335 4580595.8495))","POLYGON ((2.13339003290138 41.3736182562921, 2.13323513754593 41.3739968376962, 2.13201761232869 41.3736633444958, 2.1315068910194 41.3734355279756, 2.13126454450099 41.3733326612546, 2.13138959823846 41.3729957692219, 2.13176266726358 41.3718711582497, 2.13183056600533 41.3716977115022, 2.13212264050216 41.3720030011091, 2.13239042968841 41.3723046458199, 2.13239856121149 41.3723154260811, 2.13248404535978 41.3724952076728, 2.1334340430128 41.3735106866396, 2.13339003290138 41.3736182562921))"
"03","Sants-Montjuïc","18","Sants","073","098","POLYGON ((427517.6405 4580561.2145, 427517.4475 4580562.1365, 427452.5215 4580471.9284, 427445.1729 4580452.0409, 427444.4809 4580450.8509, 427421.751 4580417.587, 427387.8478 4580371.5223, 427397.0642 4580337.7357, 427400.2677 4580329.1909, 427400.7095225 4580327.3166485, 427427.576654 4580292.9147695, 427491.9175 4580310.8475, 427546.7255 4580325.0735, 427551.6615 4580325.6695, 427624.1875 4580316.3445, 427626.6435 4580319.0335, 427704.4785 4580461.9035, 427694.1535 4580486.0435, 427684.7015 4580509.2175, 427544.8855 4580435.5695, 427536.9585 4580473.4165, 427525.4185 4580524.0835, 427517.6405 4580561.2145))","POLYGON ((2.13325197174555 41.3733052409687, 2.13324955385784 41.3733135276907, 2.13248404535978 41.3724952076728, 2.13239856121149 41.3723154260811, 2.13239042968841 41.3723046458199, 2.13212264050216 41.3720030011091, 2.13172279394458 41.371585055891, 2.1318370350486 41.371281584255, 2.13187636045219 41.371204913452, 2.13188186746493 41.3711880726329, 2.13220721811351 41.3708806509151, 2.13297435177657 41.3710479630761, 2.13362795426448 41.3711810269411, 2.13368689961273 41.3711868392096, 2.13455515956349 41.3711093774425, 2.13458420336174 41.3711338171094, 2.13549778944948 41.372427589232, 2.13537145858874 41.3726440816686, 2.13525568027875 41.3728519519919, 2.13359274949994 41.3721760572115, 2.133493446399 41.3725162171901, 2.13334941023055 41.3729715165918, 2.13325197174555 41.3733052409687))"
"03","Sants-Montjuïc","18","Sants","073","099","POLYGON ((427785.9295 4580584.5555, 427782.8525 4580615.7875, 427728.3945 4580594.1325, 427748.6835 4580544.6895, 427743.6785 4580540.1945, 427684.7015 4580509.2175, 427694.1535 4580486.0435, 427704.4785 4580461.9035, 427626.6435 4580319.0335, 427624.1875 4580316.3445, 427622.223 4580316.6031, 427622.2282 4580314.9755, 427624.4904 4580309.8955, 427626.8175 4580308.9095, 427630.1475 4580308.5035, 427688.3255 4580314.2975, 427755.2155 4580341.6795, 427838.2855 4580376.4115, 427822.1315 4580428.4975, 427794.6055 4580519.0205, 427793.4395 4580523.6435, 427792.5395 4580528.5075, 427785.9295 4580584.5555))","POLYGON ((2.13645705571816 41.3735395826399, 2.13641654409121 41.3738206015233, 2.13576797986278 41.3736206744535, 2.13601646423923 41.3731771815227, 2.13595715657017 41.373136247396, 2.13525568027875 41.3728519519919, 2.13537145858874 41.3726440816686, 2.13549778944948 41.372427589232, 2.13458420336174 41.3711338171094, 2.13455515956349 41.3711093774425, 2.13453164045463 41.3711115299004, 2.13453189692437 41.371096871182, 2.13455955097248 41.3710513209421, 2.13458749225377 41.3710426496625, 2.13462735530135 41.3710392923964, 2.13532225982212 41.3710967057892, 2.13611875704217 41.3713493321739, 2.13710784092013 41.3716696026766, 2.13690849544706 41.3721372735707, 2.13656859840897 41.372950111692, 2.13655410628844 41.3729916447264, 2.13654276592721 41.3730353722215, 2.13645705571816 41.3735395826399))"
"03","Sants-Montjuïc","18","Sants","073","100","POLYGON ((427712.514841 4580792.542031, 427669.1235 4580794.2185, 427671.0305 4580780.1485, 427646.4792 4580745.8992, 427646.641783 4580744.273968, 427647.7047 4580743.8366, 427638.2593 4580730.5298, 427638.7115 4580730.1755, 427638.0815 4580729.3555, 427637.6293 4580729.7093, 427634.4494 4580725.1557, 427625.9495 4580717.8255, 427617.5255 4580706.0895, 427610.1435 4580695.5975, 427577.2865 4580646.1735, 427541.4675 4580596.5365, 427533.0945 4580583.8705, 427517.4475 4580562.1365, 427525.4185 4580524.0835, 427536.9585 4580473.4165, 427544.8855 4580435.5695, 427743.6785 4580540.1945, 427748.6835 4580544.6895, 427728.3945 4580594.1325, 427782.8525 4580615.7875, 427762.5635 4580782.0375, 427762.7848 4580790.5998, 427712.514841 4580792.542031))","POLYGON ((2.13555444993162 41.3754062483414, 2.13503541385049 41.3754174487973, 2.13505989495731 41.3752908970321, 2.134770420355 41.3749802195701, 2.13477255835515 41.3749655963381, 2.13478531991114 41.3749617526931, 2.13467396925788 41.3748410541334, 2.13467941851925 41.3748379037478, 2.13467198347751 41.3748304616706, 2.1346665342761 41.3748336075525, 2.13462905572919 41.3747923090654, 2.13452829743453 41.3747255243606, 2.13442897295793 41.3746190650239, 2.13434195940867 41.3745239035689, 2.13395499397944 41.374075804163, 2.1335326432424 41.3736255183887, 2.1334340430128 41.3735106866396, 2.13324955385784 41.3733135276907, 2.13334941023055 41.3729715165918, 2.133493446399 41.3725162171901, 2.13359274949994 41.3721760572115, 2.13595715657017 41.373136247396, 2.13601646423923 41.3731771815227, 2.13576797986278 41.3736206744535, 2.13641654409121 41.3738206015233, 2.13615414036111 41.3753161321236, 2.13615576610265 41.3753932694063, 2.13555444993162 41.3754062483414))"
"03","Sants-Montjuïc","18","Sants","074","101","POLYGON ((427778.0959 4580789.9434, 427762.7848 4580790.5998, 427762.5635 4580782.0375, 427782.8525 4580615.7875, 427787.1135 4580573.2215, 427792.5395 4580528.5075, 427794.6055 4580519.0205, 427838.2855 4580376.4115, 427893.3895 4580400.0575, 427918.7915 4580410.4865, 427902.4395 4580451.5415, 427899.1155 4580457.7915, 427878.9435 4580510.2895, 427856.4295 4580604.8875, 427845.9005 4580654.7675, 427853.1775 4580658.8575, 427919.4115 4580692.7415, 427918.4275 4580699.7435, 427912.8855 4580756.7555, 427913.0055 4580785.0815, 427778.0959 4580789.9434))","POLYGON ((2.13633892118596 41.3753887316993, 2.13615576610265 41.3753932694063, 2.13615414036111 41.3753161321236, 2.13641654409121 41.3738206015233, 2.13647256265424 41.3734376077589, 2.13654276592721 41.3730353722215, 2.13656859840897 41.372950111692, 2.13710784092013 41.3716696026766, 2.13776387719959 41.3718875121963, 2.13806635622362 41.3719837177684, 2.1378659610108 41.372352020451, 2.13782547403661 41.3724080141316, 2.13757804039564 41.3728790369191, 2.13729759030246 41.373729028276, 2.13716575987596 41.3741773350034, 2.13725228357545 41.3742148245154, 2.1380402094233 41.3745259401982, 2.13802761115725 41.3745889164861, 2.13795456567876 41.3751019060256, 2.13795263196093 41.3753570385369, 2.13633892118596 41.3753887316993))"
"03","Sants-Montjuïc","18","Sants","074","102","POLYGON ((427923.9595 4580680.8415, 427919.4115 4580692.7415, 427853.1775 4580658.8575, 427845.9005 4580654.7675, 427856.4295 4580604.8875, 427878.9435 4580510.2895, 427899.1155 4580457.7915, 427902.4395 4580451.5415, 427950.6135 4580471.7315, 427970.6955 4580480.7355, 428037.1745 4580509.1675, 428018.0631 4580558.1911, 428015.4257 4580557.4288, 428002.7931 4580590.4171, 427991.7734 4580620.8875, 427953.4115 4580606.7715, 427948.1915 4580621.0515, 427923.9595 4580680.8415))","POLYGON ((2.13809600466855 41.3744191686364, 2.1380402094233 41.3745259401982, 2.13725228357545 41.3742148245154, 2.13716575987596 41.3741773350034, 2.13729759030246 41.373729028276, 2.13757804039564 41.3728790369191, 2.13782547403661 41.3724080141316, 2.1378659610108 41.372352020451, 2.13843955803059 41.3725381784299, 2.13867860107748 41.3726210716926, 2.13947009134134 41.3728830953017, 2.13923576153537 41.3733229238946, 2.13920431728169 41.3733158222425, 2.13904935450249 41.3736118057811, 2.1389139746201 41.3738852555968, 2.13845696418665 41.37375468464, 2.13839285222958 41.3738828320208, 2.13809600466855 41.3744191686364))"
"03","Sants-Montjuïc","18","Sants","074","103","POLYGON ((428166.7805 4580671.7475, 428168.5585 4580686.6015, 428168.2175 4580686.5115, 428096.734 4580660.6819, 428089.0861 4580656.5545, 428041.6915 4580639.7535, 427991.7734 4580620.8875, 428002.7931 4580590.4171, 428015.425661 4580557.4289015, 428018.0629745 4580558.1910635, 428037.1745 4580509.1675, 428116.3215 4580544.0265, 428115.1995 4580546.5395, 428103.2635 4580608.1895, 428108.9535 4580610.9255, 428112.7745 4580611.9975, 428116.0895 4580612.4335, 428177.1235 4580610.2895, 428170.9085 4580632.2805, 428168.2515 4580642.8385, 428167.0675 4580649.8645, 428166.0555 4580657.3445, 428165.7985 4580661.5865, 428165.9405 4580666.1375, 428166.7805 4580671.7475))","POLYGON ((2.1410004852162 41.3743589728941, 2.14101998456462 41.3744929161824, 2.14101591789767 41.3744920751483, 2.14016425470275 41.3742530537505, 2.14007329885461 41.3742151964219, 2.13950859930783 41.3740596396256, 2.1389139746201 41.3738852555968, 2.13904935450249 41.3736118057811, 2.13920431680333 41.3733158231532, 2.13923576003913 41.3733229235546, 2.13947009134134 41.3728830953017, 2.14041229388221 41.3732041307538, 2.14039858043188 41.3732266642184, 2.14024855314333 41.3737808571696, 2.14031626316712 41.3738060076286, 2.14036182319344 41.3738160040601, 2.14040140847842 41.3738202270569, 2.14113143752749 41.3738063660789, 2.14105451997995 41.3740038763785, 2.1410214994583 41.3740987313109, 2.14100650992335 41.3741619062661, 2.14099352315312 41.3742291855844, 2.14098994754974 41.3742673688003, 2.14099110614866 41.3743083706815, 2.1410004852162 41.3743589728941))"
"03","Sants-Montjuïc","18","Sants","074","104","POLYGON ((427927.1495 4580784.5915, 427913.0055 4580785.0815, 427912.8855 4580756.7555, 427919.1835 4580693.3395, 427923.9595 4580680.8415, 427948.1915 4580621.0515, 427953.4115 4580606.7715, 428010.8795 4580627.8995, 428041.6915 4580639.7535, 428089.0861 4580656.5545, 428096.734 4580660.6819, 428168.5585 4580686.6015, 428170.9675 4580698.5815, 428172.8515 4580718.7095, 428172.6355 4580723.6315, 428170.5465 4580728.5535, 428158.0435 4580744.4195, 428156.0655 4580748.1015, 428151.9735 4580776.4905, 427927.1495 4580784.5915))","POLYGON ((2.13812181191243 41.3753538921461, 2.13795263196093 41.3753570385369, 2.13795456567876 41.3751019060256, 2.13803741212527 41.3745313057417, 2.13809600466855 41.3744191686364, 2.13839285222958 41.3738828320208, 2.13845696418665 41.37375468464, 2.13914159102249 41.3739501193995, 2.13950859930783 41.3740596396256, 2.14007329885461 41.3742151964219, 2.14016425470275 41.3742530537505, 2.14101998456462 41.3744929161824, 2.14104736940758 41.3746010307104, 2.14106751144507 41.3747824844496, 2.14106434551424 41.3748267958366, 2.14103878401744 41.3748709400491, 2.1408874046158 41.3750127232736, 2.14086331712581 41.3750457091246, 2.14081102387495 41.3753010331779, 2.13812181191243 41.3753538921461))"
"03","Sants-Montjuïc","18","Sants","075","105","POLYGON ((427951.4509 4581020.4755, 427939.9464 4581025.7915, 427901.9335 4581000.2695, 427883.9615 4580986.1085, 427869.9085 4580973.8435, 427858.6335 4580963.2125, 427839.5355 4580943.2805, 427805.5475 4580906.8795, 427755.925 4580848.4238, 427762.7848 4580790.5998, 427943.9405 4580783.9645, 427948.4275 4580916.3655, 427951.4509 4581020.4755))","POLYGON ((2.13838434861063 41.377480587598, 2.13824615126807 41.377527436669, 2.13779464678297 41.3772941646135, 2.13758143172952 41.3771650113622, 2.13741485309307 41.3770532855746, 2.13728129826161 41.3769565254255, 2.13705530834929 41.3767752930375, 2.13665323623313 41.3764443944153, 2.13606685091557 41.3759134526094, 2.13615576610265 41.3753932694063, 2.13832265866758 41.375349748612, 2.13836057217413 41.3765426369763, 2.13838434861063 41.377480587598))"
"03","Sants-Montjuïc","18","Sants","075","106","POLYGON ((428331.2028 4581326.9119, 428292.4397 4581366.591, 428178.8395 4581350.8215, 428166.6645 4581348.4345, 428156.9435 4581352.0635, 428154.8695 4581352.4995, 428150.6395 4581352.5735, 428148.5515 4581352.2115, 428128.2495 4581345.6475, 428102.2155 4581336.3515, 428043.2175 4581303.4615, 428034.5815 4581299.0535, 428021.9115 4581292.0015, 427925.6735 4581236.9245, 427931.6495 4581225.8335, 427954.6595 4581179.5615, 427969.5335 4581150.4395, 427947.2295 4581114.1375, 427943.7555 4581106.3835, 427941.8835 4581101.2115, 427937.1855 4581084.6735, 427934.0595 4581071.8175, 427933.0613 4581061.4625, 427938.098 4581037.7532, 427939.9464 4581025.7915, 427951.4509 4581020.4755, 427948.4275 4580916.3655, 427943.9405 4580783.9645, 428122.1425 4580777.5635, 428124.4375 4580853.1675, 428126.4675 4580901.5975, 428126.2795 4580909.1275, 428170.4635 4580913.2735, 428276.2645 4580921.4215, 428275.7366 4580926.3545, 428263.175116 4580942.961079, 428249.742 4580958.9187, 428238.3847 4580959.0386, 428241.0427 4581121.6035, 428257.9159 4581121.2092, 428258.184 4581124.136, 428259.034 4581126.895, 428260.471 4581129.598, 428262.682 4581132.298, 428266.054 4581135.166, 428289.1497 4581151.8207, 428254.7676425 4581196.140734, 428253.9033235 4581199.458106, 428254.643801 4581203.159534, 428259.525389 4581215.0697035, 428262.9640795 4581225.7303675, 428265.322446 4581241.9484945, 428265.0896595 4581256.9396635, 428269.7675 4581264.3215, 428274.5055 4581268.6035, 428300.3155 4581294.4315, 428332.3757 4581325.7113, 428331.2028 4581326.9119))","POLYGON ((2.14288900742603 41.380274460232, 2.14242078132522 41.3806283815639, 2.14106420664569 41.380476219223, 2.1409188999654 41.3804536335344, 2.14080222529633 41.3804854506536, 2.14077737254695 41.3804891923524, 2.1407267810887 41.3804894811231, 2.14070185553492 41.3804860342671, 2.14045986106448 41.3804251015337, 2.14014964759633 41.3803390500147, 2.13944805176735 41.3800375480465, 2.13934530597508 41.379997074481, 2.1391946358515 41.3799324264535, 2.13805037468975 41.3794277538918, 2.13812315386571 41.3793283967157, 2.1384038048861 41.3789137028287, 2.13858512612929 41.3786527435407, 2.13832273649193 41.378323788158, 2.13828211738707 41.3782536397073, 2.1382603475479 41.3782068898084, 2.13820613683292 41.3780575175286, 2.13817028590852 41.3779414484032, 2.13815958107975 41.3778480954036, 2.13822262679161 41.3776350056944, 2.13824615126807 41.377527436669, 2.13838434861063 41.377480587598, 2.13836057217413 41.3765426369763, 2.13832265866758 41.375349748612, 2.14045420347682 41.3753080334255, 2.14047268033772 41.3759891759568, 2.14049121097374 41.3764255485074, 2.14048807010991 41.3764933516602, 2.14101590234351 41.3765346382839, 2.14228003892752 41.3766174613204, 2.14227314289887 41.376661844007, 2.14212097496438 41.3768102937092, 2.14195846067054 41.3769528205541, 2.14182264227261 41.3769528877084, 2.14183517827414 41.3784172872879, 2.14203698971072 41.3784152405352, 2.14203984912299 41.3784416250527, 2.14204968659445 41.3784665501376, 2.14206654988334 41.3784910231847, 2.14209266881839 41.378515538214, 2.14213265081188 41.3785416698541, 2.14240685234718 41.3786937312557, 2.14199047347674 41.3790898406354, 2.14197974537998 41.3791196419174, 2.14198816170792 41.3791530453421, 2.14204512511079 41.3792607511066, 2.14208498260581 41.3793570743665, 2.14211126400159 41.3795033553223, 2.14210670590961 41.3796383545054, 2.14216176948903 41.3797052570181, 2.14221791943748 41.379744245782, 2.14252349842101 41.3799791694135, 2.14290317500422 41.3802637513421, 2.14288900742603 41.380274460232))"
"03","Sants-Montjuïc","18","Sants","076","107","POLYGON ((428113.9215 4581541.2415, 428113.0315 4581542.2455, 428089.8505 4581520.0875, 428088.6575 4581518.2495, 428088.133500001 4581516.1235, 428088.3355 4581513.9415, 428094.3065 4581497.4545, 428087.9315 4581494.6395, 427891.0405 4581397.9615, 427789.7205 4581348.8565, 427858.6735 4581208.7395, 427863.6895 4581197.8155, 427876.5055 4581172.9135, 427867.9865 4581167.1575, 427846.0915 4581154.2705, 427819.9135 4581138.0605, 427836.7495 4581109.4755, 427847.2755 4581092.2595, 427859.9935 4581070.2335, 427864.4975 4581063.3155, 427901.9335 4581000.2695, 427939.9464 4581025.7915, 427938.098 4581037.7532, 427933.0613 4581061.4625, 427934.0595 4581071.8175, 427937.1855 4581084.6735, 427941.8835 4581101.2115, 427945.9235 4581111.4355, 427947.2295 4581114.1375, 427969.5335 4581150.4395, 427954.6595 4581179.5615, 427931.6495 4581225.8335, 427925.6735 4581236.9245, 428007.2675 4581283.7375, 428034.5815 4581299.0535, 428043.2175 4581303.4615, 428096.2355 4581333.2155, 428102.2155 4581336.3515, 428116.8035 4581341.6355, 428148.5515 4581352.2115, 428150.6395 4581352.5735, 428154.8695 4581352.4995, 428156.9435 4581352.0635, 428166.6645 4581348.4345, 428178.8395 4581350.8215, 428292.4397 4581366.591, 428282.6757 4581376.5858, 428257.0215 4581386.8455, 428241.8875 4581403.7475, 428171.4035 4581479.0295, 428161.4995 4581488.9995, 428127.4115 4581526.0255, 428113.9215 4581541.2415))","POLYGON ((2.14026532325713 41.3821854632739, 2.14025456118174 41.3821944264025, 2.13997998321042 41.3819927860989, 2.13996593501281 41.381976125297, 2.13995992113518 41.3819569303818, 2.13996259566465 41.3819372959856, 2.14003595532098 41.3817893374562, 2.13996005511015 41.3817634140396, 2.13761707617298 41.3808750500017, 2.13641132868729 41.380423693233, 2.13725255195806 41.3791678980228, 2.13731383266789 41.3790699593979, 2.13747004741305 41.378846825362, 2.13736886423235 41.3787942196144, 2.13710858331475 41.3786761882344, 2.13679748420194 41.3785278430853, 2.13700220772133 41.3782718988759, 2.13713012361586 41.3781177847871, 2.13728482249037 41.3779205452095, 2.13733950288439 41.3778586411682, 2.13779464678297 41.3772941646135, 2.13824615126807 41.377527436669, 2.13822262679161 41.3776350056944, 2.13815958107975 41.3778480954036, 2.13817028590852 41.3779414484032, 2.13820613683292 41.3780575175286, 2.1382603475479 41.3782068898084, 2.13830744099437 41.3782993353126, 2.13832273649193 41.378323788158, 2.13858512612929 41.3786527435407, 2.1384038048861 41.3789137028287, 2.13812315386571 41.3793283967157, 2.13805037468975 41.3794277538918, 2.13902050498904 41.3798566855829, 2.13934530597508 41.379997074481, 2.13944805176735 41.3800375480465, 2.14007851053085 41.3803102708549, 2.14014964759633 41.3803390500147, 2.14032346489991 41.3803879444465, 2.14070185553492 41.3804860342671, 2.1407267810887 41.3804894811231, 2.14077737254695 41.3804891923524, 2.14080222529633 41.3804854506536, 2.1409188999654 41.3804536335344, 2.14106420664569 41.380476219223, 2.14242078132522 41.3806283815639, 2.14230283949388 41.3807175307837, 2.14199484868369 41.3808076490119, 2.14181187273111 41.3809585294594, 2.14096008986975 41.3816302770121, 2.14084047301218 41.3817191888177, 2.14042844670701 41.3820496236935, 2.14026532325713 41.3821854632739))"
"03","Sants-Montjuïc","18","Sants","076","108","POLYGON ((427796.4375 4581180.1835, 427789.1575 4581191.7555, 427718.8195 4581150.1815, 427731.1945 4581113.3005, 427668.5175 4581094.2465, 427681.9715 4581054.5815, 427698.7845 4581007.2225, 427704.5295 4580989.9195, 427715.7855 4580958.5755, 427740.6485 4580886.4255, 427751.6699 4580857.5117, 427755.925 4580848.4238, 427805.5475 4580906.8795, 427839.5355 4580943.2805, 427858.6335 4580963.2125, 427869.9085 4580973.8435, 427883.9615 4580986.1085, 427901.9335 4581000.2695, 427864.4975 4581063.3155, 427859.9935 4581070.2335, 427847.2755 4581092.2595, 427836.7495 4581109.4755, 427819.9135 4581138.0605, 427796.4375 4581180.1835))","POLYGON ((2.13651174671168 41.3789051227195, 2.13642331530699 41.3790086940248, 2.13558718618725 41.3786279375221, 2.13573956074934 41.3782968759707, 2.13499236429132 41.3781196322767, 2.13515797502406 41.37776359405, 2.13536466696338 41.3773385604311, 2.13543542658916 41.377183235061, 2.1355737577661 41.3769019427442, 2.1358796561019 41.3762543479889, 2.13601488850803 41.3759949218878, 2.13606685091557 41.3759134526094, 2.13665323623313 41.3764443944153, 2.13705530834929 41.3767752930375, 2.13728129826161 41.3769565254255, 2.13741485309307 41.3770532855746, 2.13758143172952 41.3771650113622, 2.13779464678297 41.3772941646135, 2.13733950288439 41.3778586411682, 2.13728482249037 41.3779205452095, 2.13713012361586 41.3781177847871, 2.13700220772133 41.3782718988759, 2.13679748420194 41.3785278430853, 2.13651174671168 41.3789051227195))"
"03","Sants-Montjuïc","18","Sants","076","109","POLYGON ((427789.9155 4581348.4675, 427789.7205 4581348.8565, 427610.6875 4581261.9995, 427668.5175 4581094.2465, 427731.1945 4581113.3005, 427718.8195 4581150.1815, 427789.1575 4581191.7555, 427796.4375 4581180.1835, 427819.9135 4581138.0605, 427846.0915 4581154.2705, 427867.9865 4581167.1575, 427876.5055 4581172.9135, 427863.6895 4581197.8155, 427858.6735 4581208.7395, 427789.9155 4581348.4675))","POLYGON ((2.13641370685975 41.3804202071596, 2.13641132868729 41.380423693233, 2.13428081791421 41.379625318424, 2.13499236429132 41.3781196322767, 2.13573956074934 41.3782968759707, 2.13558718618725 41.3786279375221, 2.13642331530699 41.3790086940248, 2.13651174671168 41.3789051227195, 2.13679748420194 41.3785278430853, 2.13710858331475 41.3786761882344, 2.13736886423235 41.3787942196144, 2.13747004741305 41.378846825362, 2.13731383266789 41.3790699593979, 2.13725255195806 41.3791678980228, 2.13641370685975 41.3804202071596))"
"03","Sants-Montjuïc","18","Sants","076","110","POLYGON ((427779.7755 4581531.2135, 427779.3817 4581531.9927, 427656.8575 4581473.2615, 427551.2241 4581432.8891, 427556.1855 4581418.9415, 427561.8095 4581401.1275, 427566.2235 4581388.3295, 427610.6875 4581261.9995, 427789.7205 4581348.8565, 427760.4875 4581407.0245, 427826.1425 4581439.0185, 427803.3075 4581484.8845, 427779.7755 4581531.2135))","POLYGON ((2.13627067300114 41.3820652199716, 2.13626587093314 41.382072202576, 2.1348076947008 41.3815322258742, 2.1335493307116 41.3811591025123, 2.13361032740556 41.381033928666, 2.13367970949263 41.3808739912822, 2.13373402238619 41.3807591220748, 2.13428081791421 41.379625318424, 2.13641132868729 41.380423693233, 2.13605482489996 41.3809449659589, 2.13683612688761 41.38123901577, 2.13655759679241 41.3816500644909, 2.13627067300114 41.3820652199716))"
"03","Sants-Montjuïc","18","Sants","076","111","POLYGON ((428113.0315 4581542.2455, 428089.4325 4581569.2085, 428068.0985 4581558.1815, 427960.6105 4581505.4815, 427881.9295 4581466.2955, 427853.6895 4581452.7255, 427834.9535 4581443.1155, 427760.4875 4581407.0245, 427789.7205 4581348.8565, 427891.0405 4581397.9615, 428087.9315 4581494.6395, 428094.3065 4581497.4545, 428088.3355 4581513.9415, 428088.133500001 4581516.1235, 428088.6575 4581518.2495, 428089.8505 4581520.0875, 428113.0315 4581542.2455))","POLYGON ((2.14025456118174 41.3821944264025, 2.13996915532106 41.3824351630386, 2.13971534306695 41.3823339399025, 2.13843622232412 41.3818496737873, 2.13749999321929 41.381489691653, 2.13716390772768 41.3813649400682, 2.13694100275094 41.3812767062098, 2.13605482489996 41.3809449659589, 2.13641132868729 41.380423693233, 2.13761707617298 41.3808750500017, 2.13996005511015 41.3817634140396, 2.14003595532098 41.3817893374562, 2.13996259566465 41.3819372959856, 2.13995992113518 41.3819569303818, 2.13996593501281 41.381976125297, 2.13997998321042 41.3819927860989, 2.14025456118174 41.3821944264025))"
"03","Sants-Montjuïc","18","Sants","076","112","POLYGON ((428036.0895 4581631.0715, 428014.0385 4581656.6935, 427892.5675 4581586.2475, 427779.3817 4581531.9927, 427803.3075 4581484.8845, 427826.1425 4581439.0185, 427834.9535 4581443.1155, 427853.6895 4581452.7255, 427881.9295 4581466.2955, 427960.6105 4581505.4815, 428068.0985 4581558.1815, 428089.4325 4581569.2085, 428036.0895 4581631.0715))","POLYGON ((2.13932390952277 41.3829875700023, 2.1390571679436 41.3832163648656, 2.13761293133184 41.3825710068606, 2.13626587093314 41.382072202576, 2.13655759679241 41.3816500644909, 2.13683612688761 41.38123901577, 2.13694100275094 41.3812767062098, 2.13716390772768 41.3813649400682, 2.13749999321929 41.381489691653, 2.13843622232412 41.3818496737873, 2.13971534306695 41.3823339399025, 2.13996915532106 41.3824351630386, 2.13932390952277 41.3829875700023))"
"03","Sants-Montjuïc","18","Sants","076","113","POLYGON ((428294.244 4581563.0184, 428122.1178 4581738.0607, 428014.0385 4581656.6935, 428089.4325 4581569.2085, 428127.4115 4581526.0255, 428161.4995 4581488.9995, 428171.4035 4581479.0295, 428241.8875 4581403.7475, 428257.0215 4581386.8455, 428282.6757 4581376.5858, 428294.244 4581563.0184))","POLYGON ((2.1424191140832 41.382397691147, 2.14033999045362 41.3839588716946, 2.1390571679436 41.3832163648656, 2.13996915532106 41.3824351630386, 2.14042844670701 41.3820496236935, 2.14084047301218 41.3817191888177, 2.14096008986975 41.3816302770121, 2.14181187273111 41.3809585294594, 2.14199484868369 41.3808076490119, 2.14230283949388 41.3807175307837, 2.1424191140832 41.382397691147))"
"03","Sants-Montjuïc","18","Sants","076","114","POLYGON ((428314.6644 4581892.1114, 428316.4105 4581920.2512, 428153.0495 4581761.3475, 428122.1178 4581738.0607, 428294.244 4581563.0184, 428314.6644 4581892.1114))","POLYGON ((2.14262437499444 41.3853635284746, 2.14264192714752 41.385617128653, 2.14070713258179 41.3841713700608, 2.14033999045362 41.3839588716946, 2.1424191140832 41.382397691147, 2.14262437499444 41.3853635284746))"
"03","Sants-Montjuïc","13","la Marina de Port","062","211","POLYGON ((428061.6815 4579186.4895, 428059.4395 4579191.0585, 427987.7615 4579153.3235, 427960.9375 4579142.1155, 427972.8355 4579118.0935, 427983.3615 4579098.7215, 428004.3575 4579061.6415, 428030.9145 4579012.0525, 428085.0060755 4579041.158933, 428072.184981 4579052.557039, 428071.4491 4579054.0691, 428078.1611 4579066.5409, 428151.1055 4579001.2755, 428166.4288945 4579016.297095, 428167.1261 4579015.6649, 428173.9128 4579024.4438, 428174.740179 4579023.805216, 428181.6008 4579032.0842, 428182.4231795 4579031.403217, 428189.3122 4579039.7158, 428190.0952 4579039.0678, 428196.9590205 4579047.349983, 428197.5998 4579046.8192, 428210.2775 4579062.1155, 428186.4245 4579081.6345, 428180.1255 4579087.1225, 428161.0455 4579102.2435, 428084.3695 4579159.0435, 428073.2235 4579170.1005, 428070.2935 4579173.6865, 428061.6815 4579186.4895))","POLYGON ((2.13992001847593 41.3609723935577, 2.13989267461543 41.3610133446464, 2.13904027876313 41.3606670709068, 2.13872094370045 41.3605637247908, 2.13886602971073 41.3603484313931, 2.13899416136358 41.3601748960261, 2.13924955568897 41.3598428068968, 2.13957290888401 41.35939854995, 2.14021608098075 41.3596655345952, 2.14006146276515 41.3597670482244, 2.14005248655219 41.3597806011033, 2.14013124511604 41.3598935299068, 2.1410109748719 41.3593122189841, 2.14119237519357 41.3594488805828, 2.14120078460595 41.3594432488161, 2.1412808749835 41.3595229228202, 2.14129084128017 41.3595172451154, 2.1413718747111 41.359592423077, 2.14138178626473 41.359586363045, 2.14146315540391 41.3596618460912, 2.14147259230246 41.3596560796061, 2.14155366398335 41.3597312865393, 2.14156138686639 41.3597265630982, 2.14171112953424 41.3598654621319, 2.14142367278268 41.3600391360657, 2.14134772267363 41.360088002787, 2.1411178430571 41.3602224903695, 2.14019449611122 41.3607272236636, 2.14005994064981 41.3608258146388, 2.14002448881282 41.360857850757, 2.13992001847593 41.3609723935577))"
"03","Sants-Montjuïc","13","la Marina de Port","063","212","POLYGON ((427894.2928 4579575.5722, 427888.6405 4579590.6586, 427780.4957 4579485.2572, 427785.0145 4579473.1885, 427913.4095 4579232.3745, 427931.0886 4579241.3988, 427980.8559 4579257.2361, 427971.5811 4579285.9331, 427946.0281 4579277.8918, 427944.9457 4579279.7397, 427934.524427 4579305.4401085, 427996.598995 4579324.705067, 427993.1288 4579370.2852, 427987.9332 4579429.2688, 427985.9998 4579443.2718, 427982.8292 4579457.2028, 427980.1968 4579456.4378, 427976.5498 4579468.1898, 427969.258927 4579499.7999815, 427922.2112 4579485.9168, 427894.2928 4579575.5722))","POLYGON ((2.13787271702091 41.3644617513504, 2.1378033492625 41.3645971229241, 2.13652301142188 41.3636381159656, 2.13657847052927 41.3635298228328, 2.13814204780394 41.3613724023426, 2.13835232174186 41.3614552637351, 2.13894538910628 41.3616023579926, 2.13883110482501 41.3618599921977, 2.13852658249611 41.3617852805787, 2.13851342327428 41.3618018271003, 2.13838578720925 41.362032368977, 2.13912558297889 41.3622114355864, 2.13907868680385 41.3626216496001, 2.13900957165882 41.3631524295702, 2.13898479548924 41.3632783767517, 2.1389452371078 41.363403564775, 2.13891385774013 41.3633964392073, 2.13886886254899 41.3635019590938, 2.13877794641721 41.363786008612, 2.13821713994209 41.3636567569004, 2.13787271702091 41.3644617513504))"
"03","Sants-Montjuïc","13","la Marina de Port","063","213","POLYGON ((427987.2687 4579649.2269, 427969.6207 4579660.9113, 427960.8995 4579658.3595, 427888.6405 4579590.6586, 427894.2928 4579575.5722, 427922.211129 4579485.917037, 427969.2589 4579499.8001, 427976.5498 4579468.1898, 427980.1968 4579456.4378, 427982.829053 4579457.202757, 427982.9265 4579456.7565, 428019.9545 4579467.0475, 428013.0335 4579504.6715, 428007.6655 4579536.5435, 427992.8622 4579604.3997, 427988.99 4579624.5468, 427987.2687 4579649.2269))","POLYGON ((2.13897551145143 41.3651334554184, 2.13876313722651 41.3652371138153, 2.13865917592792 41.3652133502766, 2.1378033492625 41.3645971229241, 2.13787271702091 41.3644617513504, 2.13821713906512 41.3636567590286, 2.13877794608035 41.3637860096769, 2.13886886254899 41.3635019590938, 2.13891385774013 41.3633964392073, 2.13894523535553 41.3634035643746, 2.13894645331572 41.3633995538111, 2.13938789984186 41.3634955526676, 2.13930069403987 41.3638338000479, 2.13923273631511 41.3641203799665, 2.13904770546654 41.3647302129719, 2.13899902043771 41.3649113244407, 2.13897551145143 41.3651334554184))"
"04","Les Corts","19","les Corts","077","001","POLYGON ((428067.8355 4581894.1415, 428040.1575 4581893.7575, 428010.7915 4581892.1155, 427992.2615 4581890.4255, 428048.6035 4581823.5275, 428064.7205 4581804.9675, 428109.0195 4581752.6075, 428122.1178 4581738.0607, 428153.0495 4581761.3475, 428287.8826 4581892.5017, 428242.6175 4581893.1615, 428162.2475 4581893.2735, 428067.8355 4581894.1415))","POLYGON ((2.13967231363258 41.3853597801738, 2.13934135887783 41.3853538462956, 2.1389903669411 41.3853364300918, 2.13876896820555 41.385319550505, 2.13945070459475 41.384722067057, 2.1396456490166 41.3845563455426, 2.14018162562204 41.3840887188298, 2.14033999045362 41.3839588716946, 2.14070713258179 41.3841713700608, 2.14230404579546 41.3853646568033, 2.14176264329785 41.3853665630457, 2.14080148711014 41.3853603988521, 2.13967231363258 41.3853597801738))"
"04","Les Corts","19","les Corts","077","002","POLYGON ((428008.3795 4581871.2375, 427992.2615 4581890.4255, 427975.7525 4581888.3035, 427946.8975 4581883.3875, 427918.0535 4581875.8155, 427867.1355 4581861.7835, 427817.7395 4581845.4455, 427807.9455 4581842.9715, 427798.0955 4581840.7195, 427778.2555 4581836.8935, 427763.7995 4581834.9135, 427755.5745 4581834.2625, 427788.0535 4581775.7035, 427822.5055 4581714.7025, 427846.3889 4581671.696, 427848.5405 4581677.5341, 427940.7885 4581749.8785, 428042.6095 4581830.6815, 428008.3795 4581871.2375))","POLYGON ((2.1389640027296 41.3851481741317, 2.13876896820555 41.385319550505, 2.13857178999822 41.3852989605794, 2.13822729898891 41.3852521001486, 2.13788325603162 41.3851813181128, 2.13727600179584 41.3850503733844, 2.1366872261924 41.3848987927921, 2.1365703957416 41.3848756316062, 2.13645286922356 41.3848544647439, 2.13621606136321 41.384818224574, 2.13604342014954 41.3847990935789, 2.13594513618271 41.3847924916926, 2.13634052711921 41.3842679896492, 2.13675979699334 41.3837216690027, 2.13705053176053 41.383336468451, 2.13707556668497 41.3833892429263, 2.13817012029356 41.3840490888954, 2.13937817358886 41.3847859642809, 2.1389640027296 41.3851481741317))"
"04","Les Corts","19","les Corts","077","003","POLYGON ((428048.6035 4581823.5275, 428042.6095 4581830.6815, 427940.7885 4581749.8785, 428014.0385 4581656.6935, 428122.1178 4581738.0607, 428109.0195 4581752.6075, 428064.7205 4581804.9675, 428048.6035 4581823.5275))","POLYGON ((2.13945070459475 41.384722067057, 2.13937817358886 41.3847859642809, 2.13817012029356 41.3840490888954, 2.1390571679436 41.3832163648656, 2.14033999045362 41.3839588716946, 2.14018162562204 41.3840887188298, 2.1396456490166 41.3845563455426, 2.13945070459475 41.384722067057))"
"04","Les Corts","19","les Corts","077","004","POLYGON ((427999.1509 4581675.4455, 427940.7885 4581749.8785, 427848.5405 4581677.5341, 427846.3889 4581671.696, 427890.3072 4581585.164, 428014.0385 4581656.6935, 427999.1509 4581675.4455))","POLYGON ((2.13887690519965 41.3833839247428, 2.13817012029356 41.3840490888954, 2.13707556668497 41.3833892429263, 2.13705053176053 41.383336468451, 2.13758603058022 41.3825610456086, 2.1390571679436 41.3832163648656, 2.13887690519965 41.3833839247428))"
"04","Les Corts","19","les Corts","077","005","POLYGON ((427855.9135 4581653.1015, 427846.3889 4581671.696, 427839.8932 4581667.0489, 427814.2745 4581654.6015, 427671.0585 4581587.8345, 427687.8635 4581553.8815, 427714.7712 4581501.022, 427890.3072 4581585.164, 427855.9135 4581653.1015))","POLYGON ((2.13716664649506 41.3831698491227, 2.13705053176053 41.383336468451, 2.13697340576476 41.3832940312232, 2.13666852530845 41.3831796240816, 2.13496383825503 41.3825654170532, 2.13516885172517 41.3822611262037, 2.13549693004978 41.3817874591721, 2.13758603058022 41.3825610456086, 2.13716664649506 41.3831698491227))"
"04","Les Corts","19","les Corts","077","006","POLYGON ((427687.8635 4581553.8815, 427671.0585 4581587.8345, 427625.6455 4581566.8875, 427543.4935 4581528.3455, 427521.2505 4581518.2895, 427551.2241 4581432.8891, 427656.8575 4581473.2615, 427714.7712 4581501.022, 427687.8635 4581553.8815))","POLYGON ((2.13516885172517 41.3822611262037, 2.13496383825503 41.3825654170532, 2.13442327139871 41.3823726716804, 2.13344547314001 41.3820181447413, 2.13318068660918 41.3819255708501, 2.1335493307116 41.3811591025123, 2.1348076947008 41.3815322258742, 2.13549693004978 41.3817874591721, 2.13516885172517 41.3822611262037))"
"04","Les Corts","19","les Corts","077","007","POLYGON ((427822.5055 4581714.7025, 427811.6795 4581733.5815, 427705.4055 4581683.5875, 427642.9328 4581654.9335, 427629.9995 4581651.8635, 427496.1215 4581589.0555, 427509.6495 4581551.7535, 427521.2505 4581518.2895, 427543.4935 4581528.3455, 427625.6455 4581566.8875, 427814.2745 4581654.6015, 427839.8932 4581667.0489, 427846.3889 4581671.696, 427822.5055 4581714.7025))","POLYGON ((2.13675979699334 41.3837216690027, 2.13662808328498 41.3838907334925, 2.13536315060088 41.3834309140896, 2.13461948619107 41.3831672224825, 2.13446518931289 41.3831384089045, 2.13287171873105 41.3825606681645, 2.13303795489904 41.3822259227623, 2.13318068660918 41.3819255708501, 2.13344547314001 41.3820181447413, 2.13442327139871 41.3823726716804, 2.13666852530845 41.3831796240816, 2.13697340576476 41.3832940312232, 2.13705053176053 41.383336468451, 2.13675979699334 41.3837216690027))"
"04","Les Corts","19","les Corts","077","008","POLYGON ((427788.0535 4581775.7035, 427776.1155 4581797.1035, 427674.3575 4581747.8675, 427611.4675 4581706.715, 427471.6785 4581658.6675, 427496.1215 4581589.0555, 427629.9995 4581651.8635, 427642.9328 4581654.9335, 427705.4055 4581683.5875, 427811.6795 4581733.5815, 427788.0535 4581775.7035))","POLYGON ((2.13634052711921 41.3842679896492, 2.13619521252131 41.3844596594555, 2.13498418704788 41.3840070682756, 2.13423702053155 41.3836307675772, 2.13257108644529 41.3831854327443, 2.13287171873105 41.3825606681645, 2.13446518931289 41.3831384089045, 2.13461948619107 41.3831672224825, 2.13536315060088 41.3834309140896, 2.13662808328498 41.3838907334925, 2.13634052711921 41.3842679896492))"
"04","Les Corts","19","les Corts","077","009","POLYGON ((427772.9875 4581802.7115, 427755.5745 4581834.2625, 427749.2395 4581833.9595, 427717.8375 4581831.0715, 427669.1995 4581827.1515, 427661.7915 4581825.1575, 427589.7495 4581799.9475, 427542.3615 4581784.2895, 427439.9855 4581749.3205, 427471.6785 4581658.6675, 427611.4675 4581706.715, 427674.3575 4581747.8675, 427776.1155 4581797.1035, 427772.9875 4581802.7115))","POLYGON ((2.13615713689347 41.3845098876981, 2.13594513618271 41.3847924916926, 2.13586941297128 41.3847891937661, 2.13549422560755 41.3847603618436, 2.13491303922165 41.3847206843837, 2.13482468621803 41.3847020591257, 2.13396616086459 41.3844685214706, 2.13340133033489 41.3843232293975, 2.13218122826216 41.3839990504552, 2.13257108644529 41.3831854327443, 2.13423702053155 41.3836307675772, 2.13498418704788 41.3840070682756, 2.13619521252131 41.3844596594555, 2.13615713689347 41.3845098876981))"
"04","Les Corts","19","les Corts","078","010","POLYGON ((427583.4983 4581970.7648, 427576.842 4581979.3724, 427525.7295 4581939.4655, 427455.0475 4581879.6095, 427408.2723 4581839.0345, 427431.3555 4581774.7455, 427439.9855 4581749.3205, 427542.3615 4581784.2895, 427589.7495 4581799.9475, 427652.9385 4581822.1425, 427650.8944 4581832.6735, 427652.2874 4581837.532, 427593.9459 4581957.4775, 427583.4983 4581970.7648))","POLYGON ((2.13387098709575 41.3860064424349, 2.13379035497266 41.3860833684307, 2.13318387018559 41.3857193397063, 2.13234575023105 41.3851738697763, 2.13179123114161 41.3848042076172, 2.13207497956295 41.3842272648718, 2.13218122826216 41.3839990504552, 2.13340133033489 41.3843232293975, 2.13396616086459 41.3844685214706, 2.13471917467008 41.3846741081083, 2.13469347211067 41.3847687728478, 2.13470955063489 41.3848126567174, 2.13399751868139 41.3858877094348, 2.13387098709575 41.3860064424349))"
"04","Les Corts","19","les Corts","078","011","POLYGON ((427705.0435 4582057.2515, 427696.7715 4582067.3915, 427680.6735 4582055.5435, 427659.6075 4582041.0335, 427576.842 4581979.3724, 427593.9459 4581957.4775, 427649.66 4581843.02, 427652.2874 4581837.532, 427650.8944 4581832.6735, 427652.9385 4581822.1425, 427661.7915 4581825.1575, 427669.1995 4581827.1515, 427717.8375 4581831.0715, 427749.2395 4581833.9595, 427763.7995 4581834.9135, 427778.2555 4581836.8935, 427798.0955 4581840.7195, 427817.7395 4581845.4455, 427857.5455 4581858.7935, 427844.3235 4581875.5605, 427724.3415 4582033.0515, 427711.3915 4582049.8015, 427705.0435 4582057.2515))","POLYGON ((2.13531423452264 41.3867963263122, 2.13521409766839 41.3868869098147, 2.13502299223996 41.3867787524923, 2.13477279203011 41.3866461725335, 2.13379035497266 41.3860833684307, 2.13399751868139 41.3858877094348, 2.13467747459828 41.3848618486807, 2.13470955063489 41.3848126567174, 2.13469347211067 41.3847687728478, 2.13471917467008 41.3846741081083, 2.13482468621803 41.3847020591257, 2.13491303922165 41.3847206843837, 2.13549422560755 41.3847603618436, 2.13586941297128 41.3847891937661, 2.13604342014954 41.3847990935789, 2.13621606136321 41.384818224574, 2.13645286922356 41.3848544647439, 2.1366872261924 41.3848987927921, 2.13716167191237 41.385022583675, 2.13700155448236 41.3851724117076, 2.13554791065744 41.3865801005852, 2.13539104061127 41.3867297975894, 2.13531423452264 41.3867963263122))"
"04","Les Corts","19","les Corts","078","012","POLYGON ((427789.9775 4582128.6435, 427785.9815 4582133.8125, 427696.7715 4582067.3915, 427711.3915 4582049.8015, 427724.3415 4582033.0515, 427844.3235 4581875.5605, 427857.5455 4581858.7935, 427867.1355 4581861.7835, 427918.0535 4581875.8155, 427946.8975 4581883.3875, 427972.5835 4581887.8295, 427992.2615 4581890.4255, 427905.2455 4581991.9875, 427840.1895 4582068.8215, 427824.8075 4582085.7255, 427789.9775 4582128.6435))","POLYGON ((2.13632146947297 41.3874469546087, 2.13627306377314 41.3874931510288, 2.13521409766839 41.3868869098147, 2.13539104061127 41.3867297975894, 2.13554791065744 41.3865801005852, 2.13700155448236 41.3851724117076, 2.13716167191237 41.385022583675, 2.13727600179584 41.3850503733844, 2.13788325603162 41.3851813181128, 2.13822729898891 41.3852521001486, 2.13853394841821 41.385294407716, 2.13876896820555 41.385319550505, 2.13771626190469 41.3862264864757, 2.13692909763686 41.3869126672106, 2.13674312661463 41.3870635349257, 2.13632146947297 41.3874469546087))"
"04","Les Corts","19","les Corts","078","013","POLYGON ((427914.1075 4582208.6255, 427903.3405 4582223.1835, 427806.8285 4582149.3785, 427785.9815 4582133.8125, 427824.8075 4582085.7255, 427840.1895 4582068.8215, 427893.7515 4582005.6475, 427918.0835 4582034.1755, 427983.5235 4582109.7215, 427976.3575 4582121.6955, 427914.1075 4582208.6255))","POLYGON ((2.13779646558482 41.38817845451, 2.13766596522842 41.3883086077333, 2.13652052535685 41.3876352190877, 2.13627306377314 41.3874931510288, 2.13674312661463 41.3870635349257, 2.13692909763686 41.3869126672106, 2.13757717794024 41.3863484865872, 2.1378647735957 41.3866076078258, 2.13863840276773 41.3872938824951, 2.13855127868686 41.3874010860724, 2.13779646558482 41.38817845451))"
"04","Les Corts","19","les Corts","078","014","POLYGON ((428015.67 4582287.0404, 428008.0285 4582304.7335, 427979.5875 4582281.8355, 427903.3405 4582223.1835, 427926.1895 4582191.8555, 427976.3575 4582121.6955, 427986.8975 4582104.5135, 428005.5855 4582079.4815, 428036.8375 4582038.8555, 428063.7825 4582004.6165, 428111.4485 4582036.3915, 428134.9415 4582052.4975, 428176.0042 4582082.1502, 428168.1995 4582090.8115, 428137.0635 4582127.9755, 428105.3285 4582168.3055, 428088.7915 4582189.5175, 428074.5655 4582209.8615, 428015.67 4582287.0404))","POLYGON ((2.13900178246918 41.3888938021745, 2.13890829029306 41.3890524731233, 2.13857086849107 41.3888436937696, 2.13766596522842 41.3883086077333, 2.13794295528162 41.3880284963388, 2.13855127868686 41.3874010860724, 2.13867937260299 41.38724727812, 2.13890584306163 41.3870234973876, 2.1392844201138 41.3866603911157, 2.13961072652795 41.3863544236471, 2.14017700108196 41.3866448699653, 2.14045604819941 41.3867920296632, 2.1409436111865 41.387062767566, 2.14084924556202 41.3871400796797, 2.14047247226774 41.3874720205884, 2.1400881557009 41.3878324216101, 2.13988786467716 41.3880219916878, 2.13971531393475 41.3882039503052, 2.13900178246918 41.3888938021745))"
"04","Les Corts","19","les Corts","078","015","POLYGON ((427986.8975 4582104.5135, 427983.5235 4582109.7215, 427918.0835 4582034.1755, 427893.7515 4582005.6475, 427929.2795 4581964.2275, 427961.6995 4581925.7905, 427992.2615 4581890.4255, 428017.1875 4581892.5275, 428040.1575 4581893.7575, 428061.1895 4581894.2055, 428153.5005 4581893.3515, 428136.3275 4581914.9795, 428104.6155 4581953.1135, 428067.2835 4582000.1475, 428036.8375 4582038.8555, 428005.5855 4582079.4815, 427986.8975 4582104.5135))","POLYGON ((2.13867937260299 41.38724727812, 2.13863840276773 41.3872938824951, 2.1378647735957 41.3866076078258, 2.13757717794024 41.3863484865872, 2.13800698980937 41.3859786165285, 2.1383992734996 41.385635333209, 2.13876896820555 41.385319550505, 2.13906680752633 41.385340713151, 2.13934135887783 41.3853538462956, 2.13959282671698 41.3853597623097, 2.14069687271607 41.3853603202237, 2.14048893587933 41.3855535814707, 2.1401051665371 41.3858942063014, 2.13965312614088 41.3863144861508, 2.1392844201138 41.3866603911157, 2.13890584306163 41.3870234973876, 2.13867937260299 41.38724727812))"
"04","Les Corts","19","les Corts","078","016","POLYGON ((428227.0635 4582022.3525, 428176.0042 4582082.1502, 428134.9415 4582052.4975, 428111.4485 4582036.3915, 428063.7825 4582004.6165, 428104.6155 4581953.1135, 428136.3275 4581914.9795, 428153.5005 4581893.3515, 428242.6175 4581893.1615, 428287.8826 4581892.5017, 428316.4105 4581920.2512, 428227.0635 4582022.3525))","POLYGON ((2.14156132843497 41.386528749782, 2.1409436111865 41.387062767566, 2.14045604819941 41.3867920296632, 2.14017700108196 41.3866448699653, 2.13961072652795 41.3863544236471, 2.1401051665371 41.3858942063014, 2.14048893587933 41.3855535814707, 2.14069687271607 41.3853603202237, 2.14176264329785 41.3853665630457, 2.14230404579546 41.3853646568033, 2.14264192714752 41.385617128653, 2.14156132843497 41.386528749782))"
"04","Les Corts","19","les Corts","079","017","POLYGON ((428030.2255 4582313.7615, 428025.0775 4582318.3895, 428008.0285 4582304.7335, 428015.67 4582287.0404, 428074.5655 4582209.8615, 428088.7915 4582189.5175, 428137.0635 4582127.9755, 428168.1995 4582090.8115, 428176.0042 4582082.1502, 428227.0635 4582022.3525, 428316.4105 4581920.2512, 428326.6175 4582029.6615, 428343.5725 4582148.7489, 428323.1177 4582150.6478, 428284.4795 4582165.7435, 428271.9415 4582170.9015, 428259.2775 4582176.8595, 428279.5135 4582200.0795, 428164.3435 4582295.8275, 428155.1715 4582303.1165, 428150.1295 4582297.4395, 428108.6735 4582247.8235, 428043.3235 4582302.3875, 428030.2255 4582313.7615))","POLYGON ((2.13917268591283 41.3891357711676, 2.13911056768079 41.3891769931237, 2.13890829029306 41.3890524731233, 2.13900178246918 41.3888938021745, 2.13971531393475 41.3882039503052, 2.13988786467716 41.3880219916878, 2.14047247226774 41.3874720205884, 2.14084924556202 41.3871400796797, 2.1409436111865 41.387062767566, 2.14156132843497 41.386528749782, 2.14264192714752 41.385617128653, 2.14275104925443 41.3866034554251, 2.14293973170976 41.3876775410721, 2.14269487979933 41.3876928213556, 2.1422310027827 41.3878253387455, 2.14208044471909 41.3878706769659, 2.1419282848181 41.387923209044, 2.14216754711162 41.3881341472432, 2.14077881897034 41.3889862355574, 2.14066826066119 41.3890510655811, 2.14060863347154 41.3889994846748, 2.14011872308087 41.3885489084542, 2.1393306846659 41.3890345018179, 2.13917268591283 41.3891357711676))"
"04","Les Corts","19","les Corts","079","018","POLYGON ((428303.1875 4582483.3435, 428295.1955 4582485.0275, 428241.2025 4582231.9305, 428279.5135 4582200.0795, 428259.2775 4582176.8595, 428271.9415 4582170.9015, 428284.4795 4582165.7435, 428323.1177 4582150.6478, 428343.5725 4582148.7489, 428395.4725 4582410.9165, 428405.9975 4582461.5695, 428303.1875 4582483.3435))","POLYGON ((2.14241714819264 41.3906875080487, 2.14232136487367 41.390701962739, 2.14170559425361 41.388417600214, 2.14216754711162 41.3881341472432, 2.1419282848181 41.387923209044, 2.14208044471909 41.3878706769659, 2.1422310027827 41.3878253387455, 2.14269487979933 41.3876928213556, 2.14293973170976 41.3876775410721, 2.14352943491909 41.3900434067436, 2.14364932516978 41.3905005558919, 2.14241714819264 41.3906875080487))"
"04","Les Corts","19","les Corts","079","019","POLYGON ((428443.1103 4582689.6088, 428442.1378 4582691.4911, 427998.6658 4582547.5257, 428097.1895 4582527.1135, 428137.1075 4582518.1795, 428405.9975 4582461.5695, 428419.3035 4582519.9015, 428432.8885 4582569.1025, 428466.1795 4582670.0975, 428458.9675 4582673.4715, 428452.8455 4582677.8355, 428449.7215 4582680.7895, 428445.6315 4582685.7715, 428443.1103 4582689.6088))","POLYGON ((2.144066250011 41.3925577212616, 2.14405439621879 41.3925745878885, 2.13876745513521 41.3912383690523, 2.13994822646174 41.391063338227, 2.14042670642896 41.3909864407569, 2.14364932516978 41.3905005558919, 2.14380157032805 41.3910271142173, 2.14395823367506 41.3914714577211, 2.1443444691654 41.3923840426478, 2.14425781313543 41.3924137894834, 2.14418407678332 41.3924525497698, 2.14414636387326 41.3924788773978, 2.14409685768933 41.3925233844869, 2.144066250011 41.3925577212616))"
"04","Les Corts","19","les Corts","079","020","POLYGON ((428219.4155 4582500.7715, 428211.1215 4582502.5235, 428206.8055 4582482.4775, 428204.635 4582475.4446, 428202.0763 4582461.5577, 428200.0875 4582453.7186, 428196.3615 4582446.7475, 428192.2855 4582441.9455, 428186.3635 4582436.7555, 428089.3315 4582366.9255, 428056.9035 4582343.1075, 428025.0775 4582318.3895, 428043.3235 4582302.3875, 428108.6735 4582247.8235, 428150.1295 4582297.4395, 428155.1715 4582303.1165, 428164.3435 4582295.8275, 428241.2025 4582231.9305, 428295.1955 4582485.0275, 428281.2745 4582487.6455, 428219.4155 4582500.7715))","POLYGON ((2.14141317363014 41.3908370034701, 2.14131376990883 41.3908520428147, 2.14126452667154 41.3906711110323, 2.14123940122996 41.3906075746877, 2.14121044543869 41.3904822723637, 2.14118758879965 41.3904114910954, 2.14114385259532 41.3903483724803, 2.14109567336918 41.3903047588448, 2.14102546228339 41.3902574858074, 2.13987326233897 41.3896198849557, 2.13948826039263 41.3894024657158, 2.13911056768079 41.3891769931237, 2.1393306846659 41.3890345018179, 2.14011872308087 41.3885489084542, 2.14060863347154 41.3889994846748, 2.14066826066119 41.3890510655811, 2.14077881897034 41.3889862355574, 2.14170559425361 41.388417600214, 2.14232136487367 41.390701962739, 2.14215456031972 41.390724300874, 2.14141317363014 41.3908370034701))"
"04","Les Corts","19","les Corts","079","021","POLYGON ((428097.1895 4582527.1135, 427998.6658 4582547.5257, 427860.3595 4582500.8485, 427876.4075 4582480.333, 427898.9415 4582452.5375, 427921.8015 4582421.5915, 427946.5015 4582389.6375, 428008.0285 4582304.7335, 428025.0775 4582318.3895, 428056.9035 4582343.1075, 428089.3315 4582366.9255, 428186.3635 4582436.7555, 428192.2855 4582441.9455, 428194.4455 4582444.2435, 428198.0155 4582449.4335, 428200.0875 4582453.7186, 428202.0763 4582461.5577, 428204.635 4582475.4446, 428206.8055 4582482.4775, 428211.1215 4582502.5235, 428137.1075 4582518.1795, 428097.1895 4582527.1135))","POLYGON ((2.13994822646174 41.391063338227, 2.13876745513521 41.3912383690523, 2.13711886549728 41.3908055729508, 2.13731324182657 41.3906222371952, 2.13758605551652 41.3903739144629, 2.13786314092965 41.3900972449576, 2.13816234989059 41.3898116609212, 2.13890829029306 41.3890524731233, 2.13911056768079 41.3891769931237, 2.13948826039263 41.3894024657158, 2.13987326233897 41.3896198849557, 2.14102546228339 41.3902574858074, 2.14109567336918 41.3903047588448, 2.14112123429059 41.3903256488754, 2.14116331584905 41.3903727118955, 2.14118758879965 41.3904114910954, 2.14121044543869 41.3904822723637, 2.14123940122996 41.3906075746877, 2.14126452667154 41.3906711110323, 2.14131376990883 41.3908520428147, 2.14042670642896 41.3909864407569, 2.13994822646174 41.391063338227))"
"04","Les Corts","19","les Corts","080","022","POLYGON ((427876.4075 4582480.333, 427860.3595 4582500.8485, 427847.2155 4582496.1655, 427783.6015 4582475.0355, 427473.5815 4582374.0155, 427593.4875 4582210.4375, 427686.8355 4582081.8855, 427696.7715 4582067.3915, 427806.8285 4582149.3785, 427846.2935 4582179.4415, 427979.5875 4582281.8355, 428008.0285 4582304.7335, 427946.5015 4582389.6375, 427921.8015 4582421.5915, 427898.9415 4582452.5375, 427876.4075 4582480.333))","POLYGON ((2.13731324182657 41.3906222371952, 2.13711886549728 41.3908055729508, 2.13696222163785 41.3907622160265, 2.13620392064686 41.3905661974049, 2.13250820656736 41.3896284563165, 2.13396180297697 41.3881659778728, 2.13509354062271 41.3870165583935, 2.13521409766839 41.3868869098147, 2.13652052535685 41.3876352190877, 2.1369889215225 41.3879095256303, 2.13857086849107 41.3888436937696, 2.13890829029306 41.3890524731233, 2.13816234989059 41.3898116609212, 2.13786314092965 41.3900972449576, 2.13758605551652 41.3903739144629, 2.13731324182657 41.3906222371952))"
"04","Les Corts","19","les Corts","081","023","POLYGON ((427474.0843 4582658.7207, 427416.059 4582671.0273, 427424.5085 4582658.6155, 427433.3095 4582646.5295, 427450.3055 4582623.7015, 427485.8885 4582576.9435, 427377.8816 4582541.3208, 427363.0675 4582562.8455, 427323.2855 4582549.1855, 427271.8855 4582532.5045, 427337.1225 4582330.5505, 427407.8695 4582352.6255, 427783.6015 4582475.0355, 427847.2155 4582496.1655, 427860.3595 4582500.8485, 427998.6658 4582547.5257, 427474.0843 4582658.7207))","POLYGON ((2.13248012928157 41.3921927249484, 2.13178466031178 41.3922983308477, 2.1318872054744 41.3921873053934, 2.13199391525302 41.392079245903, 2.13219992491045 41.3918751768008, 2.13263110074848 41.3914572556121, 2.13134360266024 41.3911266716251, 2.1311638446603 41.3913191979849, 2.13068968964389 41.391192574282, 2.13007694812675 41.3910376892899, 2.13088140821048 41.3892246690588, 2.13172487230373 41.3894298775061, 2.13620392064686 41.3905661974049, 2.13696222163785 41.3907622160265, 2.13711886549728 41.3908055729508, 2.13876745513521 41.3912383690523, 2.13248012928157 41.3921927249484))"
"04","Les Corts","19","les Corts","081","024","POLYGON ((427274.2875 4582715.0552, 427265.4197 4582715.3533, 427257.879 4582713.2102, 427251.9586 4582710.739, 427246.5284 4582708.4477, 427241.7075 4582705.5552, 427236.289 4582701.4627, 427232.4773 4582697.5797, 427230.9955 4582687.4955, 427231.1695 4582684.0115, 427232.0875 4582679.9275, 427233.1115 4582677.3315, 427210.5521 4582656.8438, 427200.4828 4582645.3841, 427192.1452 4582634.0486, 427181.4836 4582618.2506, 427152.1753 4582556.8556, 427119.2519 4582484.9419, 427099.2858 4582430.2455, 427069.2153 4582322.5011, 427062.9865 4582297.1655, 427052.0075 4582295.2715, 427035.8285 4582290.3535, 427025.8837 4582286.7554, 427017.511 4582282.4093, 427009.9867 4582276.4471, 427003.6691 4582269.4805, 427001.8835 4582263.7112, 427014.7285 4582224.9875, 427049.4595 4582235.8015, 427149.5675 4582269.8915, 427337.1225 4582330.5505, 427271.8855 4582532.5045, 427323.2855 4582549.1855, 427363.0675 4582562.8455, 427377.8816 4582541.3208, 427485.8885 4582576.9435, 427450.3055 4582623.7015, 427433.3095 4582646.5295, 427424.5085 4582658.6155, 427416.059 4582671.0273, 427322.9655 4582690.7715, 427286.2958 4582709.0648, 427281.3741 4582712.5752, 427274.2875 4582715.0552))","POLYGON ((2.13008375609393 41.3926820646576, 2.12997765890668 41.392683947594, 2.12988772741237 41.3926639635966, 2.12981721461701 41.392641171033, 2.12975254318484 41.3926200430543, 2.1296952314094 41.3925935554038, 2.12963091640096 41.392556205761, 2.12958579402577 41.3925208883418, 2.12956928295195 41.3924299301017, 2.12957178263622 41.3923985669145, 2.12958325281259 41.3923618670933, 2.12959581198045 41.3923385786548, 2.12932845894201 41.3921520131224, 2.12920940572406 41.3920478890354, 2.12911104933571 41.3919450402093, 2.12898543444705 41.3918017890239, 2.12864228806799 41.3912461759371, 2.12825717684893 41.3905954967405, 2.12802496743424 41.3901010597603, 2.12767830271348 41.3891279250355, 2.12760685920523 41.3888991730837, 2.12747578305473 41.388881119006, 2.12728288144249 41.3888353572008, 2.1271643793857 41.3888020484659, 2.12706476918808 41.3887621453292, 2.12697550032116 41.388707763557, 2.12690078420576 41.3886444450145, 2.12688012449936 41.3885923213018, 2.12703841012752 41.3882447187269, 2.12745247185595 41.38834526646, 2.12864561193107 41.3886613736758, 2.13088140821048 41.3892246690588, 2.13007694812675 41.3910376892899, 2.13068968964389 41.391192574282, 2.1311638446603 41.3913191979849, 2.13134360266024 41.3911266716251, 2.13263110074848 41.3914572556121, 2.13219992491045 41.3918751768008, 2.13199391525302 41.392079245903, 2.1318872054744 41.3921873053934, 2.13178466031178 41.3922983308477, 2.13066887280376 41.392467751742, 2.13022809796426 41.3926291973928, 2.13016881160088 41.392660369112, 2.13008375609393 41.3926820646576))"
"04","Les Corts","19","les Corts","082","025","POLYGON ((427567.8505 4582245.2895, 427548.9015 4582271.2705, 427532.5075 4582251.5235, 427470.8455 4582168.0395, 427468.7715 4582165.6295, 427466.4125 4582163.6255, 427426.8475 4582109.6295, 427452.0085 4582074.3815, 427495.3895 4582015.0385, 427598.9055 4582090.6215, 427642.9105 4582028.6275, 427659.6075 4582041.0335, 427680.6735 4582055.5435, 427696.7715 4582067.3915, 427686.8355 4582081.8855, 427593.4875 4582210.4375, 427567.8505 4582245.2895))","POLYGON ((2.13365103090472 41.3884775677072, 2.13342130252158 41.3887098615675, 2.13322759975742 41.388530531506, 2.13250014669089 41.3877730673109, 2.13247563146512 41.3877511744082, 2.13244765922009 41.3877329124795, 2.13198095487526 41.3872430237706, 2.13228608368996 41.3869278288602, 2.13281198942118 41.3863972615051, 2.13404091908965 41.3870873307885, 2.13457459114556 41.3865329349246, 2.13477279203011 41.3866461725335, 2.13502299223996 41.3867787524923, 2.13521409766839 41.3868869098147, 2.13509354062271 41.3870165583935, 2.13396180297697 41.3881659778728, 2.13365103090472 41.3884775677072))"
"04","Les Corts","19","les Corts","082","026","POLYGON ((427642.9105 4582028.6275, 427598.9055 4582090.6215, 427495.3895 4582015.0385, 427376.5332 4581927.615, 427408.2723 4581839.0345, 427455.0475 4581879.6095, 427525.7295 4581939.4655, 427576.842 4581979.3724, 427642.9105 4582028.6275))","POLYGON ((2.13457459114556 41.3865329349246, 2.13404091908965 41.3870873307885, 2.13281198942118 41.3863972615051, 2.13140105038365 41.385599151936, 2.13179123114161 41.3848042076172, 2.13234575023105 41.3851738697763, 2.13318387018559 41.3857193397063, 2.13379035497266 41.3860833684307, 2.13457459114556 41.3865329349246))"
"04","Les Corts","19","les Corts","082","027","POLYGON ((427489.2375 4582352.8695, 427473.5815 4582374.0155, 427407.8695 4582352.6255, 427337.1225 4582330.5505, 427248.5265 4582302.0435, 427271.5515 4582234.2195, 427300.1495 4582151.5795, 427303.7315 4582139.7535, 427319.2675 4582096.0455, 427338.3835 4582040.3575, 427376.5332 4581927.615, 427495.3895 4582015.0385, 427452.0085 4582074.3815, 427426.8475 4582109.6295, 427466.4125 4582163.6255, 427468.7715 4582165.6295, 427470.8455 4582168.0395, 427532.5075 4582251.5235, 427548.9015 4582271.2705, 427489.2375 4582352.8695))","POLYGON ((2.13269797942794 41.3894394144096, 2.13250820656736 41.3896284563165, 2.13172487230373 41.3894298775061, 2.13088140821048 41.3892246690588, 2.12982525492519 41.3889599099259, 2.13010876771304 41.3883511292331, 2.13046070277186 41.3876094097661, 2.13050496030912 41.387503221539, 2.13069600435192 41.3871109652806, 2.13093129683233 41.3866111330399, 2.13140105038365 41.385599151936, 2.13281198942118 41.3863972615051, 2.13228608368996 41.3869278288602, 2.13198095487526 41.3872430237706, 2.13244765922009 41.3877329124795, 2.13247563146512 41.3877511744082, 2.13250014669089 41.3877730673109, 2.13322759975742 41.388530531506, 2.13342130252158 41.3887098615675, 2.13269797942794 41.3894394144096))"
"04","Les Corts","19","les Corts","083","028","POLYGON ((427256.9775 4582277.3205, 427248.5265 4582302.0435, 427149.5675 4582269.8915, 427109.3395 4582256.1925, 427121.9785 4582210.3175, 427145.6855 4582164.4075, 427203.3915 4582050.3555, 427231.0575 4581998.1935, 427238.7715 4581982.9415, 427249.1435 4581960.1655, 427258.7735 4581937.9355, 427280.0915 4581887.0965, 427349.9955 4581915.4675, 427376.5332 4581927.615, 427338.3835 4582040.3575, 427319.2675 4582096.0455, 427303.7315 4582139.7535, 427300.1495 4582151.5795, 427271.5515 4582234.2195, 427256.9775 4582277.3205))","POLYGON ((2.12992929438607 41.3887380043624, 2.12982525492519 41.3889599099259, 2.12864561193107 41.3886613736758, 2.1281661519535 41.3885343481018, 2.12832282730331 41.3881223162282, 2.12861187110605 41.3877109713651, 2.12931570339317 41.3866889762056, 2.12965283152723 41.3862216775508, 2.12974691576265 41.3860850067747, 2.1298736902391 41.3858808106944, 2.12999152478226 41.385681464966, 2.13025256880126 41.3852255060747, 2.13108514299881 41.3854873481496, 2.13140105038365 41.385599151936, 2.13093129683233 41.3866111330399, 2.13069600435192 41.3871109652806, 2.13050496030912 41.387503221539, 2.13046070277186 41.3876094097661, 2.13010876771304 41.3883511292331, 2.12992929438607 41.3887380043624))"
"04","Les Corts","19","les Corts","083","029","POLYGON ((427121.9785 4582210.3175, 427109.3395 4582256.1925, 427049.4595 4582235.8015, 427014.7285 4582224.9875, 427021.5515 4582203.6335, 427022.9895 4582200.3755, 427025.2255 4582197.8975, 427028.4795 4582195.7615, 427032.2635 4582194.5335, 427038.0405 4582193.2265, 427027.3975 4582128.4875, 427026.4825 4582121.2345, 427025.4425 4582107.1845, 427023.6545 4582077.1095, 427022.2045 4582030.1245, 427022.9705 4581963.7865, 427026.8025 4581912.1745, 427027.5095 4581908.3345, 427033.2035 4581860.1355, 427038.4995 4581834.7175, 427062.9705 4581727.6085, 427166.1015 4581770.6835, 427189.7925 4581780.1545, 427169.3255 4581842.1175, 427280.0915 4581887.0965, 427258.7735 4581937.9355, 427249.1435 4581960.1655, 427238.7715 4581982.9415, 427231.0575 4581998.1935, 427203.3915 4582050.3555, 427145.6855 4582164.4075, 427121.9785 4582210.3175))","POLYGON ((2.12832282730331 41.3881223162282, 2.1281661519535 41.3885343481018, 2.12745247185595 41.38834526646, 2.12703841012752 41.3882447187269, 2.12712258204342 41.3880530112158, 2.12714017217821 41.388023798231, 2.1271672119477 41.388001682773, 2.12720638518266 41.3879827399098, 2.12725178751132 41.3879720230877, 2.1273210344405 41.3879607755039, 2.12720154878474 41.3873767328619, 2.12719147970213 41.3873113251033, 2.12718073448418 41.3871846882514, 2.12716297416009 41.3869136530232, 2.12715129313598 41.3864903470914, 2.12716844465738 41.3858929377024, 2.12722048814643 41.3854284373705, 2.12722940562432 41.3853939162082, 2.12730330457044 41.3849603241724, 2.12736969957966 41.3847318750466, 2.1276752374014 41.3837694071986, 2.1289033664148 41.3841667094712, 2.12918554229485 41.3842541553937, 2.12893333464785 41.3848103782789, 2.13025256880126 41.3852255060747, 2.12999152478226 41.385681464966, 2.1298736902391 41.3858808106944, 2.12974691576265 41.3860850067747, 2.12965283152723 41.3862216775508, 2.12931570339317 41.3866889762056, 2.12861187110605 41.3877109713651, 2.12832282730331 41.3881223162282))"
"04","Les Corts","19","les Corts","083","030","POLYGON ((427387.1055 4581898.2175, 427376.5332 4581927.615, 427349.9955 4581915.4675, 427169.3255 4581842.1175, 427189.7925 4581780.1545, 427166.1015 4581770.6835, 427062.9705 4581727.6085, 427098.2855 4581572.8715, 427117.7745 4581590.6285, 427207.4775 4581667.7765, 427226.2635 4581683.1655, 427289.1695 4581737.1375, 427308.6395 4581753.2455, 427408.2723 4581839.0345, 427399.9515 4581861.6895, 427387.1055 4581898.2175))","POLYGON ((2.13153100771169 41.3853353348512, 2.13140105038365 41.385599151936, 2.13108514299881 41.3854873481496, 2.12893333464785 41.3848103782789, 2.12918554229485 41.3842541553937, 2.1289033664148 41.3841667094712, 2.1276752374014 41.3837694071986, 2.12811617371237 41.3823789549347, 2.12834709498251 41.3825406507295, 2.12941053326622 41.3832436126461, 2.1296333383336 41.3833839146707, 2.13037912795695 41.3838757065111, 2.13061003076161 41.3840225442332, 2.13179123114161 41.3848042076172, 2.13168900933344 41.3850075012424, 2.13153100771169 41.3853353348512))"
"04","Les Corts","19","les Corts","084","031","POLYGON ((427409.2655 4581836.3295, 427408.2723 4581839.0345, 427308.6395 4581753.2455, 427289.1695 4581737.1375, 427259.3035 4581711.4735, 427268.1195 4581693.5735, 427308.0475 4581599.7505, 427318.5835 4581603.7975, 427366.078 4581619.5614, 427378.0615 4581626.2425, 427471.6785 4581658.6675, 427458.1155 4581697.0155, 427431.3555 4581774.7455, 427409.2655 4581836.3295))","POLYGON ((2.13180343275174 41.384779934387, 2.13179123114161 41.3848042076172, 2.13061003076161 41.3840225442332, 2.13037912795695 41.3838757065111, 2.13002505136566 41.3836418613985, 2.1301326272457 41.3834814403709, 2.13062136575531 41.382640022919, 2.13074687449475 41.382677424508, 2.1313129455946 41.3828236928706, 2.13145544930723 41.3828849486602, 2.13257108644529 41.3831854327443, 2.13240430158544 41.3835295951196, 2.13207497956295 41.3842272648718, 2.13180343275174 41.384779934387))"
"04","Les Corts","19","les Corts","084","032","POLYGON ((427477.4435 4581642.2615, 427471.6785 4581658.6675, 427378.0615 4581626.2425, 427404.6115 4581546.9715, 427441.1235 4581436.4135, 427454.8261 4581396.0464, 427551.2241 4581432.8891, 427509.6495 4581551.7535, 427496.0015 4581589.3875, 427477.4435 4581642.2615))","POLYGON ((2.13264199107799 41.3830381901017, 2.13257108644529 41.3831854327443, 2.13145544930723 41.3828849486602, 2.13178244426041 41.3821733823947, 2.13223230608001 41.3811809238425, 2.13240099668998 41.380818588875, 2.1335493307116 41.3811591025123, 2.13303795489904 41.3822259227623, 2.13287024399373 41.3825636475431, 2.13264199107799 41.3830381901017))"
"04","Les Corts","19","les Corts","084","033","POLYGON ((427382.0915 4581614.2365, 427378.0615 4581626.2425, 427366.078 4581619.5614, 427318.5835 4581603.7975, 427308.0475 4581599.7505, 427346.0855 4581510.0995, 427365.9755 4581461.5535, 427378.3275 4581433.1895, 427402.548 4581376.0661, 427454.8261 4581396.0464, 427441.1235 4581436.4135, 427382.0915 4581614.2365))","POLYGON ((2.13150508086351 41.3827771791656, 2.13145544930723 41.3828849486602, 2.1313129455946 41.3828236928706, 2.13074687449475 41.382677424508, 2.13062136575531 41.382640022919, 2.13108699013478 41.3818360080206, 2.13133065952833 41.3814005693451, 2.13148176659062 41.3811462210327, 2.13177824277681 41.3806339189077, 2.13240099668998 41.380818588875, 2.13223230608001 41.3811809238425, 2.13150508086351 41.3827771791656))"
"04","Les Corts","19","les Corts","084","034","POLYGON ((427262.3725 4581705.4235, 427259.3035 4581711.4735, 427226.2635 4581683.1655, 427207.4775 4581667.7765, 427117.7745 4581590.6285, 427098.2855 4581572.8715, 427103.9695 4581547.9655, 427133.8535 4581433.8215, 427152.2935 4581361.0125, 427181.7427 4581239.8343, 427247.4241 4581284.6539, 427241.3095 4581304.0675, 427200.3855 4581466.9255, 427298.3275 4581510.4235, 427307.6935 4581511.8915, 427340.0165 4581524.2845, 427282.8755 4581659.1755, 427268.1195 4581693.5735, 427262.3725 4581705.4235))","POLYGON ((2.13006247866166 41.3835876489688, 2.13002505136566 41.3836418613985, 2.1296333383336 41.3833839146707, 2.12941053326622 41.3832436126461, 2.12834709498251 41.3825406507295, 2.12811617371237 41.3823789549347, 2.12818714134809 41.3821551517155, 2.12855822992546 41.3811298098646, 2.12878749078544 41.3804757182539, 2.12915420586784 41.3793869804023, 2.12993423345231 41.3797965941312, 2.12985878480229 41.3799708918051, 2.12934985346822 41.3814339869397, 2.13051584694044 41.3818346120906, 2.13062767223912 41.3818486800522, 2.13101271434681 41.3819632185978, 2.13031321639632 41.3831729652934, 2.1301326272457 41.3834814403709, 2.13006247866166 41.3835876489688))"
"04","Les Corts","19","les Corts","084","035","POLYGON ((427346.0855 4581510.0995, 427340.0165 4581524.2845, 427307.6935 4581511.8915, 427298.3275 4581510.4235, 427200.3855 4581466.9255, 427241.3095 4581304.0675, 427247.4241 4581284.6539, 427323.4575 4581336.5375, 427393.2475 4581372.5115, 427402.548 4581376.0661, 427378.3275 4581433.1895, 427365.9755 4581461.5535, 427346.0855 4581510.0995))","POLYGON ((2.13108699013478 41.3818360080206, 2.13101271434681 41.3819632185978, 2.13062767223912 41.3818486800522, 2.13051584694044 41.3818346120906, 2.12934985346822 41.3814339869397, 2.12985878480229 41.3799708918051, 2.12993423345231 41.3797965941312, 2.13083721292729 41.3802707604008, 2.13166745253989 41.3806010648076, 2.13177824277681 41.3806339189077, 2.13148176659062 41.3811462210327, 2.13133065952833 41.3814005693451, 2.13108699013478 41.3818360080206))"
"04","Les Corts","20","la Maternitat i Sant Ramon","085","036","POLYGON ((427103.9695 4581547.9655, 427098.2855 4581572.8715, 427040.6355 4581520.5675, 427005.2455 4581489.2195, 426978.4055 4581464.9175, 426926.6875 4581422.5615, 426880.4555 4581386.1505, 426909.8195 4581360.7655, 426966.1715 4581315.6335, 426977.3325 4581305.4665, 426988.3235 4581314.0975, 427040.3535 4581356.6635, 427133.8535 4581433.8215, 427103.9695 4581547.9655))","POLYGON ((2.12818714134809 41.3821551517155, 2.12811617371237 41.3823789549347, 2.12743307027425 41.381902648273, 2.12701364226232 41.3816170996045, 2.12669561141508 41.3813957858996, 2.12608226462403 41.3810096072652, 2.12553380970371 41.3806774681571, 2.12588800808359 41.3804515038157, 2.12656730597112 41.3800501352773, 2.12670199378553 41.3799595782252, 2.12683238368241 41.3800383115509, 2.12744943157516 41.3804264058819, 2.12855822992546 41.3811298098646, 2.12818714134809 41.3821551517155))"
"04","Les Corts","20","la Maternitat i Sant Ramon","085","037","POLYGON ((427152.2935 4581361.0125, 427133.8535 4581433.8215, 426988.3235 4581314.0975, 426966.0095 4581296.5735, 426908.7585 4581248.7075, 426898.2695 4581241.4445, 426909.4705 4581226.3675, 426937.0975 4581191.0535, 426964.7095 4581155.0975, 426999.398 4581111.4376, 427049.3695 4581149.5055, 427181.7427 4581239.8343, 427152.2935 4581361.0125))","POLYGON ((2.12878749078544 41.3804757182539, 2.12855822992546 41.3811298098646, 2.12683238368241 41.3800383115509, 2.12656766574702 41.379878454891, 2.12588883555902 41.3794421467037, 2.12576428581798 41.3793757789501, 2.12590004378764 41.379241004084, 2.12623465938003 41.3789254542705, 2.12656916972733 41.3786041198387, 2.1269892228764 41.37821404048, 2.12758218116525 41.3785614347283, 2.12915420586784 41.3793869804023, 2.12878749078544 41.3804757182539))"
"04","Les Corts","20","la Maternitat i Sant Ramon","085","038","POLYGON ((426909.4705 4581226.3675, 426905.8405 4581231.1645, 426815.3425 4581159.3555, 426894.46 4581031.4966, 426999.398 4581111.4376, 426964.7095 4581155.0975, 426937.0975 4581191.0535, 426909.4705 4581226.3675))","POLYGON ((2.12590004378764 41.379241004084, 2.12585605839923 41.3792838789676, 2.12478257168434 41.3786288986174, 2.12574405659752 41.377484517262, 2.1269892228764 41.37821404048, 2.12656916972733 41.3786041198387, 2.12623465938003 41.3789254542705, 2.12590004378764 41.379241004084))"
"04","Les Corts","20","la Maternitat i Sant Ramon","085","039","POLYGON ((426891.4495 4581376.6455, 426880.4555 4581386.1505, 426857.7035 4581367.5335, 426840.6385 4581351.9575, 426787.5115 4581306.4955, 426754.0155 4581278.2715, 426743.2635 4581269.7235, 426582.4815 4581130.9465, 426619.3105 4581070.2645, 426724.1095 4581141.2745, 426742.8855 4581102.3835, 426750.8795 4581108.3515, 426905.8405 4581231.1645, 426898.2695 4581241.4445, 426908.7585 4581248.7075, 426966.0095 4581296.5735, 426977.3325 4581305.4665, 426966.1715 4581315.6335, 426909.8195 4581360.7655, 426891.4495 4581376.6455))","POLYGON ((2.12566642338282 41.3805928595403, 2.12553380970371 41.3806774681571, 2.12526398673372 41.3805077245138, 2.12506180322559 41.3803658864, 2.12443200231745 41.3799515965087, 2.12403487066607 41.3796943460542, 2.12390733277609 41.3796163789, 2.12200153482439 41.3783518177724, 2.12244926938106 41.3778086394957, 2.12369382200327 41.3784577475187, 2.12392303971424 41.3781091818226, 2.12401790743934 41.3781636608901, 2.12585605839923 41.3792838789676, 2.12576428581798 41.3793757789501, 2.12588883555902 41.3794421467037, 2.12656766574702 41.379878454891, 2.12670199378553 41.3799595782252, 2.12656730597112 41.3800501352773, 2.12588800808359 41.3804515038157, 2.12566642338282 41.3805928595403))"
"04","Les Corts","20","la Maternitat i Sant Ramon","085","040","POLYGON ((426823.1495 4581146.7675, 426815.3425 4581159.3555, 426750.8795 4581108.3515, 426742.8855 4581102.3835, 426760.6775 4581065.4185, 426686.6935 4581015.1095, 426662.8935 4580998.5425, 426723.1298 4580899.1555, 426835.883500001 4580986.8735, 426894.46 4581031.4966, 426853.8975 4581096.6715, 426823.1495 4581146.7675))","POLYGON ((2.12487744524311 41.3785162336569, 2.12478257168434 41.3786288986174, 2.12401790743934 41.3781636608901, 2.12392303971424 41.3781091818226, 2.12414025601078 41.3777778727604, 2.12326167538815 41.3773180230437, 2.12297909274417 41.3771666421678, 2.1237113786017 41.3762769914519, 2.12504901563203 41.3770772913064, 2.12574405659752 41.377484517262, 2.12525116564502 41.3780678350338, 2.12487744524311 41.3785162336569))"
"04","Les Corts","20","la Maternitat i Sant Ramon","085","041","POLYGON ((426733.1595 4581122.5935, 426724.1095 4581141.2745, 426619.3105 4581070.2645, 426582.4815 4581130.9465, 426535.2163 4581090.7661, 426538.9902 4581074.5839, 426542.4563 4581057.3992, 426546.486 4581044.6595, 426551.5674 4581019.0979, 426552.1384 4581010.1078, 426549.1549175 4580919.5301505, 426686.6935 4581015.1095, 426760.6775 4581065.4185, 426733.1595 4581122.5935))","POLYGON ((2.12380429707338 41.3782903194957, 2.12369382200327 41.3784577475187, 2.12244926938106 41.3778086394957, 2.12200153482439 41.3783518177724, 2.12144122543638 41.3779856157373, 2.12148831343166 41.3778402139169, 2.12153184219092 41.3776857548713, 2.12158157128479 41.3775713815238, 2.12164542963131 41.3773416225987, 2.12165334674252 41.3772607046047, 2.12162864825823 41.3764446368045, 2.12326167538815 41.3773180230437, 2.12414025601078 41.3777778727604, 2.12380429707338 41.3782903194957))"
"04","Les Corts","20","la Maternitat i Sant Ramon","085","042","POLYGON ((426666.1735 4580993.1285, 426662.8935 4580998.5425, 426549.1549175 4580919.5301505, 426547.9383 4580882.594, 426551.4052 4580866.9344, 426561.5477685 4580836.135219, 426638.1425 4580833.0385, 426723.1298 4580899.1555, 426666.1735 4580993.1285))","POLYGON ((2.12301896810985 41.3771181794107, 2.12297909274417 41.3771666421678, 2.12162864825823 41.3764446368045, 2.12161857672917 41.3761118570712, 2.1216619287239 41.375971133937, 2.12178693683706 41.3756946640323, 2.1227031659613 41.3756737593579, 2.1237113786017 41.3762769914519, 2.12301896810985 41.3771181794107))"
"04","Les Corts","20","la Maternitat i Sant Ramon","086","043","POLYGON ((426028.6224 4581446.4796, 426013.9095 4581451.6895, 425988.8815 4581387.2535, 425969.6075 4581349.0655, 425954.0675 4581326.1915, 425932.0975 4581299.9155, 425909.9775 4581279.1755, 425890.3855 4581263.9795, 425862.7095 4581246.3635, 425889.6055 4581223.0395, 425918.8075 4581199.6875, 425952.7455 4581178.9935, 425981.1295 4581167.8535, 426015.1335 4581157.0955, 426042.4855 4581148.9375, 426058.3015 4581143.4435, 426072.2615 4581135.9215, 426083.7375 4581126.7435, 426095.1075 4581112.9815, 426101.9135 4581101.0345, 426212.6015 4581172.9925, 426390.685228 4580973.7137485, 426502.8548 4581060.2265, 426535.2163 4581090.7661, 426525.175 4581100.641, 426485.489927 4581149.2824625, 426475.745783 4581159.4787685, 426446.7121 4581185.8546, 426408.6331 4581208.9382, 426382.254279 4581229.257501, 426373.544527 4581239.798877, 426367.5255 4581246.5105, 426358.2995 4581260.6025, 426338.6005 4581305.5165, 426329.5745 4581344.6845, 426326.2321 4581386.0812, 426317.2042 4581383.3596, 426307.0548 4581386.4475, 426300.388 4581393.8436, 426297.9078 4581399.3864, 426297.895 4581404.4284, 426076.3352 4581443.0313, 426044.5315 4581443.3266, 426028.6224 4581446.4796))","POLYGON ((2.11534018761143 41.3811429631745, 2.11516361290787 41.3811885336765, 2.11487219447881 41.3806058848447, 2.11464638061765 41.3802601690129, 2.11446334879836 41.3800527229068, 2.11420384475701 41.3798140443063, 2.11394187214446 41.3796252116562, 2.11370945243112 41.3794865436496, 2.11338066300747 41.3793253344968, 2.11370513165461 41.3791177430812, 2.11405717613786 41.3789101108477, 2.11446552517127 41.3787268528, 2.11480629236246 41.3786291311407, 2.11521421386244 41.378535365724, 2.11554227481366 41.3784644045622, 2.11573206697458 41.3784163759817, 2.11589991289899 41.3783499112432, 2.11603825777088 41.3782683031983, 2.11617589375901 41.3781453991221, 2.11625873366517 41.3780384226745, 2.11757353124814 41.3786966753445, 2.11972720235628 41.3769181658772, 2.12105796417194 41.3777076030836, 2.12144122543638 41.3779856157373, 2.12131995886207 41.378073638048, 2.12083952161077 41.3785081067716, 2.12072176755629 41.3785990503444, 2.12037139131849 41.3788339529755, 2.11991325063923 41.3790383755414, 2.1195953511289 41.3792189699268, 2.11948992119302 41.3793131147356, 2.11941713144631 41.3793730127097, 2.11930509635606 41.379499089069, 2.11906407992129 41.3799018072992, 2.11895138648936 41.3802537504833, 2.11890638554237 41.3806262869194, 2.11879876049076 41.3806009479295, 2.11867701814141 41.3806278298144, 2.11859639682753 41.3806938326968, 2.11856606436419 41.380743527147, 2.11856529809508 41.3807889371178, 2.11591116373072 41.3811162910031, 2.11553081534343 41.3811160279559, 2.11534018761143 41.3811429631745))"
"04","Les Corts","20","la Maternitat i Sant Ramon","086","044","POLYGON ((426390.685228 4580973.7137485, 426212.6015 4581172.9925, 426101.9135 4581101.0345, 426105.1355 4581094.1095, 426112.0475 4581072.9455, 426191.9625705 4580849.844848, 426228.3402 4580848.5104, 426390.685228 4580973.7137485))","POLYGON ((2.11972720235628 41.3769181658772, 2.11757353124814 41.3786966753445, 2.11625873366517 41.3780384226745, 2.11629810520739 41.3779763480515, 2.11638333582055 41.3777863676608, 2.1173660881213 41.375784328578, 2.11780122317224 41.3757756453956, 2.11972720235628 41.3769181658772))"
"04","Les Corts","20","la Maternitat i Sant Ramon","086","045","POLYGON ((426102.3775 4581100.1005, 426101.9135 4581101.0345, 426071.0065 4581080.4165, 425994.6885 4581030.7735, 425977.2185 4581018.9335, 425956.7055 4581005.6835, 425942.3885 4580994.6585, 425930.6725 4580983.4445, 425920.6355 4580972.1145, 425913.5005 4580962.6305, 425904.5975 4580948.4655, 425899.9665 4580938.086448, 425894.018 4580923.5665, 425890.127811 4580912.560055, 425894.9094725 4580908.384506, 425908.0409 4580881.6035, 426140.5025 4580993.2735, 426112.0475 4581072.9455, 426105.1355 4581094.1095, 426102.3775 4581100.1005))","POLYGON ((2.11626439584887 41.378030053148, 2.11625873366517 41.3780384226745, 2.11589167646149 41.3778498862095, 2.11498516412359 41.3773957578093, 2.1147777137703 41.3772875131646, 2.11453405001128 41.3771662888953, 2.11436420314785 41.3770656739824, 2.11422548097716 41.3769635959954, 2.11410684977848 41.3768606276485, 2.11402269344025 41.3767745524884, 2.11391796903744 41.3766461547298, 2.11386386366206 41.3765522486646, 2.11379451101688 41.3764209259832, 2.11374934075916 41.3763214374263, 2.11380702668638 41.3762842704042, 2.11396731569329 41.3760442745501, 2.11673329549243 41.3770714081951, 2.11638333582055 41.3777863676608, 2.11629810520739 41.3779763480515, 2.11626439584887 41.378030053148))"
"04","Les Corts","20","la Maternitat i Sant Ramon","086","046","POLYGON ((425889.6055 4581223.0395, 425862.7095 4581246.3635, 425838.1955 4581231.0155, 425834.2055 4581228.0895, 425829.1935 4581223.6575, 425820.7315 4581214.1855, 425818.0635 4581210.6215, 425717.0985 4581059.1455, 425883.6125 4580948.2905, 425899.9665 4580938.086448, 425904.5975 4580948.4655, 425913.5005 4580962.6305, 425920.6355 4580972.1145, 425930.6725 4580983.4445, 425942.3885 4580994.6585, 425956.7055 4581005.6835, 425977.2185 4581018.9335, 425994.6885 4581030.7735, 426071.0065 4581080.4165, 426101.9135 4581101.0345, 426095.1075 4581112.9815, 426083.7375 4581126.7435, 426072.2615 4581135.9215, 426058.3015 4581143.4435, 426042.4855 4581148.9375, 426015.1335 4581157.0955, 425981.1295 4581167.8535, 425952.7455 4581178.9935, 425918.8075 4581199.6875, 425889.6055 4581223.0395))","POLYGON ((2.11370513165461 41.3791177430812, 2.11338066300747 41.3793253344968, 2.11308940809355 41.3791848427402, 2.11304205472253 41.3791581217795, 2.11298266488425 41.3791177427106, 2.11288263781438 41.3790316524927, 2.11285117083776 41.3789993071404, 2.11166242526133 41.3776257148803, 2.11366706667248 41.3766426460719, 2.11386386366206 41.3765522486646, 2.11391796903744 41.3766461547298, 2.11402269344025 41.3767745524884, 2.11410684977848 41.3768606276485, 2.11422548097716 41.3769635959954, 2.11436420314785 41.3770656739824, 2.11453405001128 41.3771662888953, 2.1147777137703 41.3772875131646, 2.11498516412359 41.3773957578093, 2.11589167646149 41.3778498862095, 2.11625873366517 41.3780384226745, 2.11617589375901 41.3781453991221, 2.11603825777088 41.3782683031983, 2.11589991289899 41.3783499112432, 2.11573206697458 41.3784163759817, 2.11554227481366 41.3784644045622, 2.11521421386244 41.378535365724, 2.11480629236246 41.3786291311407, 2.11446552517127 41.3787268528, 2.11405717613786 41.3789101108477, 2.11370513165461 41.3791177430812))"
"04","Les Corts","20","la Maternitat i Sant Ramon","086","047","POLYGON ((425800.5745 4581691.8455, 425758.4525 4581816.6145, 425226.7335 4581641.8795, 425115.2211 4581607.1626, 424889.5259705 4581534.102518, 424891.2154455 4581528.1249645, 424907.6791455 4581480.2220645, 424957.8734455 4581406.8319645, 424962.1614455 4581401.7999645, 424967.3729 4581396.6962, 425010.7643 4581361.0931, 425017.284 4581359.988, 425028.471 4581357.142, 425040.969 4581352.479, 425050.128 4581348.071, 425055.8378 4581344.8657, 425060.344 4581341.997, 425067.586 4581336.686, 425082.75 4581322.93, 425203.1376 4581203.3351, 425243.9854 4581242.5548, 425423.21 4581118.7748, 425430.48 4581104.377, 425437.249 4581092.852, 425443.609 4581083.246, 425452.976 4581070.656, 425464.269 4581056.815, 425471.9889 4581046.376, 425479.11 4581035.433, 425487.515 4581020.962, 425492.736 4581010.788, 425499.227 4580996.118, 425504.412 4580982.463, 425508.719 4580969.609, 425512.392 4580955.497, 425514.466 4580945.27, 425517.281 4580928.299, 425519.1455 4580907.2204, 425519.4767 4580897.2132, 425518.1679 4580874.5618, 426191.9625705 4580849.844848, 426140.5025 4580993.2735, 425908.0409 4580881.6035, 425894.9094725 4580908.384506, 425890.127811 4580912.560055, 425894.018 4580923.5665, 425899.9665 4580938.086448, 425883.6125 4580948.2905, 425717.0985 4581059.1455, 425818.0635 4581210.6215, 425825.5995 4581219.8455, 425829.1935 4581223.6575, 425834.2055 4581228.0895, 425838.1955 4581231.0155, 425890.3855 4581263.9795, 425909.9775 4581279.1755, 425932.0975 4581299.9155, 425954.0675 4581326.1915, 425969.6075 4581349.0655, 425988.8815 4581387.2535, 426013.9095 4581451.6895, 425995.0474 4581462.5544, 425957.508500001 4581488.0695, 425926.2685 4581513.0885, 425886.6935 4581551.0185, 425865.6025 4581574.5255, 425850.6975 4581593.0585, 425826.2485 4581630.4815, 425807.4135 4581673.2335, 425800.5745 4581691.8455))","POLYGON ((2.11258311995389 41.3833318666351, 2.11206411572279 41.3844517192941, 2.10572701024737 41.3828287172777, 2.10439779134747 41.38250566666, 2.10170791088076 41.381826610197, 2.10172885486319 41.3817729308978, 2.10193166699899 41.3813430286855, 2.10254098425915 41.3806867213855, 2.10259288321994 41.380641800419, 2.10265583364421 41.3805963191953, 2.1031791127219 41.3802797038507, 2.10325721152537 41.3802703583329, 2.10339133687551 41.3802457681816, 2.10354136369622 41.38020493513, 2.10365143135666 41.3801660875265, 2.10372010497865 41.3801377507183, 2.10377434439781 41.3801123333701, 2.10386160014831 41.3800651741114, 2.10404463004727 41.3799426922109, 2.10549896908777 41.3788767556764, 2.10598257611531 41.3792337856898, 2.10814092936044 41.3781355858996, 2.10822963214307 41.3780065851087, 2.10831199044752 41.377903411845, 2.10838922182045 41.3778174841985, 2.10850277612775 41.3777049595197, 2.10863951392974 41.3775813459255, 2.10873310782448 41.3774880415376, 2.10881960331855 41.3773901423122, 2.10892188436516 41.3772605867767, 2.1089855645411 41.3771694375123, 2.10906498300224 41.3770379123133, 2.10912866012562 41.3769154078063, 2.10918174005336 41.3768000362357, 2.10922739346829 41.3766732757019, 2.10925344963222 41.3765813576167, 2.10928919475048 41.3764287678846, 2.10931407909576 41.3762390948254, 2.10931926896235 41.3761489950512, 2.10930640273054 41.3759448627611, 2.1173660881213 41.375784328578, 2.11673329549243 41.3770714081951, 2.11396731569329 41.3760442745501, 2.11380702668638 41.3762842704042, 2.11374934075916 41.3763214374263, 2.11379451101688 41.3764209259832, 2.11386386366206 41.3765522486646, 2.11366706667248 41.3766426460719, 2.11166242526133 41.3776257148803, 2.11285117083776 41.3789993071404, 2.11294015530587 41.3790830783968, 2.11298266488425 41.3791177427106, 2.11304205472253 41.3791581217795, 2.11308940809355 41.3791848427402, 2.11370945243112 41.3794865436496, 2.11394187214446 41.3796252116562, 2.11420384475701 41.3798140443063, 2.11446334879836 41.3800527229068, 2.11464638061765 41.3802601690129, 2.11487219447881 41.3806058848447, 2.11516361290787 41.3811885336765, 2.11493673066298 41.3812846543934, 2.11448471752551 41.3815110040536, 2.11410808557786 41.3817334636848, 2.11363019985187 41.3820714379926, 2.11337511179293 41.382281212057, 2.1131946051677 41.3824467570565, 2.11289765450894 41.3827815557753, 2.1126671831538 41.3831648673463, 2.11258311995389 41.3833318666351))"
"04","Les Corts","20","la Maternitat i Sant Ramon","087","048","POLYGON ((426924.6157 4581745.2394, 426919.0795 4581753.2435, 426882.7335 4581727.6035, 426881.3055 4581725.8035, 426880.3315 4581723.7215, 426879.8675 4581721.4695, 426879.9355 4581719.1735, 426910.7175 4581661.8055, 426927.8435 4581630.7255, 426954.4735 4581579.9555, 426963.9235 4581562.6435, 426992.6295 4581511.2795, 427005.8135 4581489.7225, 427040.6355 4581520.5675, 427098.2855 4581572.8715, 427094.3862 4581589.9569, 427065.4382 4581582.7391, 427030.0020725 4581574.5458825, 427015.8628 4581597.5458, 427016.1781 4581597.6199, 426995.4758 4581634.9838, 426983.2061 4581657.9059, 426974.9741045 4581667.344095, 426982.4774 4581674.155, 426946.9262 4581713.0432, 426924.6157 4581745.2394))","POLYGON ((2.12601857616514 41.3839156462648, 2.12595140521136 41.3839872329955, 2.12551984929495 41.3837530016667, 2.12550298958476 41.383736660029, 2.12549159312958 41.3837178197945, 2.12548631609286 41.3836974947922, 2.12548740635348 41.3836768218521, 2.1258624365245 41.383162929082, 2.12607098627709 41.3828845599984, 2.12639556066487 41.3824297136939, 2.12651065408821 41.3822746495229, 2.12686011928383 41.3818146403368, 2.12702037395561 41.3816216814522, 2.12743307027425 41.381902648273, 2.12811617371237 41.3823789549347, 2.12806748873071 41.3825324828584, 2.12772218529503 41.3824648513656, 2.12729941250297 41.3823878452291, 2.12712755938411 41.3825937135777, 2.12713132095018 41.3825944095684, 2.12687925244951 41.3829290526434, 2.12672976326246 41.3831343891274, 2.1266301833035 41.3832186479161, 2.12671909099209 41.3832806719622, 2.12628926171955 41.3836276945881, 2.12601857616514 41.3839156462648))"
"04","Les Corts","20","la Maternitat i Sant Ramon","087","049","POLYGON ((427021.5515 4582203.6335, 427014.7285 4582224.9875, 426873.3815 4582178.8265, 426597.7705 4582090.5915, 425758.4525 4581816.6145, 425800.5745 4581691.8455, 425807.4135 4581673.2335, 425826.2485 4581630.4815, 425850.6975 4581593.0585, 425865.6025 4581574.5255, 425886.6935 4581551.0185, 425926.2685 4581513.0885, 425957.508500001 4581488.0695, 425995.0474 4581462.5544, 426013.9095 4581451.6895, 426028.6224 4581446.4796, 426044.5315 4581443.3266, 426076.3352 4581443.0313, 426297.895 4581404.4284, 426297.9078 4581399.3864, 426300.388 4581393.8436, 426307.0548 4581386.4475, 426317.2042 4581383.3596, 426326.2321 4581386.0812, 426329.5745 4581344.6845, 426338.6005 4581305.5165, 426358.2995 4581260.6025, 426367.5255 4581246.5105, 426373.544527 4581239.798877, 426382.254279 4581229.257501, 426408.6331 4581208.9382, 426446.7121 4581185.8546, 426475.745783 4581159.4787685, 426485.489927 4581149.2824625, 426525.175 4581100.641, 426535.2163 4581090.7661, 426569.5515 4581119.7435, 426743.2635 4581269.7235, 426754.0155 4581278.2715, 426787.5115 4581306.4955, 426840.6385 4581351.9575, 426857.7035 4581367.5335, 426883.7675 4581388.8615, 426926.6875 4581422.5615, 426978.4055 4581464.9175, 427005.8135 4581489.7225, 426992.6295 4581511.2795, 426973.5155 4581545.2135, 426954.4735 4581579.9555, 426927.8435 4581630.7255, 426910.7175 4581661.8055, 426883.8695 4581711.6875, 426879.9355 4581719.1735, 426879.8375 4581721.0115, 426880.3315 4581723.7215, 426881.3055 4581725.8035, 426882.7335 4581727.6035, 426885.3615 4581729.6755, 426926.5135 4581758.4275, 426938.5815 4581767.2315, 426975.1255 4581790.9615, 427013.7055 4581816.8115, 427024.87 4581824.902, 427038.6925 4581833.8725, 427033.2035 4581860.1355, 427027.5095 4581908.3345, 427026.8025 4581912.1745, 427022.9705 4581963.7865, 427022.2045 4582030.1245, 427023.6545 4582077.1095, 427026.4825 4582121.2345, 427027.3975 4582128.4875, 427038.0405 4582193.2265, 427031.1655 4582194.8475, 427028.9895 4582195.5315, 427027.0135 4582196.5675, 427025.2255 4582197.8975, 427023.3215 4582199.9275, 427022.3815 4582201.3115, 427021.5515 4582203.6335))","POLYGON ((2.12712258204342 41.3880530112158, 2.12703841012752 41.3882447187269, 2.12535354929864 41.387816128622, 2.12206810705014 41.3869963311584, 2.11206411572279 41.3844517192941, 2.11258311995389 41.3833318666351, 2.1126671831538 41.3831648673463, 2.11289765450894 41.3827815557753, 2.1131946051677 41.3824467570565, 2.11337511179293 41.382281212057, 2.11363019985187 41.3820714379926, 2.11410808557786 41.3817334636848, 2.11448471752551 41.3815110040536, 2.11493673066298 41.3812846543934, 2.11516361290787 41.3811885336765, 2.11534018761143 41.3811429631745, 2.11553081534343 41.3811160279559, 2.11591116373072 41.3811162910031, 2.11856529809508 41.3807889371178, 2.11856606436419 41.380743527147, 2.11859639682753 41.3806938326968, 2.11867701814141 41.3806278298144, 2.11879876049076 41.3806009479295, 2.11890638554237 41.3806262869194, 2.11895138648936 41.3802537504833, 2.11906407992129 41.3799018072992, 2.11930509635606 41.379499089069, 2.11941713144631 41.3793730127097, 2.11948992119302 41.3793131147356, 2.1195953511289 41.3792189699268, 2.11991325063923 41.3790383755414, 2.12037139131849 41.3788339529755, 2.12072176755629 41.3785990503444, 2.12083952161077 41.3785081067716, 2.12131995886207 41.378073638048, 2.12144122543638 41.3779856157373, 2.12184827997949 41.3782497371597, 2.12390733277609 41.3796163789, 2.12403487066607 41.3796943460542, 2.12443200231745 41.3799515965087, 2.12506180322559 41.3803658864, 2.12526398673372 41.3805077245138, 2.12557308773602 41.3807021860023, 2.12608226462403 41.3810096072652, 2.12669561141508 41.3813957858996, 2.12702037395561 41.3816216814522, 2.12686011928383 41.3818146403368, 2.12662745926447 41.3821185353384, 2.12639556066487 41.3824297136939, 2.12607098627709 41.3828845599984, 2.1258624365245 41.383162929082, 2.1255353548913 41.3836097560924, 2.12548740635348 41.3836768218521, 2.1254860126044 41.3836933670494, 2.12549159312958 41.3837178197945, 2.12550298958476 41.383736660029, 2.12551984929495 41.3837530016667, 2.12555102655289 41.3837719021512, 2.12603968080544 41.3840345984073, 2.12618293660481 41.3841149884493, 2.12661709534716 41.3843320327144, 2.12707534969484 41.3845683540444, 2.12720788911254 41.3846422346566, 2.12737210938727 41.3847242819832, 2.12730330457044 41.3849603241724, 2.12722940562432 41.3853939162082, 2.12722048814643 41.3854284373705, 2.12716844465738 41.3858929377024, 2.12715129313598 41.3864903470914, 2.12716297416009 41.3869136530232, 2.12719147970213 41.3873113251033, 2.12720154878474 41.3873767328619, 2.1273210344405 41.3879607755039, 2.12723861825699 41.3879747515527, 2.12721251218773 41.3879807146609, 2.12718875559418 41.3879898662241, 2.1271672119477 41.388001682773, 2.12714419667439 41.388019793402, 2.12713278809317 41.3880321732323, 2.12712258204342 41.3880530112158))"
"04","Les Corts","21","Pedralbes","088","050","POLYGON ((427230.9955 4582687.4955, 427232.4773 4582697.5797, 427211.1901 4582682.4354, 426896.4661 4582581.7638, 426904.8535 4582554.8915, 426920.7395 4582507.7675, 426947.8695 4582422.6675, 426913.7375 4582411.0555, 426843.8135 4582388.3475, 426808.5375 4582376.0435, 426853.4575 4582237.5075, 426873.3815 4582178.8265, 427014.7285 4582224.9875, 427001.8835 4582263.7112, 427003.6691 4582269.4805, 427009.9867 4582276.4471, 427017.511 4582282.4093, 427025.8837 4582286.7554, 427035.8285 4582290.3535, 427052.0075 4582295.2715, 427062.9865 4582297.1655, 427069.2153 4582322.5011, 427099.2858 4582430.2455, 427119.2519 4582484.9419, 427152.1753 4582556.8556, 427181.4836 4582618.2506, 427192.1452 4582634.0486, 427200.4828 4582645.3841, 427210.5521 4582656.8438, 427233.1115 4582677.3315, 427232.0875 4582679.9275, 427231.1695 4582684.0115, 427230.9955 4582687.4955))","POLYGON ((2.12956928295195 41.3924299301017, 2.12958579402577 41.3925208883418, 2.12933301387962 41.3923825636898, 2.12558099784911 41.3914473125037, 2.12568455451531 41.3912060474438, 2.12588023674795 41.3907830651698, 2.12621497296243 41.3900190700407, 2.12580816282458 41.389911384978, 2.12497463119095 41.3897005069861, 2.12455422687321 41.3895864809249, 2.12510818513766 41.3883428321012, 2.12535354929864 41.387816128622, 2.12703841012752 41.3882447187269, 2.12688012449936 41.3885923213018, 2.12690078420576 41.3886444450145, 2.12697550032116 41.388707763557, 2.12706476918808 41.3887621453292, 2.1271643793857 41.3888020484659, 2.12728288144249 41.3888353572008, 2.12747578305473 41.388881119006, 2.12760685920523 41.3888991730837, 2.12767830271348 41.3891279250355, 2.12802496743424 41.3901010597603, 2.12825717684893 41.3905954967405, 2.12864228806799 41.3912461759371, 2.12898543444705 41.3918017890239, 2.12911104933571 41.3919450402093, 2.12920940572406 41.3920478890354, 2.12932845894201 41.3921520131224, 2.12959581198045 41.3923385786548, 2.12958325281259 41.3923618670933, 2.12957178263622 41.3923985669145, 2.12956928295195 41.3924299301017))"
"04","Les Corts","21","Pedralbes","088","051","POLYGON ((426904.8535 4582554.8915, 426896.4661 4582581.7638, 426713.9025 4582523.3668, 426781.6407 4582456.7975, 426798.5496 4582409.0244, 426808.5375 4582376.0435, 426843.8135 4582388.3475, 426913.7375 4582411.0555, 426947.8695 4582422.6675, 426920.7395 4582507.7675, 426904.8535 4582554.8915))","POLYGON ((2.12568455451531 41.3912060474438, 2.12558099784911 41.3914473125037, 2.12340459639543 41.3909047417134, 2.1242227879811 41.3903113497761, 2.12443078893638 41.3898826169161, 2.12455422687321 41.3895864809249, 2.12497463119095 41.3897005069861, 2.12580816282458 41.389911384978, 2.12621497296243 41.3900190700407, 2.12588023674795 41.3907830651698, 2.12568455451531 41.3912060474438))"
"04","Les Corts","21","Pedralbes","088","052","POLYGON ((426781.6407 4582456.7975, 426713.9025 4582523.3668, 426618.7135 4582492.9185, 426503.4785 4582435.1175, 426431.3994 4582397.9645, 426385.8525 4582389.0255, 426582.9155 4582183.7655, 426609.4735 4582159.5575, 426602.0675 4582146.9275, 426599.0875 4582132.0135, 426597.6155 4582118.2535, 426597.1985 4582102.4415, 426597.7705 4582090.5915, 426873.3815 4582178.8265, 426853.4575 4582237.5075, 426818.0035 4582346.3895, 426808.5375 4582376.0435, 426798.5496 4582409.0244, 426781.6407 4582456.7975))","POLYGON ((2.1242227879811 41.3903113497761, 2.12340459639543 41.3909047417134, 2.12226983124507 41.3906218281264, 2.12089864841494 41.3900907180967, 2.12004111097226 41.3897495077656, 2.1194974695515 41.3896648309087, 2.12187916117373 41.3878341537722, 2.12219971082309 41.3876185461988, 2.12211267027588 41.3875041174741, 2.12207883857009 41.3873695215519, 2.12206290173651 41.3872454568076, 2.12205983058445 41.3871030068426, 2.12206810705014 41.3869963311584, 2.12535354929864 41.387816128622, 2.12510818513766 41.3883428321012, 2.12467101999662 41.3893202612654, 2.12455422687321 41.3895864809249, 2.12443078893638 41.3898826169161, 2.1242227879811 41.3903113497761))"
"04","Les Corts","21","Pedralbes","089","053","POLYGON ((425744.3748 4582515.0836, 425689.4995 4582573.6995, 425460.1818 4582379.0525, 425443.2485 4582361.7222, 425422.0817 4582348.6253, 425267.7115 4582124.9195, 425286.8995 4582111.5235, 425360.9435 4582061.3915, 425425.0495 4582017.5095, 425627.6504925 4581880.9733865, 425661.2515 4581784.5785, 425758.4525 4581816.6145, 426597.7705 4582090.5915, 426597.1985 4582102.4415, 426597.6155 4582118.2535, 426599.0875 4582132.0135, 426602.0675 4582146.9275, 426609.4735 4582159.5575, 426582.9155 4582183.7655, 426385.8525 4582389.0255, 426366.0135 4582382.7055, 426344.9395 4582377.0355, 426333.4855 4582374.7115, 426322.0405 4582373.0075, 426310.6975 4582371.8815, 426299.5035 4582371.2475, 426269.5485 4582372.2085, 426251.2055 4582374.5715, 426239.0315 4582376.9655, 426226.9655 4582380.3575, 426214.7145 4582385.3675, 426196.6795 4582395.7895, 426186.4175 4582403.6455, 426175.4295 4582414.8105, 426170.0635 4582421.1375, 426164.1875 4582428.9215, 426159.7715 4582436.4875, 426155.9935 4582444.3935, 426153.0515 4582452.0895, 426151.5515 4582458.4795, 426150.9745 4582466.9045, 426051.5495 4582460.9715, 426050.4515 4582452.4775, 426049.0815 4582447.3415, 426047.2035 4582442.3695, 426045.3505 4582438.5415, 426042.6135 4582433.9875, 426039.5025 4582430.0275, 426036.0435 4582426.6175, 426032.2365 4582423.6015, 426028.1255 4582421.0135, 426023.7595 4582418.8855, 426019.1825 4582417.3655, 426014.2835 4582416.3815, 426009.3795 4582415.9275, 426004.4555 4582415.9895, 425999.5695 4582416.5675, 425995.3415 4582417.2655, 425991.3655 4582418.3535, 425984.6535 4582421.4855, 425981.2695 4582423.8315, 425978.1955 4582426.5675, 425972.6995 4582433.3595, 425970.0515 4582437.5635, 425967.8615 4582442.0215, 425966.1515 4582446.6875, 425964.9415 4582451.5075, 425964.5265 4582456.2675, 425808.0235 4582448.1719, 425744.3748 4582515.0836))","POLYGON ((2.11181014957559 41.3907412143786, 2.11114665693875 41.3912640727448, 2.10842798111569 41.3894897583244, 2.10822759823915 41.3893321029766, 2.10797606429521 41.3892121830412, 2.1061574605801 41.3871830421285, 2.10638858575867 41.3870641729876, 2.10728026758279 41.3866195309811, 2.10805231926123 41.3862302515508, 2.11049199208889 41.3850192891406, 2.11090564739383 41.3841542095419, 2.11206411572279 41.3844517192941, 2.12206810705014 41.3869963311584, 2.12205983058445 41.3871030068426, 2.12206290173651 41.3872454568076, 2.12207883857009 41.3873695215519, 2.12211267027588 41.3875041174741, 2.12219971082309 41.3876185461988, 2.12187916117373 41.3878341537722, 2.1194974695515 41.3896648309087, 2.11926096943828 41.3896060935202, 2.11900962052602 41.3895530968242, 2.11887291706581 41.3895311166409, 2.11873624592467 41.3895147211877, 2.11860072442558 41.3895035407089, 2.11846692510318 41.3894968049506, 2.1181085565069 41.389502714997, 2.11788889275794 41.3895223158797, 2.11774300429486 41.3895427612827, 2.11759828584079 41.3895722049495, 2.11745115762834 41.3896162040712, 2.11723419498419 41.3897084157902, 2.11711050726575 41.3897782296281, 2.11697773323353 41.3898777793872, 2.11691278616683 41.3899342713365, 2.11684156191292 41.3900038389813, 2.1167878253334 41.3900715771844, 2.11674167752701 41.3901424361627, 2.11670555360356 41.3902114804993, 2.11668683485961 41.3902688946604, 2.11667890687513 41.3903447219001, 2.11549052729629 41.3902821512068, 2.11547843244139 41.3902055486132, 2.11546267458555 41.3901591650086, 2.11544082116845 41.3901142117692, 2.1154191270998 41.3900795643188, 2.1153869492766 41.3900382968263, 2.11535022602096 41.3900023448261, 2.1153092736576 41.3899713144167, 2.11526411123334 41.3899438005718, 2.1152152608223 41.3899201135555, 2.11516330453844 41.3899005460794, 2.11510875052653 41.3898864351557, 2.11505028004012 41.3898771220991, 2.11499168503189 41.3898725820246, 2.11493278780349 41.3898726874605, 2.11487428200606 41.3898774437422, 2.11482363103536 41.3898833413207, 2.11477594625479 41.3898927746183, 2.11469528989583 41.3899203655212, 2.11465453150379 41.3899411834831, 2.11461743294391 41.3899655425133, 2.11455087217242 41.3900262091889, 2.11451868896323 41.3900638290071, 2.11449195224206 41.3901037786343, 2.11447093075312 41.390145645798, 2.1144558703012 41.3901889459887, 2.11445032518992 41.3902317789611, 2.11257957557534 41.3901444448571, 2.11181014957559 41.3907412143786))"
"04","Les Corts","21","Pedralbes","089","054","POLYGON ((425286.8995 4582111.5235, 425267.7115 4582124.9195, 425110.7439 4581893.0547, 425100.0283 4581900.9922, 425091.4558 4581900.6747, 425086.7726 4581896.2297, 425047.7693825 4581848.949074, 425033.6075375 4581835.350318, 425030.2957065 4581831.3315395, 425036.8437455 4581814.6949645, 425020.0874455 4581787.7899645, 425010.5964455 4581773.2689645, 424994.0874455 4581750.3039645, 424984.3504455 4581739.6729645, 424977.2964455 4581733.1319645, 424973.1784455 4581729.9269645, 424960.1494455 4581721.2579645, 424955.6024455 4581718.6959645, 424937.0204455 4581710.7709645, 424874.9954455 4581694.3199645, 424862.2454455 4581690.0699645, 424847.0667455 4581684.3280645, 424889.5259705 4581534.102518, 425115.2211 4581607.1626, 425226.7335 4581641.8795, 425661.2515 4581784.5785, 425627.6504925 4581880.9733865, 425425.0495 4582017.5095, 425360.9435 4582061.3915, 425286.8995 4582111.5235))","POLYGON ((2.10638858575867 41.3870641729876, 2.1061574605801 41.3871830421285, 2.10430891601302 41.3850801468151, 2.10417978897722 41.3851506385634, 2.10407731126395 41.3851469808069, 2.10402185533384 41.3851065106866, 2.10356127231228 41.3846770433447, 2.10339359721341 41.3845532461844, 2.10335448926157 41.3845167423142, 2.10343485362493 41.3843675146694, 2.10323780001541 41.3841236324339, 2.10312609786781 41.3839919639834, 2.10293151615063 41.3837835900127, 2.10281639179366 41.3836869337346, 2.10273284609821 41.383627364251, 2.10268399770672 41.3835981142999, 2.10252926364343 41.3835188215422, 2.10247520558852 41.3834953226882, 2.10225397433863 41.3834222124282, 2.10151428842402 41.3832682566362, 2.10136234501992 41.3832287882252, 2.10118154335536 41.3831756559103, 2.10170791088076 41.381826610197, 2.10439779134747 41.38250566666, 2.10572701024737 41.3828287172777, 2.11090564739383 41.3841542095419, 2.11049199208889 41.3850192891406, 2.10805231926123 41.3862302515508, 2.10728026758279 41.3866195309811, 2.10638858575867 41.3870641729876))"
"04","Les Corts","21","Pedralbes","090","055","POLYGON ((426097.1655 4583064.6555, 426085.0628 4583071.7462, 426072.7215 4583059.3155, 425961.3697 4582952.5432, 426010.5135 4582901.5735, 426066.2926 4582841.491, 426015.7465 4582793.2937, 426008.7075 4582784.8535, 425846.241 4582619.3515, 425744.3748 4582515.0836, 425808.0235 4582448.1719, 425964.5265 4582456.2675, 425964.9415 4582451.5075, 425966.1515 4582446.6875, 425967.8615 4582442.0215, 425970.0515 4582437.5635, 425972.6995 4582433.3595, 425978.1955 4582426.5675, 425981.2695 4582423.8315, 425984.6535 4582421.4855, 425988.2995 4582419.5635, 425995.3415 4582417.2655, 425999.5695 4582416.5675, 426004.4555 4582415.9895, 426009.3795 4582415.9275, 426014.2835 4582416.3815, 426019.1825 4582417.3655, 426023.7595 4582418.8855, 426028.1255 4582421.0135, 426032.2365 4582423.6015, 426036.0435 4582426.6175, 426039.5025 4582430.0275, 426042.6135 4582433.9875, 426045.3505 4582438.5415, 426047.2035 4582442.3695, 426049.0815 4582447.3415, 426050.4515 4582452.4775, 426051.5495 4582460.9715, 426150.9745 4582466.9045, 426151.5515 4582458.4795, 426153.0515 4582452.0895, 426155.9935 4582444.3935, 426159.7715 4582436.4875, 426164.1875 4582428.9215, 426170.0635 4582421.1375, 426175.4295 4582414.8105, 426186.4175 4582403.6455, 426196.6795 4582395.7895, 426214.7145 4582385.3675, 426226.9655 4582380.3575, 426239.0315 4582376.9655, 426251.2055 4582374.5715, 426269.5485 4582372.2085, 426299.5035 4582371.2475, 426310.6975 4582371.8815, 426322.0405 4582373.0075, 426333.4855 4582374.7115, 426344.9395 4582377.0355, 426366.0135 4582382.7055, 426385.8525 4582389.0255, 426431.3994 4582397.9645, 426503.4785 4582435.1175, 426489.9295 4582484.3995, 426475.2875 4582514.6155, 426457.5416 4582537.8288, 426430.7745 4582567.4235, 426416.299 4582578.056, 426377.3115 4582600.7365, 426263.7535 4582641.0915, 426226.8165 4582674.8115, 426244.0505 4582691.8345, 426262.6315 4582715.5055, 426279.6705 4582746.7775, 426294.5685 4582782.1585, 426300.8026 4582811.2339, 426305.1835 4582844.5755, 426302.8388 4582879.4887, 426297.2315 4582916.3255, 426290.8135 4582936.6491, 426280.1815 4582958.2495, 426267.5995 4582977.9835, 426250.4075 4582997.1285, 426236.0285 4583009.7095, 426213.7535 4583023.5815, 426097.1655 4583064.6555))","POLYGON ((2.11596242016965 41.3957234526856, 2.11581679675607 41.3957862030655, 2.11567070245352 41.3956731109972, 2.1143519023351 41.3947012177622, 2.11494591920953 41.3942466798596, 2.11562040141259 41.3937106739387, 2.1150217366354 41.3932719344605, 2.11493857895954 41.3931952698544, 2.11301569068124 41.3916897057545, 2.11181014957559 41.3907412143786, 2.11257957557534 41.3901444448571, 2.11445032518992 41.3902317789611, 2.1144558703012 41.3901889459887, 2.11447093075312 41.390145645798, 2.11449195224206 41.3901037786343, 2.11451868896323 41.3900638290071, 2.11455087217242 41.3900262091889, 2.11461743294391 41.3899655425133, 2.11465453150379 41.3899411834831, 2.11469528989583 41.3899203655212, 2.11473912990223 41.3899033904298, 2.11482363103536 41.3898833413207, 2.11487428200606 41.3898774437422, 2.11493278780349 41.3898726874605, 2.11499168503189 41.3898725820246, 2.11505028004012 41.3898771220991, 2.11510875052653 41.3898864351557, 2.11516330453844 41.3899005460794, 2.1152152608223 41.3899201135555, 2.11526411123334 41.3899438005718, 2.1153092736576 41.3899713144167, 2.11535022602096 41.3900023448261, 2.1153869492766 41.3900382968263, 2.1154191270998 41.3900795643188, 2.11544082116845 41.3901142117692, 2.11546267458555 41.3901591650086, 2.11547843244139 41.3902055486132, 2.11549052729629 41.3902821512068, 2.11667890687513 41.3903447219001, 2.11668683485961 41.3902688946604, 2.11670555360356 41.3902114804993, 2.11674167752701 41.3901424361627, 2.1167878253334 41.3900715771844, 2.11684156191292 41.3900038389813, 2.11691278616683 41.3899342713365, 2.11697773323353 41.3898777793872, 2.11711050726575 41.3897782296281, 2.11723419498419 41.3897084157902, 2.11745115762834 41.3896162040712, 2.11759828584079 41.3895722049495, 2.11774300429486 41.3895427612827, 2.11788889275794 41.3895223158797, 2.1181085565069 41.389502714997, 2.11846692510318 41.3894968049506, 2.11860072442558 41.3895035407089, 2.11873624592467 41.3895147211877, 2.11887291706581 41.3895311166409, 2.11900962052602 41.3895530968242, 2.11926096943828 41.3896060935202, 2.1194974695515 41.3896648309087, 2.12004111097226 41.3897495077656, 2.12089864841494 41.3900907180967, 2.12073062447058 41.3905333414052, 2.1205518403856 41.3908041453799, 2.12033678255486 41.3910115949985, 2.1200130548504 41.3912756935432, 2.11983863625995 41.3913701315891, 2.11936958854818 41.3915708370002, 2.11800651726347 41.391923893713, 2.11756063961432 41.3922242074707, 2.11776468793746 41.3923791066591, 2.11798403824513 41.3925940045569, 2.11818402203802 41.3928772195141, 2.11835790040993 41.3931972458454, 2.11842892411968 41.3934596862902, 2.11847726416206 41.393760380627, 2.11844497185034 41.3940746133383, 2.11837342257601 41.3944058720257, 2.1182941860012 41.3945883293609, 2.11816439146278 41.3947818999158, 2.11801150009904 41.3949584817029, 2.11780354084276 41.3951293356622, 2.11763002557305 41.3952413282732, 2.11736191047047 41.3953642236262, 2.11596242016965 41.3957234526856))"
"04","Les Corts","21","Pedralbes","090","056","POLYGON ((425054.6701 4583672.5601, 425047.2201 4583673.9801, 425038.0501 4583672.6201, 425032.1301 4583671.3401, 425027.1301 4583671.5201, 425020.4701 4583673.0001, 425013.508 4583672.376, 425012.0968 4583668.143, 425010.6411 4583659.169, 425011.1257 4583635.0348, 425010.3981 4583624.7263, 425008.215 4583617.3288, 425005.0618 4583608.4759, 425000.2517 4583600.2145, 424991.6079 4583586.81, 424980.9697 4583572.4721, 424969.8694 4583556.7467, 424963.4373 4583546.1038, 424952.7926 4583531.9109, 424948.1349 4583523.1509, 424945.0302 4583513.2825, 424941.8145 4583504.4121, 424937.2679 4583496.3175, 424917.8631 4583471.7018, 424911.8753 4583463.1638, 424907.2181 4583457.398, 424898.3471 4583449.525, 424890.5855 4583443.6487, 424863.5296 4583427.0164, 424855.193 4583422.677, 424825.4557 4583406.1455, 424814.2665 4583398.8882, 424810.335 4583395.3596, 424807.4314 4583391.9251, 424804.6333 4583387.0291, 424804.1671 4583369.0771, 424805.5654 4583360.2176, 424804.1666 4583339.0016, 424802.5345 4583331.0747, 424797.3528 4583321.2867, 424796.0062 4583316.3867, 424791.8091 4583307.0611, 424779.5567 4583288.2988, 424777.1563 4583282.5574, 424772.3538 4583260.4284, 424770.1616 4583248.7368, 424767.6565 4583231.0964, 424765.0461 4583217.2134, 424757.7393 4583199.3634, 424750.6406 4583187.4639, 424743.2889 4583176.971, 424732.4847 4583163.9161, 424721.59 4583152.2113, 424712.1363 4583139.7868, 424701.692 4583117.5479, 424689.1764 4583084.3255, 424685.2146 4583063.707, 424680.5322 4583044.71, 424676.0306 4583037.7771, 424667.8375 4583028.4137, 424657.4827 4583018.9598, 424646.5561 4583007.706, 424637.2299 4582997.4481, 424633.0723 4582989.2605, 424621.6477 4582956.2062, 424601.1191 4582916.7709, 424587.1638 4582899.214, 424576.1 4582884.2162, 424596.3024455 4582844.7139645, 424597.1824455 4582825.3299645, 424632.6574455 4582794.7089645, 424668.0072455 4582773.6899645, 424675.0679455 4582768.2835645, 424686.4577455 4582755.8578645, 424694.6536455 4582743.7155645, 424706.7955455 4582717.0028645, 424715.2947455 4582706.3785645, 424728.9545455 4582686.6474645, 424734.7219455 4582677.8444645, 424741.4001455 4582665.7022645, 424741.7034455 4582645.6678645, 424739.2748455 4582626.2404645, 424739.0166455 4582604.8400645, 424742.5678455 4582551.8397645, 424744.9982455 4582530.7771645, 424752.1931455 4582489.6978645, 424754.2493455 4582472.6606645, 424757.7741455 4582458.5608645, 424770.3066455 4582432.2521645, 424776.5797455 4582408.0011645, 424776.3064455 4582397.0732645, 424771.9351455 4582373.8515645, 424772.5561455 4582364.6655645, 424776.5792455 4582342.7071645, 424780.6770455 4582326.5883645, 424795.7027455 4582287.7942645, 424803.6252455 4582265.9383645, 424813.0699455 4582249.6607645, 424851.4344455 4582220.5874645, 424886.6766455 4582195.9994645, 424910.7177455 4582180.9733645, 424929.5558455 4582171.4553645, 424944.8076455 4582165.4594645, 424941.7314455 4582159.8629645, 424938.4224455 4582159.1099645, 424934.3874455 4582156.9579645, 424926.1634455 4582150.0319645, 424921.3444455 4582146.6299645, 424914.1424455 4582143.5979645, 424906.1784455 4582141.1629645, 424886.6064455 4582136.2819645, 424873.9714455 4582132.0029645, 424857.3324455 4582125.1299645, 424845.9509455 4582118.0031645, 424865.3684455 4582092.0179645, 424873.1614455 4582086.0219645, 424881.0074455 4582078.2819645, 424884.4124455 4582068.9449645, 424903.1824455 4582052.2849645, 424909.2724455 4582043.0239645, 424911.9094455 4582041.8109645, 424914.6584455 4582034.8289645, 424919.6124455 4582028.8369645, 424921.4804455 4582024.4419645, 424940.8434455 4582010.0349645, 424943.2334455 4582003.9519645, 424951.2764455 4581990.8199645, 424959.6824455 4581984.0049645, 424962.3934455 4581976.6909645, 424969.4554455 4581968.9379645, 424975.1384455 4581950.5589645, 424975.5809595 4581946.883702, 424992.844357 4581939.4999305, 425033.6075375 4581835.350318, 425047.7693825 4581848.949074, 425086.7726 4581896.2297, 425091.4558 4581900.6747, 425100.0283 4581900.9922, 425110.7439 4581893.0547, 425267.7115 4582124.9195, 425422.0817 4582348.6253, 425443.2485 4582361.7222, 425460.1818 4582379.0525, 425689.4995 4582573.6995, 425744.3748 4582515.0836, 425846.241 4582619.3515, 426008.7075 4582784.8535, 426015.7465 4582793.2937, 426066.2926 4582841.491, 426010.5135 4582901.5735, 425961.3697 4582952.5432, 426072.7215 4583059.3155, 426085.0628 4583071.7462, 426067.9955 4583081.7455, 426004.9822 4583128.6866, 425861.7629 4583237.5326, 425823.8715 4583209.1365, 425782.3735 4583159.4145, 425761.3575 4583139.2055, 425736.5135 4583119.7755, 425688.9975 4583087.6455, 425675.1791505 4583080.6346645, 425593.3083045 4583008.8602725, 425579.791421 4583026.1596265, 425566.460125 4583046.0029, 425563.278036 4583054.1801805, 425560.4201085 4583067.4839655, 425559.963794 4583076.239701, 425560.2306915 4583085.800664, 425556.97631 4583091.198175, 425570.3907115 4583114.5344715, 425576.97885 4583130.383045, 425578.157 4583134.481, 425574.4215 4583164.7515, 425571.7675 4583173.8655, 425569.9655 4583178.8815, 425566.0095 4583186.7555, 425552.4195 4583205.4275, 425545.7109 4583215.9285, 425544.8684 4583227.691, 425543.6826245 4583232.9295105, 425542.3760985 4583236.952509, 425541.0699 4583239.2295, 425538.994 4583241.8615, 425529.471 4583250.2446, 425521.3511 4583258.6287, 425517.3621 4583264.2077, 425513.2662 4583273.8828, 425512.9042 4583276.3398, 425514.9852 4583282.6538, 425514.9423 4583285.7328, 425513.7973 4583288.9138, 425508.7533 4583299.8219, 425500.2655 4583324.581, 425493.9087 4583345.306, 425493.2247 4583351.2791, 425493.9387 4583354.5931, 425497.1798 4583358.11, 425489.0809 4583373.6441, 425462.779 4583392.1394, 425458.876 4583395.4194, 425456.3808 4583399.0927, 425451.0844 4583415.3546, 425431.4063 4583440.1747, 425422.6704 4583450.0568, 425416.7624 4583457.9268, 425413.6485 4583461.3579, 425393.7505 4583468.817, 425386.7665 4583472.8591, 425381.6165 4583476.6731, 425377.7055 4583481.4812, 425374.1676 4583487.3462, 425369.0007 4583500.5153, 425365.8278 4583510.4203, 425363.0268 4583517.7913, 425358.5889 4583524.9834, 425340.010893 4583538.1228925, 425333.5443 4583545.8021, 425322.1915 4583553.9923, 425309.6262 4583562.1819, 425296.6751 4583569.7466, 425232.846 4583603.2601, 425228.0598 4583606.8593, 425222.3333 4583613.12, 425218.9624 4583615.2513, 425216.1295 4583616.2232, 425179.1833 4583624.6409, 425152.1513 4583634.5601, 425089.6801 4583661.4401, 425070.6101 4583668.3001, 425062.8301 4583670.7001, 425054.6701 4583672.5601))","POLYGON ((2.10341813050026 41.4011020711442, 2.1033288397308 41.4011141659112, 2.1032193189652 41.4011010621678, 2.10314866398114 41.4010889818796, 2.10308883300812 41.4010901368313, 2.10300898454055 41.4011028454045, 2.10292578302716 41.4010965751635, 2.10290942695723 41.40105831902, 2.10289312587682 41.4009773588913, 2.10290191198683 41.4007600393298, 2.10289448557092 41.400667127925, 2.10286928841565 41.4006002986999, 2.10283266761965 41.4005202709202, 2.1027761544329 41.4004454159247, 2.10267442139305 41.4003238819201, 2.10254894823224 41.4001937550783, 2.10241812009428 41.4000510884574, 2.10234250134915 41.3999546329053, 2.10221693383047 41.3998258110434, 2.10216230668311 41.3997464793323, 2.10212639324216 41.3996573097521, 2.10208902844929 41.3995771182894, 2.1020356480801 41.3995037898168, 2.10180659136916 41.3992802766965, 2.1017360277976 41.3992028200274, 2.1016810363602 41.3991504554093, 2.10157590359015 41.3990787187018, 2.10148379327016 41.3990250688139, 2.10116223220356 41.3988727422199, 2.10106305401298 41.3988328803631, 2.10070940937936 41.3986812097838, 2.10057647335972 41.3986148007474, 2.10052988581207 41.3985826527882, 2.10049558160554 41.3985514484437, 2.10046272085475 41.3985070909534, 2.1004593740639 41.3983453626438, 2.10047719972125 41.3982657003039, 2.10046310326458 41.3980744875545, 2.1004445659134 41.3980029412878, 2.10038380246327 41.3979143010578, 2.10036830418953 41.3978700432598, 2.10031926044844 41.3977856596853, 2.10017503886654 41.3976155309513, 2.1001470407451 41.397563596476, 2.1000923469951 41.3973638423235, 2.10006757860729 41.3972583368161, 2.10003980681883 41.3970992241471, 2.10001030881155 41.3969739426494, 2.09992513046076 41.3968124929276, 2.09984170210916 41.3967046558095, 2.09975507310537 41.396609463501, 2.09962746785338 41.3964908733284, 2.09949861276398 41.3963844342234, 2.0993870831505 41.3962716479086, 2.09926492594955 41.396070375319, 2.09911936115891 41.3957699857092, 2.09907453947416 41.3955839141108, 2.09902089748808 41.3954123790449, 2.09896791764723 41.3953495162344, 2.09887108749141 41.395264417304, 2.0987484135352 41.3951783006841, 2.0986191247885 41.3950759195546, 2.0985088542528 41.3949826578353, 2.09846014584821 41.3949085265735, 2.09832761529534 41.3946097522022, 2.0980869922111 41.3942526536965, 2.0979222666188 41.3940932189552, 2.09779180662674 41.3939571037033, 2.09803835457654 41.393603221135, 2.09805129310299 41.3934287215852, 2.0984793959793 41.3931562586392, 2.09890480352216 41.3929702627966, 2.09898992356181 41.3929222313438, 2.09912769333199 41.3928113858574, 2.09922722775863 41.3927027935955, 2.09937576804223 41.3924633422428, 2.09947874033101 41.3923684500208, 2.09964456545155 41.3921920202166, 2.09971463804815 41.3921132756567, 2.0997960186257 41.3920045417404, 2.09980213552973 41.3918241300974, 2.09977550345849 41.3916489297698, 2.09977507458737 41.3914561626822, 2.09982413215574 41.3909791471821, 2.09985581635765 41.3907896740315, 2.09994696954309 41.3904203659593, 2.0999736776962 41.3902671125612, 2.10001758487159 41.3901404522668, 2.10017073754553 41.3899046748643, 2.10024877343476 41.3896868445803, 2.10024686195581 41.3895883967294, 2.10019746682542 41.3893788413242, 2.1002060345348 41.3892961655565, 2.10025687591156 41.3890987731397, 2.10030788521743 41.3889539821263, 2.10049240134673 41.3886059873895, 2.10058986305894 41.3884098825151, 2.10070483636849 41.388264160888, 2.10116725855842 41.3880058967123, 2.10159178048413 41.3877877360298, 2.10188115757504 41.3876546476884, 2.10210762697427 41.3875706818832, 2.10229077000537 41.3875181028886, 2.10225467437564 41.387467410852, 2.10221519456236 41.387460320175, 2.10216720570592 41.3874405616108, 2.10206971129014 41.387377414948, 2.10201250142936 41.3873463249974, 2.10192674697242 41.3873183450004, 2.10183180567529 41.3872956706999, 2.10159834534127 41.3872498825381, 2.10144777155944 41.387210163722, 2.10124963516246 41.3871467077808, 2.10111440593699 41.3870814568534, 2.10134984571501 41.3868492344631, 2.10144378669494 41.3867959591977, 2.10153857760136 41.3867269814278, 2.10158045601609 41.386643205484, 2.10180699314591 41.3864949092771, 2.10188097167074 41.3864120683604, 2.10191265800586 41.3864013895949, 2.10194639873516 41.3863387626377, 2.10200638634328 41.3862852579289, 2.10202927044169 41.3862458485969, 2.10226261772139 41.3861178985035, 2.102291953317 41.3860633348065, 2.10238976610665 41.3859458115012, 2.10249113721572 41.3858852161936, 2.10252446379741 41.3858195953415, 2.10260987795504 41.3857504264367, 2.10268011643818 41.3855854255044, 2.10268586352873 41.3855523654223, 2.1028932286883 41.3854874730854, 2.10339359721341 41.3845532461844, 2.10356127231228 41.3846770433447, 2.10402185533384 41.3851065106866, 2.10407731126395 41.3851469808069, 2.10417978897722 41.3851506385634, 2.10430891601302 41.3850801468151, 2.1061574605801 41.3871830421285, 2.10797606429521 41.3892121830412, 2.10822759823915 41.3893321029766, 2.10842798111569 41.3894897583244, 2.11114665693875 41.3912640727448, 2.11181014957559 41.3907412143786, 2.11301569068124 41.3916897057545, 2.11493857895954 41.3931952698544, 2.1150217366354 41.3932719344605, 2.11562040141259 41.3937106739387, 2.11494591920953 41.3942466798596, 2.1143519023351 41.3947012177622, 2.11567070245352 41.3956731109972, 2.11581679675607 41.3957862030655, 2.11561143727979 41.395874693279, 2.11485201051975 41.3962916745525, 2.11312565320713 41.3972588087443, 2.11267591028951 41.3969995639705, 2.11218564641042 41.3965479121827, 2.11193675311115 41.3963639592594, 2.11164197949073 41.3961866683924, 2.11107759003494 41.3958928990918, 2.11091317190687 41.3958284787529, 2.10994275067337 41.3951744695935, 2.10977895364814 41.3953290259871, 2.10961706291351 41.3955065111968, 2.10957799761533 41.395579865571, 2.10954217925083 41.3956994219431, 2.1095356450359 41.39577823848, 2.10953766200926 41.395864374265, 2.10949807345783 41.3959126858419, 2.10965565217475 41.3961241065205, 2.10973250402995 41.3962674568764, 2.10974609208113 41.3963044742552, 2.10969769165008 41.396576760623, 2.10966482708482 41.3966586004724, 2.10964265689805 41.3967036104238, 2.10959437144529 41.3967741616459, 2.10942952620731 41.396941073455, 2.10934799345191 41.3970350298678, 2.10933646994243 41.3971408911155, 2.10932164268569 41.3971879621, 2.10930552057366 41.3972240743621, 2.10928961706828 41.3972444611917, 2.10926446345385 41.3972679741439, 2.10914952728433 41.397342594873, 2.10905137332409 41.397417354447, 2.10900297428872 41.3974672323715, 2.10895279264229 41.397553991994, 2.10894816046371 41.3975760874901, 2.10897227481419 41.3976331474435, 2.10897138291524 41.3976608745558, 2.10895729610399 41.3976894182457, 2.10889562216426 41.3977871950569, 2.10879105191072 41.3980094021225, 2.10871246672942 41.398195473322, 2.10870355022868 41.3982492068008, 2.10871168274637 41.3982791205721, 2.10875001756657 41.3983110959142, 2.10865123295872 41.3984502536909, 2.10833435192081 41.398614394326, 2.10828726315217 41.3986435739064, 2.10825696505095 41.3986764262431, 2.10819161086256 41.3988223983478, 2.10795317758645 41.3990441164083, 2.10784746694153 41.3991323095321, 2.10777582954517 41.3992026428499, 2.1077381602362 41.3992332562744, 2.10749923293105 41.3992985907999, 2.10741519621772 41.3993343480009, 2.1073531247973 41.399368220951, 2.1073057510111 41.399411162232, 2.10726270970596 41.3994636571073, 2.10719928274145 41.3995817852639, 2.10716010914691 41.3996707003001, 2.10712569631944 41.3997368273313, 2.10707172567607 41.3998011911326, 2.10684788426531 41.3999178073468, 2.10676958681888 41.3999863697658, 2.10663277952734 41.4000590805908, 2.10648146860047 41.400131673214, 2.10632561966757 41.4001986016197, 2.10555798379343 41.4004945085069, 2.10550028848617 41.4005264796608, 2.10543101684416 41.4005823341625, 2.10539043205004 41.4006012162284, 2.10535642582291 41.4006097061717, 2.1049134477984 41.4006820830359, 2.10458887366646 41.4007689044327, 2.1038382870265 41.4010051814165, 2.103609327904 41.4010651890854, 2.1035159685367 41.4010860796196, 2.10341813050026 41.4011020711442))"
"04","Les Corts","20","la Maternitat i Sant Ramon","087","084","POLYGON ((427062.9705 4581727.6085, 427038.6925 4581833.8725, 427024.87 4581824.902, 427013.7055 4581816.8115, 426975.1255 4581790.9615, 426938.5815 4581767.2315, 426919.0795 4581753.2435, 426946.9262 4581713.0432, 426982.4772545 4581674.155159, 426974.9741 4581667.3441, 426983.206007 4581657.906007, 426995.4758 4581634.9838, 427016.1780395 4581597.620009, 427015.863082 4581597.5458665, 427030.0017 4581574.5458, 427065.4382 4581582.7391, 427094.3862 4581589.9569, 427062.9705 4581727.6085))","POLYGON ((2.1276752374014 41.3837694071986, 2.12737210938727 41.3847242819832, 2.12720788911254 41.3846422346566, 2.12707534969484 41.3845683540444, 2.12661709534716 41.3843320327144, 2.12618293660481 41.3841149884493, 2.12595140521136 41.3839872329955, 2.12628926171955 41.3836276945881, 2.12671908923296 41.383280673381, 2.12663018324909 41.3832186479607, 2.12672976213742 41.3831343900827, 2.12687925244951 41.3829290526434, 2.12713132021357 41.3825944105447, 2.12712756274837 41.3825937142022, 2.12729940805841 41.3823878444523, 2.12772218529503 41.3824648513656, 2.12806748873071 41.3825324828584, 2.1276752374014 41.3837694071986))"
"05","Sarrià-Sant Gervasi","22","Vallvidrera, el Tibidabo i les Planes","091","001","MULTIPOLYGON (((421380.6 4587521.9, 421367.7 4587537.3, 421326.4 4587549.1, 421308.8 4587558.1, 421272.4 4587566.0, 421272.6 4587559.6, 421276.9 4587539.3, 421276.9 4587532.4, 421271.6 4587510.0, 421270.1 4587490.7, 421256.1 4587441.4, 421255.3 4587433.1, 421257.4 4587423.4, 421261.7 4587410.6, 421288.2 4587359.1, 421289.9 4587352.7, 421289.7 4587347.3, 421288.5 4587344.1, 421279.4 4587332.5, 421270.4 4587323.7, 421267.2 4587319.5, 421264.1 4587312.6, 421263.5 4587304.0, 421265.9 4587299.0, 421272.8 4587291.5, 421275.0 4587286.9, 421277.1 4587276.7, 421278.9 4587243.7, 421283.9 4587215.4, 421284.0 4587210.2, 421329.4002 4587064.503, 421327.9992 4587051.6954, 421330.7 4587020.4, 421330.5 4586968.4, 421327.4 4586914.2, 421325.6 4586894.5, 421330.0 4586875.7, 421329.4 4586830.2, 421319.4 4586809.8, 421313.1 4586784.8, 421290.3 4586729.2, 421264.6 4586688.1, 421255.1 4586645.2, 421252.3 4586602.4, 421262.3 4586565.7, 421260.7 4586523.9, 421244.4 4586501.4, 421186.9 4586457.5, 421156.5 4586444.8, 421109.4 4586421.7, 421061.8 4586415.2, 421008.5 4586399.7, 420890.7 4586371.1, 420859.4 4586350.9, 420820.8 4586308.4, 420812.5 4586285.7, 420818.7 4586283.1, 420823.2 4586280.0, 420824.7 4586277.6, 420824.6 4586266.9, 420820.5 4586251.5, 420820.9 4586248.2, 420823.8 4586243.1, 420827.3 4586239.6, 420833.6 4586236.3, 420872.8 4586226.2, 420881.0 4586222.1, 420927.0 4586163.4, 420930.3 4586158.1, 420933.9 4586148.7, 420943.5 4586132.9, 420950.2 4586130.5, 420963.4 4586117.8, 420969.4 4586116.1, 420986.9 4586116.5, 420989.8 4586114.1, 420996.0 4586093.2, 421001.2 4586083.7, 421003.4 4586082.0, 421030.9 4586076.5, 421045.2 4586070.5, 421075.9 4586067.4, 421078.5 4586065.4, 421082.6 4586058.1, 421092.7 4586047.8, 421097.5 4586038.5, 421111.2 4586024.7, 421119.0 4586021.0, 421122.7 4586016.3, 421127.9 4586006.7, 421131.8 4586004.5, 421134.2 4586001.6, 421147.3 4585971.9, 421149.2 4585969.0, 421152.6 4585966.3, 421154.3 4585963.0, 421155.9 4585953.8, 421155.9 4585945.8, 421151.9 4585923.4, 421151.7 4585918.5, 421146.3 4585899.1, 421145.9 4585865.4, 421147.8 4585861.3, 421157.9 4585847.6, 421161.8 4585840.0, 421162.9 4585834.2, 421161.7 4585826.1, 421162.4 4585818.3, 421165.4 4585805.7, 421166.4 4585784.3, 421170.3 4585772.7, 421170.8 4585760.7, 421183.2 4585731.4, 421184.4 4585723.0, 421184.1 4585715.8, 421185.0 4585711.5, 421191.2 4585703.0, 421197.9 4585697.1, 421202.9 4585690.5, 421205.0 4585685.7, 421199.7 4585678.8, 421201.8 4585672.2, 421205.9 4585663.6, 421216.5 4585647.8, 421220.6 4585634.9, 421218.8 4585622.1, 421217.0 4585620.3, 421213.9 4585611.4, 421214.4 4585608.3, 421213.6 4585604.4, 421209.7 4585599.6, 421202.1 4585571.0, 421200.4 4585567.3, 421199.4 4585552.2, 421197.1 4585534.6, 421191.8 4585508.0, 421192.1 4585497.8, 421189.2 4585472.4, 421185.0 4585462.4, 421185.6 4585452.5, 421184.5 4585441.3, 421185.1 4585438.1, 421188.7 4585433.7, 421190.1 4585429.4, 421184.1 4585367.7, 421127.4 4585327.9, 421115.3 4585292.5, 421103.3 4585275.4, 421084.1 4585259.5, 421042.9 4585199.2, 421007.9 4585165.1, 420992.9 4585142.2, 421009.3398 4585082.0987, 421016.9086 4585033.0795, 421019.855 4584945.715, 421173.3114 4584738.3589, 421222.285 4584738.3316, 421333.5955 4584771.7653, 421353.3052 4584809.1767, 421353.7317 4584870.2563, 421361.3793 4584950.4719, 421344.5059 4584972.8896, 421311.6206 4584999.3123, 421296.6227 4585013.812, 421315.4377 4585004.9253, 421404.2863 4585009.9596, 421454.8834 4584996.6087, 421504.354 4585000.9094, 421564.3264 4585024.6386, 421566.916 4585035.459, 421570.54 4585042.81, 421579.954 4585051.539, 421584.604 4585058.266, 421587.477 4585061.474, 421599.675 4585073.397, 421603.174 4585077.98, 421604.284 4585080.49, 421607.524 4585095.112, 421611.6382 4585103.8675, 421659.8814 4585096.5363, 421722.9549 4585092.3673, 421732.4874 4585089.8521, 421774.34 4585157.131, 421788.6816 4585171.0202, 421794.4583 4585190.166, 421797.044 4585196.955, 421807.9078 4585253.27, 421836.467 4585315.4918, 421853.1198 4585370.8743, 421861.0248 4585430.6653, 421838.6291 4585486.8916, 421813.6955 4585543.6424, 421803.7732 4585565.447, 421828.4854 4585585.7953, 421919.2901 4585596.0902, 422012.6346 4585587.461, 422050.9646 4585589.632, 422078.842 4585612.8724, 422124.3612 4585630.9076, 422284.9366 4585654.8149, 422322.8537105 4585667.728686, 422303.913053 4585817.0565545, 422299.1845855 4585908.395743, 422282.0402925 4585949.188385, 422268.7436045 4585996.300113, 422276.4249165 4586100.237755, 422249.2301615 4586139.257031, 422237.4069115 4586172.954582, 422262.6790085 4586374.982742, 422234.5690905 4586385.164475, 422094.9869065 4586467.337182, 422044.261558 4586498.4091025, 422041.944534 4586508.559927, 422041.1687705 4586515.0102655, 422042.038562 4586523.4028275, 422044.9826335 4586531.618991, 422047.9762855 4586538.2085005, 422051.154186 4586552.1983495, 422050.8834665 4586559.196911, 422049.9359495 4586563.203311, 422039.1345265 4586578.658563, 422030.2049825 4586603.9492265, 422026.183046 4586609.9944195, 422025.408176 4586615.790356, 422026.7110125 4586623.168691, 422029.992754 4586630.4279815, 422036.005715 4586639.9652555, 422038.5697835 4586651.695763, 422042.4190725 4586662.1020655, 422051.775806001 4586676.3385165, 422056.1346335 4586680.2422295, 422067.068551 4586693.9101715, 422079.945896 4586708.2035115, 422081.8404455 4586714.0893165, 422081.332847 4586722.6387655, 422079.783495 4586729.192311, 422080.0127855 4586736.7403915, 422081.963115 4586750.504989, 422084.776456 4586761.744274, 422091.288218 4586768.4317435, 422103.5770645 4586772.38416, 422107.687144 4586773.136609, 422115.965798 4586778.585848, 422116.050382 4586784.4255495, 422117.6318785 4586801.9579805, 422113.3417795 4586815.7033715, 422108.051791 4586825.1902635, 422105.559806 4586843.049698, 422112.446706 4586861.666268, 422077.5298955 4586860.983887, 422015.7300635 4586887.291469, 421995.6870625 4586892.30206, 421958.9412535 4586922.784947, 421922.6129875 4586903.577127, 421842.8573615 4586905.665287, 421804.0488035 4586966.640653, 421767.4733125 4587041.136535, 421751.9986265 4587145.932337, 421739.5372525 4587174.053436, 421739.5030605 4587205.62955, 421740.7563045 4587238.7126, 421722.6027155 4587243.78129, 421707.3922195 4587314.4315, 421641.3144945 4587290.184922, 421542.0485695 4587326.651779, 421466.5987105 4587358.3548, 421451.1563905 4587376.33997, 421423.6376795 4587416.909714, 421412.5533795 4587451.22742, 421409.1991135 4587482.356454, 421413.0 4587518.0, 421392.8 4587517.5, 421380.6 4587521.9)), ((422515.6481225 4587515.1011905, 422512.6660315 4587517.252824, 422512.963524 4587519.088885, 422535.435973 4587546.364998, 422546.951191 4587572.7029515, 422554.3922945 4587584.856914, 422562.041642 4587591.251258, 422577.768537 4587612.001779, 422582.417869 4587623.154087, 422556.5110085 4587641.026033, 422521.7804185 4587635.587312, 422478.7297315 4587619.158044, 422454.6811195 4587610.840773, 422450.8782295 4587608.341493, 422442.2313855 4587594.1440785, 422400.6328575 4587497.682153, 422390.2205995 4587470.164674, 422383.3791305 4587435.5797995, 422379.264092 4587397.740528, 422384.0388025 4587374.8797895, 422399.2148155 4587339.042628, 422412.9893595 4587281.295099, 422422.6124985 4587250.629961, 422485.030672 4587134.7002865, 422557.2947905 4586981.288499, 422584.1743595 4586963.210474, 422597.0958235 4586953.801491, 422606.881018 4586947.7797305, 422622.5624365 4586940.3779555, 422639.623799 4586929.5889715, 422657.8141925 4586914.1582625, 422664.8066405 4586906.8892385, 422668.3304175 4586900.0280315, 422671.065371 4586896.935648, 422674.216424 4586894.471397, 422684.203052 4586888.9147315, 422702.833385 4586879.347592, 422711.109696 4586873.628976, 422718.488351 4586869.557921, 422735.4083885 4586862.560763, 422747.8757915 4586858.3624505, 422752.8373005 4586855.563601, 422758.180455 4586851.3653425, 422765.813514 4586842.84163, 422773.446561 4586832.7912925, 422779.807418 4586822.359309, 422781.970117 4586819.814918, 422789.348757 4586813.7083635, 422803.9788515 4586805.94791, 422813.901877 4586801.367961, 422821.2805225 4586796.0247185, 422835.382801 4586782.663988, 422847.031 4586761.013, 422750.1263645 4586723.186065, 422676.6265255 4586696.074643, 422626.8503485 4586682.730486, 422612.2348605 4586677.223644, 422587.6647295 4586662.820736, 422562.0350245 4586649.899949, 422554.6214635 4586643.9695, 422542.675663 4586632.593112, 422560.423906 4586625.426474, 422562.313374 4586620.423141, 422560.532549 4586606.9794595, 422554.44401 4586583.455721, 422551.3867865 4586562.4544375, 422549.9117675 4586557.5903505, 422547.7694745 4586546.6132965, 422543.3201995 4586538.039083, 422540.299988 4586529.1489975, 422537.7253575 4586495.6151895, 422534.72222 4586487.118503, 422526.4255325 4586478.1729985, 422518.0147665 4586470.0688445, 422511.4572865 4586461.496825, 422505.765616 4586449.6794065, 422503.187131 4586439.766549, 422503.235618 4586436.853269, 422509.229669 4586421.66002, 422512.3478645 4586417.853035, 422518.117083 4586412.4858035, 422522.0930625 4586407.5216925, 422523.1590195 4586401.2425295, 422522.6852605 4586394.121751, 422520.929251 4586388.976846, 422517.380621 4586373.32693, 422515.8914545 4586369.686271, 422540.905231 4586351.2692965, 422544.7621785 4586349.5986945, 422555.9886925 4586346.088837, 422575.751433 4586346.038822, 422585.2681785 4586344.188886, 422593.683201 4586341.15859, 422618.7581535 4586335.95391, 422625.89271 4586334.055227, 422629.217892 4586331.9624745, 422636.118015 4586329.9884005, 422645.907111 4586330.016935, 422656.8282985 4586328.0703615, 422668.838666 4586326.650944, 422674.7107815 4586329.870358, 422679.8465225 4586332.007803, 422688.126608 4586334.015239, 422690.6797135 4586336.1075565, 422701.209542 4586340.6014385, 422720.7674595 4586350.070141, 422734.54579 4586349.7340365, 422741.5691505 4586348.00204, 422744.790015 4586346.07321, 422750.238608 4586343.983173, 422758.5761705 4586343.2667275, 422766.331144 4586341.7303435, 422786.70611 4586346.072214, 422795.061773 4586347.2431705, 422797.3222925 4586348.141471, 422805.60204 4586349.9388485, 422818.3334745 4586350.4895055, 422822.399643 4586352.3001055, 422830.3973625 4586354.0444425, 422838.0456275 4586354.0706305, 422843.604393 4586355.1302415, 422854.8737775 4586353.9280805, 422856.3830355 4586354.3109975, 422866.4088085 4586354.4629385, 422886.260435 4586354.055899, 422893.262747 4586352.9414785, 422908.836706 4586348.6191725, 422925.1077855 4586342.065449, 422956.5772155 4586342.1772125, 422967.9962665 4586341.4226705, 422984.093065 4586336.4632825, 423028.318812 4586312.1392765, 423060.7611745 4586296.385598, 423097.8849165 4586287.5468635, 423109.052015 4586288.502551, 423116.8804965 4586286.982659, 423128.824338 4586286.9959685, 423143.970891 4586288.8964825, 423147.967354 4586291.812918, 423155.123749 4586298.2897505, 423170.2299795 4586299.037572, 423173.736421 4586280.394721, 423204.4856725 4586234.829389, 423173.429984 4586241.213877, 423170.3112045 4586240.7910315, 423154.2624615 4586233.4031655, 423144.4430525 4586216.1092615, 423142.5491895 4586204.7789555, 423145.238223 4586175.711662, 423143.6324305 4586164.1927365, 423136.6557425 4586144.5164005, 423128.798721 4586131.3160125, 423044.337514 4586097.024314, 423014.239034 4586087.6827175, 422959.7160405 4586073.252039, 422951.428215 4586069.1513025, 422947.5240835 4586068.126542, 422930.422054 4586069.502743, 422921.6614195 4586069.620447, 422887.922054 4586061.76652, 422792.9588395 4586050.870693, 422740.7416015 4586024.762631, 422732.364121 4586014.784408, 422736.4698695 4586006.9187805, 422744.023824 4585999.8313135, 422760.105498 4585989.8435015, 422775.37594 4585978.054083, 422788.615111 4585965.531246, 422796.3750715 4585959.9896885, 422810.585918 4585948.117183, 422817.3855625 4585944.027171, 422830.0293405 4585933.838189, 422840.7617515 4585927.509858, 422854.824914 4585920.379464, 422865.989506 4585907.406102, 422872.367898 4585883.2041835, 422869.235863 4585871.0830475, 422869.1355815 4585862.863598, 422870.1428335 4585858.146483, 422868.7430975 4585851.2563635, 422865.810369 4585841.773461, 422864.072419 4585839.5856325, 422864.0174375 4585810.4484105, 422863.0850265 4585805.3072485, 422865.022049 4585798.031021, 422865.276907 4585789.3610555, 422863.500024 4585783.36003, 422856.022462 4585770.7684, 422854.088646 4585750.94905, 422854.051094 4585742.0514505, 422855.98451 4585736.5185905, 422859.916034 4585730.1079565, 422864.122878 4585725.981645, 422874.126264 4585721.568963, 422877.8965305 4585718.043926, 422884.2657365 4585709.7355215, 422890.567487 4585707.6442745, 422896.5893 4585703.602526, 422904.957256 4585691.2173965, 422910.6222885 4585685.214035, 422914.002532 4585674.685299, 422915.044721 4585673.047992, 422918.085045 4585660.705342, 422922.004077 4585648.594209, 422921.3649935 4585637.504073, 422950.0455225 4585642.30796, 422966.0041225 4585648.642825, 422990.5142145 4585662.172645, 423014.2514925 4585666.1023715, 423008.2747155 4585657.015656, 423002.0428555 4585641.2114275, 423001.038741 4585633.9714005, 423001.079767 4585629.0639485, 423004.052166 4585624.040489, 423012.047153 4585619.425774, 423014.0885175 4585617.0148605, 423014.6226825 4585614.102955, 423014.4925 4585611.153411, 423011.0285545 4585602.9692445, 423007.4781825 4585590.693669, 423006.105739 4585588.00536, 423004.2158365 4585576.0865655, 423004.0401285 4585570.725029, 423005.993796 4585562.419364, 423012.189322 4585559.528216, 423015.992164 4585556.5866525, 423026.151321 4585543.5576705, 423035.6826675 4585525.6609825, 423040.069838001 4585510.384982, 423048.8228125 4585470.3994815, 423052.298363 4585459.740481, 423054.0281495 4585451.398133, 423054.027013 4585434.6586995, 423055.6508485 4585430.6205915, 423071.5220165 4585404.8298865, 423077.8412575 4585397.141154, 423093.4013025 4585383.708682, 423099.0436545 4585374.504657, 423092.9315665 4585309.436647, 423083.698731 4585307.092132, 423072.818895 4585302.721035, 423068.842764 4585299.5758915, 423065.819028 4585294.202336, 423059.030195 4585279.8525725, 423050.520166 4585267.9312585, 423033.7834395 4585251.6369115, 423032.1069375 4585248.164609, 423031.7055025 4585245.2670755, 423032.748795 4585241.723032, 423040.1962135 4585234.387584, 423035.4635265 4585229.693634, 422995.2485205 4585234.92547, 422890.704 4585197.062, 422889.381 4585184.325, 422887.83 4585177.849, 422888.074 4585176.405, 422884.279 4585172.654, 422876.624 4585170.63, 422871.632 4585166.422, 422868.417 4585160.922, 422868.046 4585158.978, 422862.465 4585154.734, 422852.752 4585143.222, 422848.736 4585135.526, 422847.568 4585130.94, 422839.355 4585123.525, 422836.511 4585120.182, 422828.177 4585114.179, 422824.462 4585113.951, 422820.942 4585108.675, 422819.119 4585103.366, 422810.479 4585089.094, 422802.943 4585078.374, 422800.975 4585066.118, 422796.367 4585056.071, 422786.719 4585033.015, 422780.295 4585009.78, 422775.993 4584999.355, 422775.085 4584995.235, 422774.45 4584993.951, 422775.87 4584990.759, 422779.562 4584988.815, 422780.494 4584987.287, 422772.52 4584982.212, 422760.734 4584968.935, 422738.126 4584950.343, 422728.672 4584944.731, 422718.814 4584942.615, 422714.446 4584941.031, 422701.71 4584940.519, 422682.646 4584936.249, 422669.998 4584934.711, 422653.966 4584930.199, 422648.0 4584926.238, 422639.918 4584913.117, 422629.394 4584900.346, 422619.582 4584895.393, 422604.285 4584893.96, 422571.395 4584895.174, 422561.509 4584893.354, 422550.872 4584884.887, 422544.492 4584874.386, 422529.349 4584845.383, 422519.545 4584842.344, 422516.951 4584836.59, 422510.567 4584835.25, 422508.207 4584832.324, 422493.528 4584825.319, 422491.4 4584822.455, 422490.414 4584818.486, 422482.887 4584816.03, 422472.872 4584815.208, 422463.725 4584811.204, 422458.904 4584806.792, 422455.009 4584797.468, 422451.5624 4584793.9055, 422453.223 4584779.912, 422451.758 4584769.59, 422448.343 4584757.336, 422446.47 4584753.146, 422436.368 4584735.834, 422428.07 4584707.074, 422409.578 4584652.98, 422402.79 4584623.608, 422397.318 4584609.56, 422391.161 4584598.315, 422384.143 4584568.424, 422384.07 4584558.376, 422383.278 4584556.155, 422383.252 4584551.446, 422384.756 4584543.677, 422390.395 4584530.953, 422401.015 4584515.704, 422405.908 4584505.894, 422415.284 4584491.414, 422422.785 4584477.938, 422433.291 4584454.144, 422439.5361 4584435.5479, 422441.232 4584415.4043, 422429.5128 4584399.6334, 422395.8071 4584376.1327, 422347.903 4584379.159, 422295.001 4584382.038, 422268.2448 4584359.8761, 422283.3575 4584319.745, 422290.3533 4584294.7474, 422309.075 4584249.8491, 422354.3709 4584165.1412, 422388.0619 4584103.4373, 422411.3672 4584064.4741, 422436.826 4584032.3359, 422447.2795 4583962.2851, 422497.0818 4583927.6997, 422577.4175 4583942.2406, 422672.4203 4583898.2311, 422684.7936 4583907.1912, 422709.478 4583919.499, 422732.383 4583927.451, 422752.7879 4583930.4547, 422799.234 4583928.442, 422845.5653 4583916.6366, 422877.878 4583906.481, 422913.2077 4583891.038, 422921.4042 4583892.8293, 422930.4082 4583895.9862, 422938.1258 4583899.4942, 422950.0535 4583906.0425, 422972.2711 4583914.3446, 422981.8597 4583918.4371, 422988.7593 4583924.0499, 422994.3719 4583929.4289, 423007.9368 4583948.9567, 423012.4974 4583958.5452, 423015.5381 4583967.0817, 423019.5372 4583974.1367, 423027.7199 4583986.2506, 423035.9681 4583995.323, 423042.5502 4584000.7583, 423065.9376 4584021.4556, 423079.0344 4584034.318, 423096.224 4584053.3783, 423106.3979 4584066.2406, 423111.192 4584075.4785, 423114.8172 4584085.5351, 423118.4424 4584097.462, 423121.3662 4584111.611, 423123.3103 4584123.0811, 423128.0812 4584142.1935, 423125.8201 4584168.7686, 423125.5067 4584185.6006, 423126.0299 4584199.0873, 423132.6683 4584222.2521, 423138.1516 4584232.4171, 423151.1801 4584236.76, 423159.2778 4584242.3859, 423166.5834 4584251.0517, 423173.3296 4584263.0782, 423179.4097 4584273.1537, 423184.8818 4584279.3201, 423199.127 4584287.6583, 423224.9338 4584300.1836, 423239.1524 4584306.4564, 423250.13 4584311.7883, 423256.9532 4584315.6297, 423273.0258 4584326.6333, 423287.9765 4584337.5062, 423304.2863 4584350.0519, 423309.0954 4584354.652, 423312.964 4584360.9245, 423318.4722 4584373.8204, 423321.4253 4584381.6379, 423325.3351 4584398.7933, 423330.1117 4584407.5213, 423338.3011 4584430.0462, 423344.3567 4584435.3161, 423359.9914 4584445.3915, 423371.1096 4584455.2928, 423378.1607 4584463.1882, 423389.8714 4584474.5756, 423401.6842 4584486.7355, 423403.2478 4584495.2475, 423408.4595 4584510.0134, 423409.9591 4584515.8985, 423421.1413 4584525.6478, 423429.814 4584535.8922, 423437.2921 4584542.4331, 423446.1088 4584551.0804, 423448.8218 4584553.963, 423451.9959 4584559.3979, 423454.2475 4584565.1529, 423456.4522 4584576.5129, 423455.6383 4584583.5664, 423451.776 4584597.582, 423451.6656 4584601.7756, 423452.3276 4584605.6381, 423456.7422 4584609.1694, 423463.4042 4584611.1013, 423488.837 4584621.2746, 423515.7963 4584630.0907, 423527.8342 4584632.8035, 423542.4158 4584636.8723, 423563.271 4584644.3324, 423583.2782 4584646.7056, 423608.8807 4584643.6532, 423653.6422 4584628.5626, 423677.3795 4584618.5586, 423683.144 4584614.8286, 423698.0642 4584594.1427, 423705.0156 4584585.3261, 423713.154 4584576.509, 423723.4969 4584567.5228, 423732.1438 4584560.5712, 423740.8993 4584555.4109, 423763.7657 4584546.264, 423779.8376 4584539.2078, 423811.9821 4584525.8792, 423830.5845 4584518.9436, 423877.1845 4584507.4543, 423908.153 4584499.2218, 423968.521 4584484.7169, 423978.713 4584483.8016, 424016.6066 4584484.4546, 424031.2414 4584482.2328, 424053.9669 4584475.1074, 424069.5975 4584471.6968, 424073.519691 4584476.722711, 424081.2015 4584483.0695, 424091.8895 4584490.9175, 424098.8335 4584495.1465, 424105.0775 4584497.5125, 424114.2025 4584499.7895, 424121.4105 4584501.0455, 424133.4375 4584501.9865, 424140.5535 4584502.1135, 424147.6675 4584501.4755, 424177.9835 4584497.3175, 424184.2015 4584497.6375, 424194.0695 4584498.9815, 424205.2855 4584502.5635, 424217.7175 4584507.7295, 424250.8555 4584525.6535, 424260.6615 4584526.0375, 424283.5435 4584523.4135, 424289.5675 4584523.3515, 424297.9095 4584523.8105, 424304.3095 4584524.6295, 424308.0915 4584524.5015, 424313.3315 4584523.5935, 424318.7955 4584521.9435, 424348.8475 4584511.1855, 424357.2555 4584507.0855, 424367.1115 4584504.7235, 424379.2875 4584505.8815, 424384.9875 4584507.5675, 424393.7335 4584514.0295, 424394.8455 4584517.5975, 424395.3775 4584522.2255, 424394.8455 4584533.3155, 424392.9615 4584541.5615, 424390.2615 4584550.9775, 424387.8395 4584562.6315, 424385.0855 4584578.5435, 424382.8135 4584587.0775, 424382.1015 4584592.4335, 424381.5575 4584598.7955, 424381.8475 4584604.7275, 424383.8755 4584615.7675, 424387.4515 4584624.8815, 424392.2775 4584631.9695, 424404.0715 4584643.9255, 424409.3975 4584650.8815, 424415.0405 4584659.6435, 424420.4995 4584666.8755, 424424.6055 4584671.2635, 424427.6495 4584674.1075, 424437.4315 4584679.7775, 424441.8695 4584680.5495, 424448.2035 4584681.1415, 424456.3215 4584680.4995, 424467.3915 4584676.6635, 424477.7335 4584673.7595, 424484.8515 4584671.1235, 424493.6695 4584668.8455, 424498.8175 4584668.3555, 424504.9675 4584666.2875, 424513.6355 4584664.6475, 424522.6775 4584663.4875, 424529.2145 4584664.2915, 424543.3155 4584671.3495, 424553.2995 4584678.7215, 424568.6095 4584690.7375, 424579.7555 4584696.4575, 424587.6575 4584697.3735, 424594.3115 4584697.2795, 424598.2215 4584695.8555, 424602.1175 4584693.8445, 424610.5785 4584687.5455, 424622.0375 4584678.1195, 424629.0215 4584674.1435, 424632.5635 4584671.7495, 424636.8555 4584668.1575, 424653.8435 4584651.4295, 424658.2641 4584645.9262, 424666.4192 4584637.6182, 424672.7431 4584633.593, 424697.6935 4584625.6285, 424705.6615 4584622.7235, 424726.3455 4584610.8855, 424742.3555 4584602.7075, 424750.1605 4584599.2255, 424756.6255 4584597.0335, 424775.5235 4584596.8375, 424787.4195 4584597.1215, 424802.5955 4584594.0535, 424833.3475 4584585.2035, 424857.2495 4584576.3715, 424890.3558 4584561.105, 424893.9865 4584558.3095, 424902.767 4584550.5817, 424919.9855 4584548.7775, 424942.3216 4584548.8111, 424948.8736 4584560.2794, 424951.0898 4584568.2385, 424949.5625 4584573.0049, 424944.9642 4584581.034, 424933.5394 4584579.7556, 424929.0117 4584579.7602, 424923.8223 4584581.0433, 424919.9477 4584582.8754, 424917.013 4584585.1852, 424916.2322 4584586.8694, 424906.4423 4584596.7095, 424883.4593 4584606.5166, 424871.6174 4584614.9007, 424863.5754 4584621.7578, 424854.1224 4584627.4149, 424820.7896 4584652.1452, 424818.5347415 4584653.609108, 424810.4107 4584657.0513, 424808.3906 4584658.6143, 424800.543885 4584667.0930455, 424798.7346 4584667.8064, 424791.1426 4584669.2624, 424780.9976 4584671.9105, 424770.3736 4584673.2346, 424768.7766 4584674.0726, 424749.2768 4584693.8628, 424735.4199 4584709.9669, 424726.6869 4584721.038, 424725.4689 4584721.839, 424719.155 4584730.0661, 424714.079 4584737.5801, 424712.1931 4584741.4151, 424710.3821 4584743.6482, 424702.9712 4584754.7342, 424689.6513 4584771.6654, 424683.8863 4584780.1104, 424676.0904 4584792.9065, 424665.0555 4584807.8516, 424646.8076 4584825.3938, 424639.7396 4584834.1269, 424626.3267 4584847.871, 424617.6828 4584859.7341, 424610.6319 4584870.6821, 424606.7339 4584875.8012, 424600.761 4584885.7422, 424595.745 4584895.5573, 424578.6242 4584924.9745, 424567.0594 4584946.0356, 424554.7865 4584962.1366, 424553.5945 4584964.1296, 424552.6625 4584966.3426, 424551.9845 4584969.0946, 424551.7676 4584977.2137, 424552.2136 4584979.3547, 424554.2156 4584984.5177, 424524.9505 4585006.9754, 424525.2641 4585012.1939, 424530.4737 4585025.1674, 424532.3601 4585033.5412, 424532.4515 4585054.0155, 424535.9916 4585064.2943, 424542.9545 4585076.6903, 424551.5517 4585089.8008, 424558.7937 4585102.0259, 424563.2242 4585113.7157, 424564.535 4585121.8984, 424563.4024 4585132.9102, 424561.0049 4585140.6783, 424554.3635 4585147.0605, 424548.4135 4585151.6135, 424544.3885 4585155.9035, 424542.7255 4585158.1795, 424541.1495 4585162.2075, 424540.0135 4585166.3215, 424538.7944 4585201.5889, 424541.5895 4585223.9355, 424541.2395 4585231.2915, 424539.1875 4585238.6855, 424535.5386 4585244.1113, 424531.3694 4585248.4719, 424531.1793 4585252.1782, 424533.2394 4585256.4249, 424535.672 4585258.4791, 424538.6875 4585259.2045, 424549.3035 4585260.4845, 424551.6113 4585259.123, 424554.7551 4585253.1441, 424558.8357 4585248.3072, 424563.7192 4585245.315, 424570.974 4585243.8164, 424587.452 4585244.2527, 424592.596 4585245.131, 424595.648 4585248.9054, 424596.8917 4585255.91, 424597.3077 4585264.4378, 424595.5795 4585271.7506, 424590.1481 4585279.2101, 424582.3616 4585286.916, 424576.0941 4585295.0007, 424573.7459 4585302.0386, 424574.3158 4585315.0553, 424578.3213 4585329.331, 424600.3441 4585369.2933, 424610.7255 4585399.0175, 424611.3315 4585403.5275, 424617.2255 4585423.5215, 424622.4555 4585435.0355, 424632.2295 4585450.1655, 424635.1795 4585456.9935, 424637.4975 4585467.0275, 424634.4265 4585505.6195, 424628.5135 4585565.7875, 424627.4355 4585589.3235, 424630.1615 4585599.4675, 424650.8254 4585629.0725, 424666.3024 4585646.6844, 424661.7095 4585651.8396, 424658.7363 4585658.4834, 424656.7615 4585665.5325, 424662.5655 4585666.7115, 424671.6875 4585670.4295, 424684.7535 4585680.6755, 424687.8235 4585682.7235, 424701.9835 4585689.9435, 424706.9395 4585691.3055, 424714.5575 4585692.2575, 424730.1235 4585692.6855, 424737.5315 4585692.1995, 424745.1715 4585690.5395, 424758.4875 4585686.3055, 424798.6695 4585669.7415, 424837.8855 4585654.4925, 424892.4615 4585633.9155, 424939.5015 4585619.1005, 424947.3855 4585617.5205, 424953.2795 4585617.4185, 424959.7455 4585618.9755, 424979.0455 4585626.0915, 425025.8475 4585644.5175, 425064.3315 4585658.9925, 425084.1915 4585666.9395, 425094.6315 4585669.7755, 425101.7715 4585671.1535, 425108.1735 4585671.8255, 425231.2475 4585674.8495, 425247.1225 4585678.1635, 425266.6455 4585684.3155, 425294.4435 4585693.8845, 425309.5315 4585699.4895, 425319.8395 4585705.2095, 425324.6555 4585710.0815, 425329.5217 4585716.7933, 425325.1884 4585717.582, 425306.2415 4585710.0595, 425303.3375 4585709.0435, 425299.1355 4585708.0935, 425291.7675 4585707.3235, 425264.2875 4585705.4755, 425251.3395 4585703.9875, 425234.4265 4585702.5455, 425221.2295 4585702.8755, 425185.3885 4585708.2475, 425171.3575 4585710.6815, 425154.5845 4585714.3555, 425138.4105 4585718.5515, 425128.6095 4585722.5275, 425124.8095 4585724.5205, 425122.5055 4585726.2775, 425108.4055 4585738.9525, 425106.1795 4585740.1655, 425102.7205 4585741.4495, 425098.2615 4585742.4995, 425087.2375 4585743.4535, 425081.5495 4585744.3715, 425070.6385 4585747.2195, 425065.0015 4585748.2175, 425055.3915 4585748.9515, 425044.7015 4585748.8735, 425036.4975 4585752.2275, 425031.8735 4585754.6195, 425023.1035 4585757.6895, 425011.7015 4585761.1895, 425007.258500001 4585763.3615, 425004.7655 4585765.2135, 425002.5175 4585767.2895, 425000.4795 4585769.8695, 424998.9295 4585772.9375, 424998.2715 4585775.8375, 424998.1475 4585779.6675, 424999.5555 4585794.8715, 425001.7525 4585801.7195, 425004.8175 4585805.1285, 425010.2195 4585812.2235, 425014.3455 4585814.8815, 425018.1075 4585816.4535, 425021.3615 4585817.2365, 425024.6475 4585815.8235, 425033.7335 4585809.2975, 425038.4415 4585807.2495, 425040.4875 4585806.7795, 425042.6515 4585806.7975, 425049.4715 4585808.1535, 425061.4815 4585813.1415, 425068.6875 4585817.1315, 425078.4175 4585820.4215, 425086.3695 4585823.9095, 425091.6415 4585826.8815, 425099.3175 4585829.9395, 425106.9575 4585833.8995, 425120.6475 4585840.2955, 425137.0515 4585851.2795, 425141.2795 4585852.0605, 425147.8475 4585856.0035, 425163.3735 4585862.2235, 425179.5135 4585866.8375, 425198.3055 4585873.7135, 425219.1455 4585883.6595, 425240.3275 4585893.1635, 425259.5215 4585903.1975, 425272.0655 4585911.2335, 425284.6375 4585917.3815, 425306.6515 4585929.1875, 425339.2635 4585943.8355, 425345.2215 4585945.0475, 425348.6535 4585944.7435, 425353.9055 4585943.4315, 425358.4495 4585943.8355, 425360.5695 4585945.2495, 425362.6895 4585947.8755, 425373.6315 4585973.2215, 425377.6375 4585980.3795, 425384.2195 4585989.2555, 425394.7775 4586007.5975, 425398.8055 4586016.0475, 425401.0155 4586025.6695, 425401.6655 4586031.3915, 425400.8855 4586039.9735, 425401.1455 4586045.9535, 425405.2975 4586061.4525, 425416.1765 4586085.4215, 425419.5835 4586091.5775, 425423.3895 4586096.2715, 425428.4655 4586105.4835, 425432.7515 4586115.5975, 425440.9935 4586139.5675, 425445.2795 4586177.4095, 425445.1695 4586180.0475, 425443.6535 4586190.5095, 425442.7295 4586195.9335, 425441.2315 4586201.4735, 425437.3635 4586212.2655, 425428.3835 4586221.9215, 425421.5095 4586242.8375, 425416.8435 4586252.9675, 425410.5315 4586268.0695, 425398.8955 4586289.6335, 425391.9315 4586305.0515, 425380.2215 4586326.9115, 425377.7055 4586330.3355, 425374.0435 4586333.7615, 425366.8755 4586342.0555, 425362.8345 4586347.3845, 425360.7755 4586351.8735, 425359.8595 4586355.1455, 425359.8595 4586359.0275, 425364.2835 4586393.2755, 425364.2075 4586400.2775, 425362.6815 4586409.3335, 425361.0035 4586414.8895, 425355.3595 4586430.5675, 425352.6155 4586435.9695, 425349.6415 4586439.5475, 425341.4035 4586447.0055, 425337.2855 4586451.4195, 425328.2875 4586459.9415, 425323.6355 4586465.1935, 425321.0415 4586468.8475, 425319.7455 4586471.8155, 425318.6015 4586476.3055, 425318.2975 4586480.9475, 425318.9835 4586484.6015, 425320.5085 4586488.7855, 425323.5595 4586495.3315, 425328.1355 4586503.4755, 425337.2095 4586521.2835, 425338.0495 4586524.4795, 425339.1175 4586530.8735, 425340.2615 4586534.9075, 425342.4715 4586539.7775, 425348.0405 4586548.6055, 425355.1315 4586558.9555, 425357.4195 4586561.0875, 425382.5095 4586579.5035, 425397.8375 4586591.5275, 425400.8895 4586595.1815, 425402.9485 4586598.5295, 425405.1595 4586603.0205, 425406.4555 4586607.0535, 425406.9135 4586611.2395, 425406.5315 4586615.5015, 425405.4655 4586619.8395, 425404.3215 4586622.9595, 425402.1855 4586625.6995, 425399.2115 4586628.1355, 425395.7035 4586629.0475, 425388.9915 4586630.1895, 425382.1275 4586632.3195, 425376.4075 4586634.6035, 425366.8755 4586641.4535, 425361.8415 4586645.7915, 425357.1895 4586651.6515, 425354.5975 4586653.7055, 425350.8595 4586654.6955, 425329.5835 4586655.0755, 425324.0915 4586655.9875, 425319.7455 4586657.1295, 425316.3135 4586658.4235, 425313.3395 4586660.5555, 425310.9755 4586662.9895, 425304.1115 4586673.1115, 425294.5785 4586690.3875, 425291.0695 4586698.5315, 425284.8935 4586723.6455, 425281.3855 4586735.5195, 425280.8323 4586740.118, 425280.93514 4586743.7259225, 425263.4668025 4586746.297478, 425244.298737 4586750.313102, 425165.1757355 4586716.6893705, 425138.206574 4586698.316935, 425100.4689905 4586670.7644175, 425069.151 4586667.137, 425049.382 4586688.224, 425026.555558 4586707.365644, 425018.358468 4586712.1749765, 425011.1560575 4586715.1032565, 424978.8460985 4586734.0806995, 424977.10061 4586735.9947155, 424962.985611 4586766.2133875, 424955.145174 4586780.8471765, 424943.097118 4586795.6884525, 424917.372425 4586829.407854, 424910.0642855 4586839.62842, 424908.2866645 4586843.1962155, 424907.2487915 4586846.997337, 424907.306809 4586850.551403, 424907.80564 4586851.1242815, 424907.5304015 4586852.1050875, 424897.7599655 4586859.209306, 424883.1050035 4586864.8916165, 424859.19974 4586872.6207715, 424794.018745 4586896.1356875, 424765.378105 4586899.4190515, 424731.0297295 4586898.046831, 424702.44876 4586968.5504725, 424696.7722065 4586983.620796, 424707.85748 4587030.2194925, 424712.651867 4587047.722136, 424714.481427 4587059.454671, 424715.74447 4587073.2534995, 424705.0175155 4587078.906166, 424680.119295 4587099.065614, 424609.024657 4587132.457761, 424572.203 4587157.891, 424561.6222135 4587163.9930315, 424554.1562965 4587176.4331075, 424551.660816 4587179.5741315, 424547.0813365 4587183.194672, 424543.4143475 4587185.407203, 424531.717542 4587190.4659515, 424498.073 4587231.555, 424491.336 4587239.087, 424477.655 4587250.472, 424449.384095 4587230.616931, 424436.850035 4587212.423538, 424428.6734105 4587204.5065705, 424420.4468 4587203.5628, 424374.103465 4587194.2567145, 424363.7199865 4587194.648021, 424347.322944 4587172.2686705, 424330.89049 4587154.631212, 424318.3302715 4587131.5191395, 424315.824037 4587128.485165, 424309.444425 4587123.150359, 424306.5999975 4587114.76098, 424297.039206 4587079.22183, 424289.235 4587072.193, 424281.923 4587059.821, 424271.901 4587035.051, 424269.0419035 4587030.1652825, 424261.4961955 4587020.5117975, 424251.5912605 4587005.03098, 424247.0040875 4586998.732876, 424225.742771 4586982.2335565, 424222.446766 4586977.8726425, 424217.9734945 4586973.5833265, 424213.6952295 4586970.805982, 424210.2607945 4586965.5899875, 424205.537 4586950.544, 424200.9207415 4586938.335802, 424198.382593 4586933.1204235, 424193.4056995 4586924.758131, 424186.265706 4586917.1589635, 424177.544246 4586911.0049475, 424175.6002575 4586908.6084565, 424171.333 4586896.663, 424170.611917 4586892.952039, 424170.792983 4586882.8595215, 424169.442 4586869.885, 424157.468755 4586847.468755, 424144.74897 4586840.306661, 424138.0 4586838.4516415, 424128.3356005 4586838.0466915, 424112.5175415 4586834.040198, 424098.8947155 4586820.8947155, 424091.046004 4586812.468188, 424085.200027 4586807.200027, 424076.961 4586803.949, 424060.78393 4586801.3260695, 424059.1047415 4586800.167665, 424052.0415085 4586791.4297375, 424049.835945 4586788.0517765, 424048.522 4586776.616, 424035.0922215 4586759.938986, 424000.7560285 4586741.542162, 423978.7932975 4586767.0048385, 423968.2942135 4586774.679221, 423899.4648895 4586805.901328, 423890.902759 4586806.180687, 423887.187836 4586804.9985505, 423883.5676395 4586802.6356415, 423880.230269 4586798.3987015, 423876.9195185 4586790.472255, 423876.2300655 4586782.925835, 423874.0878115 4586772.25194, 423869.4432045 4586762.1280975, 423866.873774 4586753.674755, 423864.0252225 4586740.5111895, 423825.441056 4586743.6801925, 423807.1780645 4586747.103406, 423771.042997 4586755.9011195, 423736.3694615 4586759.897789, 423707.463000001 4586765.933, 423669.427 4586771.286, 423644.406 4586775.4, 423636.343 4586778.187, 423625.983 4586783.228, 423622.305 4586784.288, 423609.075864 4586785.421672, 423596.0139025 4586793.1647835, 423593.9697865 4586796.80355, 423584.0283745 4586810.9705045, 423580.758497 4586818.012223, 423578.997476 4586820.592667, 423472.8198495 4586885.281315, 423456.240815 4586894.868289, 423449.3608935 4586901.7483145, 423444.0599805 4586908.2899685, 423440.9020205 4586916.2978305, 423441.1276575 4586924.756812, 423443.0450685 4586930.170547, 423453.657474 4586944.2657045, 423449.429 4586953.091, 423438.506651 4586969.886514, 423417.821591 4586992.9561515, 423410.733939 4586989.733173, 423407.5727005 4586988.7991965, 423387.4557605 4586987.362426, 423382.0640325 4586985.8107055, 423362.5264835 4586983.065468, 423354.6921035 4586983.7742775, 423352.0001495 4586984.7799925, 423350.2589855 4586986.102947, 423349.0209545 4586988.084233, 423346.5118995 4586997.708916, 423339.637183 4587014.2800715, 423338.036 4587020.3376275, 423337.3432645 4587025.535106, 423337.4001065 4587030.737036, 423338.158399 4587035.280027, 423342.963466 4587046.7237055, 423348.723548 4587063.4874445, 423341.5922445 4587069.923088, 423326.7691185 4587080.14497, 423316.5335285 4587084.206682, 423308.912817 4587085.1422545, 423303.3597985 4587084.8705045, 423253.1347265 4587075.052711, 423249.0049415 4587068.81649, 423235.143904 4587053.009305, 423230.758206 4587047.122286, 423228.1358705 4587042.60989, 423226.260142 4587038.0733925, 423225.181621 4587033.6933695, 423224.8727575 4587029.795712, 423225.285885 4587025.9118435, 423226.3158355 4587022.7177955, 423232.22106 4587013.129154, 423233.395789 4587010.3267335, 423233.9646685 4587006.940407, 423233.975484 4586996.0050255, 423234.59549 4586992.262222, 423236.6905295 4586985.406969, 423236.765674 4586983.054024, 423236.140659 4586981.3592565, 423234.490059 4586979.489837, 423230.003195 4586976.1679585, 423225.5907695 4586973.8918215, 423220.173997 4586972.0423845, 423214.0037855 4586970.738077, 423207.987676 4586970.2174815, 423202.459338 4586970.4617665, 423196.260071 4586971.5525765, 423189.3983955 4586973.548851, 423167.853287 4586981.4286145, 423161.62752 4586984.4713435, 423155.853575 4586988.1180045, 423150.294453 4586992.498519, 423146.950342 4586995.880136, 423144.9284755 4586998.85308, 423143.8234985 4587001.661269, 423143.443607 4587004.5483315, 423143.766427 4587007.0929615, 423146.9758355 4587013.811674, 423147.5860315 4587016.6260955, 423147.0318945 4587027.268164, 423147.440386 4587029.992153, 423151.966431 4587039.424513, 423153.3123865 4587043.624797, 423154.354475 4587049.464525, 423155.156406 4587059.0425945, 423155.2525635 4587068.1077495, 423154.7473275 4587074.2132795, 423151.2385375 4587090.653864, 423149.8285625 4587094.2635855, 423147.7629905 4587097.455608, 423144.440868 4587101.024582, 423130.914043 4587111.207199, 423127.6290935 4587112.9765485, 423123.910995 4587114.1389605, 423103.0136275 4587117.3393125, 423098.828254 4587117.4356585, 423089.6275655 4587116.4870465, 423067.1504565 4587118.330465, 423054.9210445 4587122.423574, 423051.537775 4587122.9780825, 423035.893195 4587120.9542305, 423022.6776315 4587119.8491225, 423016.4199165 4587119.905269, 422980.2662225 4587128.8620645, 422968.758716 4587132.9757055, 422959.511156 4587136.9943325, 422951.8519965 4587141.034868, 422945.1808565 4587145.3713495, 422928.7165305 4587158.871176, 422913.4997295 4587169.4874565, 422909.6007775 4587172.9993595, 422901.618942 4587183.427808, 422890.502297 4587194.723481, 422874.9309735 4587211.608627, 422860.037005 4587220.6405065, 422808.8049835 4587228.268431, 422765.7769395 4587231.276762, 422750.3569165 4587231.404879, 422746.0916055 4587233.2102245, 422741.4877935 4587234.390521, 422731.610948 4587243.0644445, 422725.2125605 4587260.3963675, 422713.27617 4587272.355224, 422709.1568275 4587277.5609445, 422706.421233 4587282.045291, 422704.580277 4587288.2693145, 422704.7415855 4587291.9762595, 422706.973384 4587301.8773175, 422722.821645 4587333.0052455, 422723.5396645 4587335.417244, 422723.4777175 4587342.4292555, 422722.197772 4587349.9092765, 422722.0138155 4587355.629287, 422725.0759415 4587370.1378945, 422729.438721 4587400.5396775, 422729.7466275 4587405.650277, 422729.1882575 4587412.4593205, 422718.7495625 4587445.876588, 422700.7012285 4587494.5708665, 422663.4988255 4587500.697956, 422652.2948135 4587501.406042, 422631.9617745 4587500.4401945, 422626.721752 4587498.5452315, 422620.5657125 4587494.624272, 422618.1107045 4587494.02429, 422609.062685 4587493.3583575, 422593.492639 4587490.454471, 422579.585389 4587489.476763, 422568.173566 4587485.976656, 422563.0705635 4587486.742696, 422560.2745705 4587488.2057195, 422554.309595 4587492.688772, 422552.6306065 4587494.4867875, 422541.329231 4587511.644232, 422538.788002 4587513.7241445, 422532.2790145 4587514.6134865, 422519.9492155 4587514.0970945, 422515.6481225 4587515.1011905)))","MULTIPOLYGON (((2.05896991836021 41.435419774251, 2.05881352885838 41.4355572088497, 2.0583177179335 41.4356594386374, 2.05810591045804 41.4357387712373, 2.05766924816876 41.43580635363, 2.05767247550303 41.435748732697, 2.05772658203459 41.4355663256408, 2.05772748085391 41.43550418193, 2.05766696906808 41.4353019204583, 2.05765153153956 41.4351279511359, 2.05749040540819 41.4346825661847, 2.05748191264612 41.434607735157, 2.05750830869722 41.4345205796067, 2.05756143749413 41.4344057201053, 2.05788528865802 41.4339444914503, 2.05790646708365 41.4338870175015, 2.05790477681303 41.4338383636751, 2.05789083244589 41.4338094257842, 2.05778343826127 41.4337040603379, 2.05767687644473 41.4336239223419, 2.05763912739239 41.4335857820204, 2.05760292687166 41.4335233343787, 2.05759686669253 41.433445821051, 2.05762624008407 41.4334010246494, 2.05770979284886 41.433334153525, 2.05773672051206 41.4332929400231, 2.05776318078189 41.433201281216, 2.05778902029415 41.4329042484655, 2.0578525430291 41.4326498591269, 2.05785441697728 41.432603035961, 2.05841670085778 41.4312952872919, 2.05840160183025 41.4311798004208, 2.05843799553947 41.4308982078287, 2.05844236956356 41.4304298583314, 2.05841232581296 41.4299414107952, 2.05839334929941 41.429763809482, 2.05844845001325 41.4295949211385, 2.05844719113099 41.4291850736117, 2.05833017879597 41.4290003646635, 2.05825804254192 41.4287745888647, 2.05799244144041 41.4282716021721, 2.05769025320448 41.4278989226508, 2.05758215907775 41.4275116191469, 2.05755422778437 41.4271258729964, 2.05767867088915 41.4267963202594, 2.05766496849688 41.4264196980531, 2.05747284971106 41.4262154573543, 2.05679051605719 41.425814439505, 2.05642840217967 41.4256970758588, 2.05586781317373 41.4254844052702, 2.05529907768845 41.4254211881705, 2.05466331277183 41.4252763507342, 2.05325745892005 41.4250071777929, 2.05288556836051 41.4248221669207, 2.052429249043 41.4244355940685, 2.0523329052437 41.424230332108, 2.05240743373565 41.4242075267246, 2.05246168578045 41.4241800505819, 2.0524799487321 41.4241585831983, 2.05248015317282 41.4240622055136, 2.0524331099869 41.4239231038139, 2.05243832839515 41.4238934223165, 2.05247369684404 41.4238477757929, 2.05251603519476 41.4238165985303, 2.05259185136584 41.423787498437, 2.05306222968341 41.4237003962095, 2.05316088500488 41.4236642777939, 2.05371898348861 41.423140134228, 2.05375916302321 41.4230927253892, 2.05380346824788 41.4230084200474, 2.05392040350044 41.4228670645041, 2.05400088652532 41.4228461085295, 2.05416049182671 41.4227330266036, 2.05423250725244 41.4227183060432, 2.05444185194926 41.4227236298225, 2.05447686559054 41.4227022997881, 2.05455378236957 41.4225146768336, 2.05461724401012 41.4224296278523, 2.05464379015528 41.4224145333778, 2.05497355924766 41.4223677019051, 2.05514544895348 41.4223150692279, 2.0555131934642 41.4222901659004, 2.05554456468498 41.4222724086032, 2.05559457571494 41.4222070649797, 2.05571677071992 41.4221152915753, 2.05577541819424 41.4220320039145, 2.0559411446352 41.4219090615645, 2.05603495734675 41.4218765038928, 2.05607984231173 41.4218345372896, 2.0561433143397 41.4217485867931, 2.05619026618636 41.421729155659, 2.05621936124866 41.4217032728214, 2.05637997994725 41.4214370699026, 2.05640309214874 41.4214111379441, 2.05644412621097 41.4213871544552, 2.05646489745866 41.421357600315, 2.05648524134217 41.4212748988689, 2.05648628430038 41.4212028480359, 2.05644134363304 41.4210007131705, 2.0564395894241 41.4209565624069, 2.05637750664802 41.4207813091863, 2.05637711445477 41.4204777557732, 2.05640038276363 41.4204410161812, 2.0565230165183 41.4203186202368, 2.05657067112647 41.4202505546091, 2.05658458877007 41.4201984256753, 2.05657128652746 41.4201253564488, 2.0565806788195 41.4200551755538, 2.0566182163563 41.4199419898118, 2.05663297074062 41.419749351892, 2.05668114614994 41.4196452607781, 2.05668869265383 41.4195372335445, 2.05684087637899 41.4192745636754, 2.05685632887911 41.4191990279729, 2.05685367763674 41.4191341527665, 2.05686500636197 41.4190955137038, 2.05694029617021 41.4190195677686, 2.05702122948886 41.4189670873501, 2.0570819136232 41.4189081357146, 2.05710766512052 41.4188651111207, 2.05704515039748 41.4188024474999, 2.05707113637542 41.418743211466, 2.05712131246478 41.4186661588267, 2.05725019739955 41.418524897693, 2.05730093315647 41.4184091176179, 2.05728106374811 41.4182936597264, 2.0572597616678 41.4182772717995, 2.05722383025033 41.418196811246, 2.05723021639478 41.418168940551, 2.0572211526134 41.4181337373056, 2.05717511549841 41.4180901243775, 2.05708790954907 41.4178317972221, 2.05706805165166 41.4177983069806, 2.05705805415416 41.417662212864, 2.05703282841027 41.417503475355, 2.05697288165322 41.4172633863721, 2.05697779990925 41.4171715509041, 2.05694641206362 41.4169425049001, 2.05689746414004 41.4168520293575, 2.05690593270977 41.4167629252192, 2.05689423108646 41.4166619460749, 2.05690182668126 41.4166331845624, 2.05694547189297 41.4165939096404, 2.05696278230357 41.4165553195827, 2.05689903471987 41.415999038534, 2.05622584726708 41.4156350223475, 2.05608569600695 41.4153150094633, 2.05594435589329 41.4151598226548, 2.05571671817893 41.4150147363146, 2.05523166599915 41.414467605916, 2.05481737740718 41.414157049586, 2.05464090840544 41.4139493294352, 2.05484544002804 41.4134096513848, 2.05494239118224 41.4129689105577, 2.05498904553982 41.4121823636362, 2.05685195202703 41.4103299030189, 2.05743784033186 41.4103344585558, 2.05876513265312 41.4106464769354, 2.05899606396683 41.4109853469128, 2.05899322740123 41.4115354945078, 2.05907429397541 41.4122586946123, 2.05886951245381 41.4124589456724, 2.05847264708558 41.4126936993503, 2.05829133034985 41.4128228205008, 2.05851758381129 41.4127446258335, 2.05957989024014 41.4127986602386, 2.06018695397614 41.4126833634166, 2.06077824844015 41.4127269303401, 2.06149266584342 41.4129464996634, 2.06152224451037 41.4130442050234, 2.06156464836853 41.4131107645845, 2.0616761441882 41.4131902999027, 2.06173090406167 41.4132513395339, 2.06176486037122 41.4132805123141, 2.06190925018749 41.4133890854083, 2.06195051785332 41.4134307029747, 2.06196347250091 41.4134534172663, 2.06200034081757 41.413585424604, 2.0620484282377 41.4136646812658, 2.06262655468081 41.4136033577442, 2.0633816989947 41.4135719558775, 2.06349607018911 41.4135502314146, 2.06398809101425 41.414160245891, 2.06415787839997 41.4142867332077, 2.06422451603155 41.4144597298149, 2.06425457391345 41.4145211257783, 2.06437727048922 41.4150293774096, 2.06471091803453 41.4155925491163, 2.06490300219504 41.4160929647458, 2.06498985713513 41.4166322341211, 2.06471463954766 41.4171364516647, 2.06440898477862 41.4176451453755, 2.06428744918819 41.4178405603882, 2.06458049301787 41.4180262293409, 2.06566561662497 41.4181277777188, 2.06678357183846 41.4180591246554, 2.06724190012945 41.4180823966618, 2.06757245190099 41.418294412494, 2.06811475686326 41.4184612573014, 2.07003293942619 41.4186921220795, 2.07048495376128 41.4188120950464, 2.07023914839474 41.4201551692023, 2.07017083687613 41.4209773483498, 2.06996045854785 41.421343084601, 2.06979530378004 41.4217661048113, 2.0698738554537 41.4227029505545, 2.06954343734846 41.4230517418825, 2.06939763112018 41.4233540906858, 2.06967405704749 41.4251760794767, 2.06933638305475 41.4252650594601, 2.06765554732895 41.4259916138684, 2.06704455220639 41.4262665383652, 2.06701551732645 41.4263577356287, 2.06700540264074 41.4264157545, 2.0670147286691 41.4264914254542, 2.06704889889865 41.4265657089909, 2.0670838722245 41.4266253470759, 2.06712009629804 41.4267516532464, 2.06711595448318 41.4268146586313, 2.06710409963893 41.4268506498198, 2.06697285321134 41.4269887973654, 2.06686273746129 41.4272157078137, 2.06681382967594 41.4272697626774, 2.06680380974583 41.4273218878179, 2.066818448463 41.4273884663054, 2.06685678303511 41.4274541647138, 2.06692750696773 41.4275406445611, 2.06695667714446 41.4276465427208, 2.06700139776595 41.4277406393212, 2.06711152965149 41.427869766092, 2.0671631864075 41.4279053473401, 2.06729226564226 41.4280295067745, 2.06744452094858 41.4281594871554, 2.06746643364872 41.4282126806783, 2.06745925752505 41.4282896309534, 2.06743987236114 41.4283485043247, 2.06744164333356 41.4284165073815, 2.06746320814772 41.4285406656428, 2.06749542588784 41.4286421637095, 2.06757248819186 41.428703025152, 2.06771903567142 41.4287398139029, 2.06776812277759 41.4287469893081, 2.06786648886014 41.4287968699287, 2.06786674871358 41.4288494726516, 2.06788341533009 41.4290075295797, 2.06783030590011 41.4291309096933, 2.06776577949801 41.429215839196, 2.06773365723882 41.4293764462221, 2.06781367286496 41.4295447817825, 2.06739591697501 41.4295352494336, 2.06665297482692 41.4297661875062, 2.06641247616555 41.4298093685153, 2.06596880807529 41.4300803391365, 2.06553655108897 41.4299038160123, 2.06458185384196 41.4299148660856, 2.06410954830941 41.4304602549694, 2.06366220828107 41.4311276298865, 2.06346345490494 41.4320699507493, 2.06331068502861 41.4323220051873, 2.06330618742296 41.4326063875204, 2.0633169019505 41.4329044672889, 2.06309899350133 41.4329483485691, 2.06290781088848 41.4335831665849, 2.06212016505581 41.4333583490564, 2.06092746448793 41.4336770909363, 2.06002039333913 41.4339552448278, 2.05983324802513 41.4341157152243, 2.05949863910206 41.4344784082, 2.05936152288865 41.4347864005562, 2.05931733174863 41.4350664309732, 2.05935818513286 41.4353878208079, 2.05911649891964 41.4353813406381, 2.05896991836021 41.435419774251)), ((2.07255495760209 41.4354688600812, 2.07251899222431 41.4354879507592, 2.07252231718233 41.4355045157143, 2.07278777004949 41.4357523426169, 2.07292220855714 41.4359906627643, 2.07300970642162 41.4361008435401, 2.07310043490765 41.4361591710568, 2.07328599706545 41.4363475744052, 2.07334021206022 41.4364484644947, 2.07302786514847 41.4366069278992, 2.0726129014094 41.4365545946214, 2.07209977222023 41.4364024717738, 2.07181302298045 41.4363252414574, 2.07176783034059 41.4363023647829, 2.07166616619414 41.4361736625517, 2.07118069838707 41.4353008721816, 2.07105961921366 41.4350520334003, 2.07098218314899 41.4347398880299, 2.07093779500162 41.4343986958133, 2.07099787336956 41.4341932649942, 2.07118409680055 41.4338719687436, 2.07135635881196 41.4333532038166, 2.07147546018871 41.4330779517212, 2.07223731733645 41.4320398721728, 2.07312177966862 41.430665158318, 2.07344576443575 41.4305049319263, 2.07360160084625 41.4304214363349, 2.07371947143919 41.4303681449641, 2.07390807861192 41.4303029925668, 2.07411363266304 41.4302074662554, 2.07433329107107 41.4300702431178, 2.07441789934782 41.4300054487578, 2.07446094592471 41.4299439933436, 2.07449407051814 41.4299164054514, 2.07453209416763 41.4298945148115, 2.07465231410902 41.4298454306798, 2.07487648511948 41.4297610584, 2.07497625808184 41.4297103507423, 2.07506507811777 41.4296743952042, 2.07526845265083 41.4296130038434, 2.07541818505261 41.4295763913827, 2.07547791644027 41.4295516610215, 2.0755423936905 41.4295143637061, 2.0756348264445 41.429438329814, 2.07572745386177 41.4293485464619, 2.07580490571117 41.4292552034754, 2.07583111133026 41.4292324956056, 2.0759201900455 41.4291782068859, 2.07609625644688 41.4291097193717, 2.07621558795785 41.429069424152, 2.07630456874928 41.4290220098157, 2.076475032918 41.4289030327001, 2.0766171871776 41.4287091542845, 2.07546239072192 41.4283591564917, 2.07458631172769 41.428107908602, 2.07399236805121 41.4279829328996, 2.07381817564126 41.4279319282109, 2.07352599983397 41.4277998425667, 2.07322095597333 41.4276810026006, 2.07313300116022 41.4276268759656, 2.07299150919131 41.4275232640198, 2.07320481126926 41.4274604296926, 2.07322806239166 41.4274155498859, 2.07320847416762 41.4272942992056, 2.07313862929657 41.4270818483244, 2.07310473557783 41.4268924078689, 2.07308770804968 41.4268484578023, 2.07306347880416 41.4267493876439, 2.07301133570036 41.4266717359533, 2.07297633381268 41.4265913771728, 2.07294982128254 41.4262891104129, 2.07291497357643 41.4262122963621, 2.07281683961812 41.4261309295724, 2.0727172329986 41.4260571292267, 2.07263986336147 41.4259792937866, 2.07257327030337 41.4258723124939, 2.07254368623308 41.4257827847105, 2.07254463983589 41.425756551257, 2.07261831279559 41.4256202931685, 2.07265611343182 41.425586306759, 2.0727258364358 41.4255385238439, 2.0727740495828 41.4254941985993, 2.07278760953514 41.4254377488171, 2.07278285292104 41.4253735706215, 2.07276249961716 41.4253270642457, 2.07272204187313 41.4251857727487, 2.07270468896125 41.4251528399247, 2.07300636438502 41.4249893816738, 2.07305273070133 41.4249747074542, 2.07318751692021 41.4249441786246, 2.07342400455601 41.4249456330631, 2.07353811892231 41.4249298889417, 2.07363920111288 41.4249034077672, 2.07393991426998 41.4248589480368, 2.07402552933818 41.4248425349335, 2.07406558624116 41.4248240070322, 2.07414840564998 41.4248068922575, 2.07426553824265 41.4248080918828, 2.07439647007904 41.4247916117793, 2.07454036754704 41.4247799841456, 2.07461022150762 41.424809544685, 2.07467140243039 41.4248292896693, 2.07477022524427 41.424848166313, 2.07480050819359 41.4248672562476, 2.07492593368526 41.4249087431702, 2.07515875382826 41.4249959036727, 2.07532366869441 41.4249942018774, 2.07540793173898 41.424979278294, 2.07544671913293 41.4249622162279, 2.07551218414938 41.4249439164727, 2.07561204312372 41.4249382655651, 2.07570503554227 41.4249251738694, 2.07594828833003 41.4249662370455, 2.07604812290831 41.4249775861934, 2.07607505765606 41.4249858938852, 2.07617390390811 41.4250028774261, 2.07632617840715 41.4250090601246, 2.07637460322366 41.4250257577542, 2.07647008162899 41.4250422362439, 2.07656159775376 41.4250432067532, 2.07662797897175 41.4250532839319, 2.07676298231767 41.425043539053, 2.07678099331154 41.4250471326875, 2.07690094277852 41.4250494638099, 2.07713854016516 41.4250477036456, 2.07722247226617 41.4250383388465, 2.07740938203504 41.4250009050738, 2.07760491779608 41.4249434408337, 2.07798146767469 41.4249474660126, 2.0781182045158 41.4249417653293, 2.078311450974 41.4248986423979, 2.07884375368207 41.4246838091187, 2.07923396306014 41.4245450327777, 2.07967930844622 41.4244689820379, 2.07981281184548 41.4244786582358, 2.07990668032046 41.4244657186963, 2.08004959802314 41.4244669815122, 2.08023059934945 41.424485547488, 2.0802780501682 41.4245121964215, 2.08036286018093 41.4245712139954, 2.08054352585851 41.4245793940038, 2.08058785249485 41.4244118241601, 2.08096158312202 41.4240043839561, 2.08058916374335 41.4240589160653, 2.08055189854057 41.4240548094932, 2.08036080017063 41.4239867363895, 2.08024550052106 41.4238300410742, 2.08022427897132 41.423727814505, 2.08026014977773 41.4234662797491, 2.08024239926479 41.4233623819502, 2.08016141900161 41.4231845013238, 2.08006908216414 41.4230648614626, 2.0790628095037 41.4227479306025, 2.07870385149719 41.4226609128123, 2.07805328895633 41.4225257178707, 2.07795464274158 41.4224879902073, 2.07790805811967 41.4224783863814, 2.07770324709222 41.4224891406582, 2.07759840603585 41.4224893603267, 2.07719569655187 41.4224153871135, 2.07606079957654 41.4223081348449, 2.07543932769148 41.4220679755654, 2.0753403619094 41.4219773020558, 2.07539049406673 41.421906855899, 2.07548178604533 41.4218437497174, 2.07567548620735 41.4217553416499, 2.07585970917127 41.4216506292827, 2.07601972021418 41.4215391159478, 2.07611327866317 41.421489952132, 2.07628483233049 41.4213843889324, 2.07636671457964 41.4213482058518, 2.07651930212955 41.4212576542484, 2.07664852655999 41.4212016894745, 2.07681770661739 41.4211388206585, 2.07695294925835 41.42102304918, 2.07703235513942 41.4208056891524, 2.07699642536085 41.4206962206032, 2.07699627372285 41.4206221832635, 2.07700892730816 41.4205797956939, 2.07699305787203 41.4205176060991, 2.07695917657702 41.4204319176751, 2.07693866069763 41.4204120463548, 2.07694171897978 41.4201496193636, 2.07693121824997 41.4201032264464, 2.07695532297514 41.4200378797248, 2.07695947811233 41.419959818939, 2.07693898286896 41.4199056006705, 2.07685111914527 41.4197914774198, 2.07683050888345 41.4196127905851, 2.07683119447337 41.4195326515599, 2.07685503356282 41.4194830059865, 2.07690289195849 41.4194256466435, 2.07695375314626 41.4193888872535, 2.07707400641935 41.4193501050759, 2.07711956713674 41.4193187190299, 2.07719683396884 41.4192445014264, 2.07727250090462 41.4192262715685, 2.07734506700116 41.4191904477805, 2.07744676802104 41.4190797051333, 2.07751531501635 41.4190261799086, 2.07755710130493 41.4189316780679, 2.07756977968669 41.4189170317881, 2.07760772988578 41.418806160459, 2.0776561640867 41.4186974585411, 2.07764993079041 41.4185975148982, 2.07799247748114 41.4186435313401, 2.07818261330223 41.4187021158486, 2.07847415111689 41.4188263204025, 2.07875766530657 41.4188639877585, 2.07868731033417 41.4187815763739, 2.0786147586454 41.4186386397947, 2.07860366621289 41.4185733368882, 2.0786047818107 41.4185291422699, 2.07864098560105 41.4184841837322, 2.07873723176748 41.4184433877399, 2.07876196322505 41.4184218696334, 2.0787687250441 41.4183956949794, 2.07876754284617 41.4183691176874, 2.07872713905604 41.4182950758015, 2.07868622207201 41.4181841766896, 2.07867014326973 41.418159833158, 2.07864904817736 41.4180523064502, 2.07864762836097 41.4180040013859, 2.07867206074729 41.4179293843075, 2.07874655661701 41.4179039390364, 2.07879243101454 41.4178778104277, 2.07891564065403 41.4177614392085, 2.0790319576522 41.4176011671267, 2.07908639234514 41.4174640052685, 2.07919620545923 41.4171047173652, 2.07923914491817 41.4170090507543, 2.07926090226372 41.4169340817068, 2.07926301797859 41.4167833192397, 2.07928296006486 41.4167471058305, 2.07947613101183 41.4165163434266, 2.07955271520651 41.4164477003865, 2.07974059073151 41.4163282111793, 2.07980926845892 41.4162458558176, 2.07974441306238 41.4156592409378, 2.07963424645786 41.4156372416009, 2.07950463239307 41.4155968322475, 2.07945746066326 41.4155681251299, 2.07942196712167 41.4155194391522, 2.0793425685469 41.4153895491767, 2.07924226855816 41.4152813659803, 2.07904409908053 41.4151330094661, 2.07902448279648 41.415101575881, 2.0790200485872 41.4150754410254, 2.07903298166822 41.4150436217962, 2.0791230173685 41.41497826889, 2.07906699170762 41.4149355399593, 2.0785851855744 41.4149788076734, 2.07733922014036 41.4146277691605, 2.07732501505955 41.4145129274717, 2.07730728416973 41.414454453087, 2.07731038746607 41.4144414712314, 2.07726546184145 41.4144073240107, 2.07717413472954 41.4143883604377, 2.07711494646821 41.414349982354, 2.0770771831602 41.4143001384996, 2.077072992338 41.4142825944161, 2.07700676198931 41.4142438355165, 2.07689202305085 41.4141392212955, 2.07684495688738 41.4140695223808, 2.07683156773729 41.4140281068212, 2.0767342529315 41.4139605357386, 2.07670065366865 41.4139301542251, 2.07660171139084 41.4138752884759, 2.07655729423987 41.4138728782733, 2.07651585404076 41.4138250223864, 2.07649472097778 41.4137770322468, 2.07639317313812 41.4136476628704, 2.07630438064921 41.4135503902442, 2.07628239949521 41.4134398185579, 2.07622855185425 41.4133488884418, 2.07611606664356 41.4131403096229, 2.076042176339 41.4129304283165, 2.07599203861293 41.4128361230644, 2.07598170135222 41.4127989293781, 2.07597426823199 41.4127873041227, 2.07599166423322 41.4127586920812, 2.07603608264756 41.4127415383456, 2.07604742791095 41.4127278660865, 2.07595267650514 41.4126813923366, 2.07581336644293 41.4125606815345, 2.07554526415427 41.4123910611964, 2.07543287589154 41.4123396083027, 2.07531520793594 41.4123196028862, 2.07526315281147 41.4123049167044, 2.07511084853328 41.4122990806159, 2.07488331823447 41.4122587894867, 2.07473219804331 41.4122437207819, 2.07454097299781 41.4122015411475, 2.0744701040788 41.4121652925757, 2.07437509129378 41.4120463415362, 2.07425081891713 41.4119303075884, 2.07413406523201 41.4118847542046, 2.07395124104601 41.4118703751144, 2.07355760236982 41.4118781410419, 2.07343956299025 41.4118607969207, 2.07331338983743 41.4117835146891, 2.07323840633923 41.4116883235376, 2.0730609552805 41.4114256510973, 2.07294405396365 41.4113973355638, 2.0729137574086 41.4113452626038, 2.07283755392671 41.4113325785489, 2.07280969476549 41.4113059982547, 2.07263497971572 41.4112414929496, 2.07260988826434 41.4112154933776, 2.07259860068392 41.4111796518459, 2.0725088661708 41.411156806194, 2.07238915723295 41.4111484369661, 2.07228024037427 41.4111114929506, 2.07222312987431 41.4110712915777, 2.07217772710665 41.4109869400284, 2.07213695045915 41.410954522159, 2.07215861032967 41.4108286511692, 2.0721424067838 41.410735545651, 2.07210312229414 41.4106248515979, 2.07208125190055 41.4105869340154, 2.07196261699923 41.4104300402435, 2.07186703206533 41.4101702150639, 2.07165274291084 41.4096812374002, 2.0715753031078 41.409416045805, 2.07151164222617 41.4092889954585, 2.07143942737451 41.4091871239101, 2.07135930405275 41.4089172356274, 2.07135971949653 41.4088267321524, 2.07135052962691 41.4088066524357, 2.07135082256363 41.4087642387313, 2.07136981140205 41.4086944131418, 2.07143890271949 41.408580360025, 2.07156790519284 41.4084440465387, 2.07162769789302 41.4083561659683, 2.07174171903829 41.4082266581198, 2.07183318055503 41.4081060116377, 2.07196191271289 41.4078927268644, 2.07203900538491 41.4077258452665, 2.07206187471887 41.4075445872649, 2.07192370151559 41.4074014171801, 2.07152350082016 41.4071865068688, 2.07095004785242 41.4072091368965, 2.07031682480601 41.4072299543088, 2.06999959346844 41.4070277682834, 2.07018553572888 41.4066677922881, 2.07027243369997 41.4064433298955, 2.07050215749655 41.4060407668092, 2.07105487833193 41.4052822285113, 2.0714658156667 41.4047297507236, 2.07174959517714 41.4043810813791, 2.07205825760907 41.4040940878752, 2.0721922793325 41.4034641892818, 2.07279244613681 41.4031575010483, 2.0737515633129 41.4032962029725, 2.07489361319671 41.4029089777354, 2.07504047790012 41.4029908662394, 2.07533418099633 41.4031040890202, 2.07560715588212 41.4031779098326, 2.07585085656442 41.4032069232625, 2.07640670314757 41.4031932573269, 2.07696242447982 41.4030913803693, 2.07735024344452 41.4030030148984, 2.07777482402555 41.4028673167515, 2.07787264229078 41.4028842358369, 2.07797994604562 41.402913531439, 2.07807181729356 41.4029458658007, 2.07821366286164 41.4030059858563, 2.07847837348029 41.4030828871627, 2.07859255180252 41.403120664633, 2.07867437092985 41.4031718769093, 2.07874082477462 41.4032208601524, 2.07890060495038 41.4033980352657, 2.07895393968799 41.4034848302488, 2.07898922714779 41.4035620048935, 2.07903616759977 41.4036259282565, 2.07913250962268 41.4037358148359, 2.0792300222156 41.4038183145199, 2.07930806729612 41.4038678973154, 2.07958520064648 41.4040565447172, 2.07974023266601 41.4041736423611, 2.07994343686161 41.4043469523422, 2.08006350568209 41.4044637690498, 2.08011968055546 41.404547428177, 2.0801617688327 41.404638349061, 2.08020361966126 41.4047461146756, 2.08023679799188 41.404873826412, 2.08025859716086 41.404977317098, 2.08031324107209 41.405149908008, 2.08028281756298 41.4053890388417, 2.08027693066232 41.405540605268, 2.08028147645486 41.4056621224493, 2.08035794632816 41.4058713896, 2.08042224961676 41.4059634643459, 2.08057755233729 41.4060038239934, 2.08067370732018 41.4060552673933, 2.0807600009832 41.4061340136846, 2.08083917637371 41.4062429743939, 2.08091063135808 41.4063342998311, 2.0809753093985 41.4063903600517, 2.08114466144353 41.4064668186376, 2.08145179027744 41.4065820921361, 2.08162108713911 41.4066399455849, 2.08175173253253 41.4066890151964, 2.08183286927627 41.4067242639615, 2.08202374596138 41.4068249014934, 2.08220121881012 41.4069242545096, 2.08239473879487 41.4070388029052, 2.0824516859784 41.4070806922614, 2.08249717033062 41.4071375542429, 2.08256142973305 41.4072542258869, 2.08259576659595 41.4073249154516, 2.08264036530464 41.4074797975222, 2.08269640128251 41.4075588613542, 2.0827915165564 41.4077625116309, 2.08286329153717 41.4078105521796, 2.08304905197738 41.4079027865012, 2.08318080438674 41.4079930219626, 2.08326415660362 41.4080648035815, 2.08340280956694 41.4081684797455, 2.08354258661404 41.4082791229521, 2.08356021456837 41.408355934798, 2.08362069333286 41.4084894196533, 2.08363788826269 41.4085425663615, 2.08377042764603 41.408631438278, 2.08387288341637 41.4087245300866, 2.08396151693165 41.4087841526559, 2.08406589794049 41.4088628738197, 2.08409798917985 41.4088890941743, 2.08413527378153 41.4089383455791, 2.08416148196889 41.4089903920861, 2.08418642015883 41.40909291524, 2.08417579115964 41.4091563646867, 2.08412781294025 41.4092822275899, 2.08412596172426 41.4093199864977, 2.08413339275687 41.4093548369301, 2.08418575877983 41.4093870617872, 2.08426521324496 41.4094050957138, 2.08456818462862 41.4094991422649, 2.08488959031907 41.4095811097335, 2.08503325970475 41.4096066877907, 2.08520718877911 41.4096447203752, 2.08545574235549 41.4097138928782, 2.08569479400239 41.4097371693346, 2.08600146884596 41.4097121117078, 2.0865388663469 41.4095804518439, 2.08682410312175 41.4094926056127, 2.08689353554026 41.4094595588914, 2.08707463745858 41.4092746688262, 2.08715890992755 41.4091959223929, 2.08725738252191 41.4091172840478, 2.08738224894026 41.4090373318217, 2.08748656916316 41.4089755430636, 2.08759196264867 41.4089298977703, 2.08786666854282 41.4088496857071, 2.08805982719203 41.4087876585242, 2.08844605309731 41.4086706624983, 2.08866946804271 41.408609960302, 2.08922839231097 41.408510896869, 2.08959990524391 41.4084396833679, 2.09032391250166 41.4083147578967, 2.09044595457799 41.4083074782521, 2.09089919446262 41.4083169423509, 2.09107454980866 41.4082983150502, 2.09134730961646 41.4082362878451, 2.09153472654894 41.4082070470385, 2.09158101716577 41.4082526832099, 2.09167211852933 41.4083105708968, 2.09179899491717 41.4083822630082, 2.0918815358316 41.4084210070663, 2.09195593635286 41.4084429059302, 2.0920648136397 41.4084642751617, 2.09215088583895 41.4084762677319, 2.09229464753598 41.4084858780463, 2.09237976073269 41.4084876934634, 2.09246494589628 41.4084826186825, 2.09282813893046 41.4084480299921, 2.09290248509901 41.4084514985639, 2.093020368151 41.4084645339396, 2.09315409715138 41.4084978527776, 2.09330217502273 41.4085455523492, 2.09369636371636 41.4087101077957, 2.09381362584678 41.4087144903118, 2.09408769392562 41.4086930130717, 2.09415976740488 41.4086930220888, 2.09425950617989 41.4086979417414, 2.0943359675932 41.4087059207593, 2.09438122806439 41.4087051240765, 2.09444402829584 41.4086974396152, 2.09450960104328 41.4086830934086, 2.09487046104282 41.4085890307065, 2.09497155914802 41.4085528954478, 2.09508976245511 41.4085325495943, 2.09523528015712 41.4085441246638, 2.09530325903339 41.408559845796, 2.09540708079885 41.4086188683128, 2.09541993798846 41.4086511080012, 2.0954257241596 41.408692839996, 2.09541797424898 41.4087926717392, 2.09539440547262 41.4088667619027, 2.09536092852489 41.408951312876, 2.09533049761271 41.4090560464727, 2.09529556276328 41.4091990983831, 2.09526731597884 41.4092757458762, 2.09525812888397 41.4093239175552, 2.09525082588592 41.409381165548, 2.09525355395129 41.4094346192176, 2.09527643586087 41.4095342414444, 2.09531807765245 41.4096166628251, 2.09537492680088 41.4096809546621, 2.09551452818216 41.4097897453457, 2.0955773758227 41.4098528952551, 2.095643790373 41.4099323406279, 2.09570819492714 41.40999798876, 2.09575676838799 41.4100378952361, 2.09579282964918 41.4100637958494, 2.09590914718711 41.4101157822073, 2.09596214421851 41.4101231524074, 2.09603784628846 41.4101290796379, 2.09613504508575 41.4101240605058, 2.09626795842722 41.4100905520305, 2.09639204598884 41.4100653690307, 2.0964775301512 41.4100422967403, 2.09658330728216 41.4100226084024, 2.09664495576414 41.4100186788151, 2.0967187883925 41.4100006310929, 2.09682269129596 41.409986674575, 2.09693100857617 41.4099770761904, 2.09700911269477 41.4099849312161, 2.09717692774563 41.4100498228111, 2.09729545077833 41.4101171557623, 2.09747711213869 41.4102268145118, 2.09760974318904 41.4102793774955, 2.09770416384945 41.4102883688602, 2.09778378006663 41.4102881465262, 2.0978307344284 41.4102756881124, 2.0978775944268 41.4102579415643, 2.09797960154711 41.4102020034116, 2.09811786423719 41.410118183071, 2.09820191169636 41.4100830282477, 2.09824458412842 41.4100617988711, 2.09829637825836 41.4100298500394, 2.09850169472682 41.4098807823102, 2.0985552650426 41.4098316313305, 2.0986538614483 41.4097575698735, 2.09873001730387 41.4097219096685, 2.09902949768574 41.4096525154194, 2.09912518267313 41.4096270980333, 2.099374103926 41.4095224166092, 2.09956665296578 41.4094502607552, 2.09966045919485 41.4094196309164, 2.09973807418388 41.4094004939253, 2.09996418004964 41.4094004974838, 2.10010645958085 41.4094041685478, 2.10028839514034 41.4093779565642, 2.10065738824999 41.4093011255355, 2.10094443020843 41.4092238150889, 2.10134238310079 41.4090894118121, 2.10138616484181 41.4090645734336, 2.101492166671 41.4089957934902, 2.10169837855983 41.4089811524797, 2.10196558517111 41.4089835411113, 2.10204254560615 41.4090874420116, 2.1020680713689 41.409159332479, 2.10204920881525 41.4092021184033, 2.10199320248872 41.4092740030419, 2.10185668352328 41.409261422267, 2.10180251703204 41.4092610408423, 2.10174027585506 41.4092721123826, 2.10169369580288 41.4092882512631, 2.10165830070417 41.4093087803206, 2.10164875083507 41.409323876111, 2.10153041079522 41.4094115862914, 2.10125424187856 41.4094977663045, 2.1011115330956 41.4095721708313, 2.10101447293098 41.409633177491, 2.10090068137805 41.4096832443712, 2.10049883848896 41.4099028604344, 2.1004716809602 41.4099158341922, 2.10037406252311 41.4099460763117, 2.10034970113776 41.409959964471, 2.10025477442618 41.4100355940635, 2.10023304063109 41.4100418496033, 2.10014203377115 41.4100542526967, 2.10002033620186 41.4100771534331, 2.09989307269571 41.410088084626, 2.09987386299837 41.4100954825837, 2.09963811844571 41.4102718972698, 2.09947033960872 41.410415641091, 2.09936448570712 41.4105145349218, 2.09934981457678 41.4105216350437, 2.09927325498099 41.4105951409103, 2.09921159352872 41.4106623401551, 2.09918855443847 41.4106967033521, 2.0991666107087 41.4107166460817, 2.09907657095304 41.4108157976728, 2.0989151109458 41.4109670402093, 2.09884509000178 41.4110425597178, 2.098750230446 41.411157076938, 2.09861635292749 41.411290645406, 2.09839585785886 41.4114469282147, 2.09831021129595 41.4115249199833, 2.09814803214675 41.4116474481324, 2.0980431415189 41.4117534821696, 2.09795742273479 41.4118514237066, 2.09791015039087 41.411897163105, 2.09783745359377 41.4119861361487, 2.09777622038405 41.4120740650045, 2.09756772473152 41.4123374037642, 2.09742674021606 41.412526004627, 2.09727790178312 41.4126698658345, 2.09726339236063 41.4126877038347, 2.09725196609656 41.4127075476641, 2.0972435114298 41.4127322698246, 2.09723990400309 41.4128053739005, 2.09724497290156 41.4128246986233, 2.09726828075107 41.4128713869695, 2.09691535514121 41.4130709038101, 2.09691845602848 41.4131179335219, 2.09697916496916 41.4132352681744, 2.09700068922949 41.4133108636877, 2.09699922881611 41.4134952734245, 2.09704030044015 41.4135881815373, 2.09712205858634 41.4137004795067, 2.09722328075553 41.4138193659709, 2.0973083999856 41.4139301508059, 2.09735994920186 41.4140358505157, 2.09737461144137 41.4141096707898, 2.09735968781838 41.4142087419128, 2.09733003518125 41.4142784800141, 2.09724978065882 41.4143353376427, 2.09717802614808 41.4143757854946, 2.0971293353615 41.414414045342, 2.09710915508291 41.4144343879207, 2.09708979714718 41.4144705179961, 2.09707569270087 41.4145074639388, 2.0970567080832 41.4148249841584, 2.09708736197704 41.4150265105294, 2.09708225694035 41.415092729236, 2.09705678391806 41.4151591303714, 2.09701245055851 41.4152076550179, 2.09696202498463 41.4152465370971, 2.09695928820183 41.4152798999107, 2.09698340612666 41.4153183411329, 2.0970122542966 41.4153370706524, 2.09704824224725 41.4153438871075, 2.09717509594588 41.4153564121689, 2.0972028770399 41.4153443665357, 2.09724123615292 41.4152908129206, 2.09729066095624 41.4152476326202, 2.09734946180621 41.4152211418961, 2.09743644733512 41.4152083257761, 2.09763354081488 41.4152138017624, 2.09769497574245 41.4152221948399, 2.09773102036012 41.415256475228, 2.09774502730626 41.4153196786303, 2.09774894153736 41.4153965230214, 2.09772735324679 41.4154622233639, 2.09766144018064 41.4155288974588, 2.09756731895142 41.4155975696903, 2.09749132420635 41.4156697960598, 2.09746235190655 41.4157329622774, 2.09746754745086 41.4158502502423, 2.09751369109485 41.4159791997978, 2.09777220076413 41.4163411855526, 2.09789270473918 41.4166098695649, 2.09789939319531 41.4166505455806, 2.09796742076817 41.4168311737948, 2.09802856089404 41.4169353648488, 2.09814361802536 41.4170725494488, 2.09817806303979 41.4171343222776, 2.09820454701458 41.4172249105556, 2.09816299513563 41.4175722000701, 2.09808475025573 41.4181135464591, 2.09806891930828 41.4183254214892, 2.09810027155704 41.4184170387576, 2.09834382500893 41.418685613094, 2.09852681295982 41.4188456852173, 2.09847121688566 41.4188916847274, 2.09843481500992 41.4189512431024, 2.09841030844424 41.4190145454012, 2.09847960650525 41.4190257082206, 2.09858828829194 41.4190600494734, 2.09874334737349 41.4191535545127, 2.09877982502279 41.4191722875033, 2.09894835114029 41.4192386412456, 2.09900748038964 41.4192513724659, 2.09909851167942 41.4192606604261, 2.09928470649584 41.4192659735009, 2.09937340412524 41.4192622902743, 2.09946502371174 41.4192480551163, 2.09962487711059 41.4192111687625, 2.10010771623608 41.4190657472765, 2.10057883163632 41.4189320768863, 2.10123438881961 41.418751853945, 2.10179905960299 41.4186228185989, 2.1018935873129 41.4186093248015, 2.10196412136351 41.4186089566383, 2.10204129354105 41.4186235835897, 2.10227133446072 41.4186894758143, 2.10282903467698 41.4188597973924, 2.10328770224707 41.4189937560183, 2.10352434326117 41.4190671823656, 2.10364890701557 41.4190936980342, 2.10373416676886 41.41910677453, 2.10381068377153 41.4191134236052, 2.10528289634594 41.4191521208692, 2.10547243204865 41.419183445388, 2.10570526584869 41.4192406692924, 2.10603668910184 41.4193294372784, 2.10621652625319 41.4193813212597, 2.10633915625927 41.4194337964572, 2.10639617871311 41.4194781236387, 2.10645357475474 41.4195390255849, 2.1064016288715 41.4195457262895, 2.10617585570929 41.4194762139506, 2.10614123448007 41.4194667934049, 2.10609107438917 41.4194578466049, 2.10600301052791 41.4194502265896, 2.10567443756151 41.4194310271225, 2.10551969722524 41.4194164210609, 2.10531750964191 41.4194018601618, 2.10515956538163 41.419403604229, 2.10473005966989 41.4194486506898, 2.10456187608725 41.4194692659122, 2.10436073060703 41.4195007935122, 2.10416668743666 41.4195370779478, 2.1040489250652 41.4195719744958, 2.10400321084293 41.419589570308, 2.10397542565729 41.4196051799846, 2.10380514776356 41.419718022989, 2.10377836312147 41.4197287403639, 2.10373681663627 41.4197399822607, 2.10368333395423 41.4197490234083, 2.10355131185509 41.4197565878618, 2.10348314029968 41.4197643254769, 2.10335223556972 41.4197889585013, 2.10328466427065 41.4197974212722, 2.10316958804659 41.4198031357311, 2.1030416900526 41.4198014360695, 2.10294311209742 41.4198308784225, 2.10288748863856 41.4198519904921, 2.10278217345249 41.4198788220577, 2.1026453124954 41.4199092806759, 2.10259188185355 41.4199284280688, 2.10256182298867 41.4199448753733, 2.10253466780543 41.4199633629877, 2.10250996280012 41.4199864094594, 2.10249103628149 41.420013896636, 2.10248280354867 41.4200399539857, 2.1024808449051 41.4200744372002, 2.10249580651368 41.4202115030335, 2.10252124496538 41.420273384428, 2.10255749575207 41.4203043735762, 2.1026212523655 41.4203687786872, 2.10267029152484 41.420393102963, 2.10271510999992 41.4204076122203, 2.10275394794719 41.4204149679486, 2.1027934410266 41.420402548436, 2.10290296646579 41.4203446199837, 2.1029595527882 41.4203266139762, 2.10298409197313 41.4203225718138, 2.10300998257456 41.4203229358135, 2.10309141763567 41.4203357848023, 2.10323450245076 41.4203818293188, 2.10332022988961 41.4204184371998, 2.10343624453361 41.4204489758432, 2.103530960468 41.4204811318801, 2.10359367339984 41.4205083906472, 2.10368514032894 41.4205366480429, 2.10377606488977 41.4205730258512, 2.10393907813669 41.4206319072092, 2.1041339976805 41.4207323629268, 2.10418449048273 41.4207397909134, 2.10426259085746 41.4207759153536, 2.10444759524563 41.4208333819002, 2.10464014539053 41.4208764409278, 2.10486414820918 41.4209401191879, 2.10511227699725 41.4210316375168, 2.10536455330095 41.421119206275, 2.10559297750497 41.4212113629911, 2.1057420789766 41.4212849058391, 2.10589174907107 41.4213414468681, 2.10615369860539 41.4214498241977, 2.10654210855636 41.4215847822446, 2.10661324943643 41.4215962517252, 2.10665435259303 41.421593832642, 2.10671735739269 41.4215825041048, 2.10677167879795 41.4215865648797, 2.10679687116064 41.4215994969914, 2.10682191395221 41.4216233449523, 2.1069497129458 41.4218526396098, 2.10699676372002 41.421917480079, 2.10707442595446 41.4219980329018, 2.10719849581658 41.4221642102324, 2.10724565092106 41.4222406890169, 2.10727090801777 41.4223275545769, 2.10727797983958 41.4223791500117, 2.10726758796421 41.4224563712036, 2.10726996135397 41.4225102540975, 2.10731773101974 41.4226502310441, 2.10744494970896 41.4228671173761, 2.10748495778245 41.4229228775458, 2.10752992056571 41.4229655072648, 2.10758952279315 41.4230489461256, 2.1076395609675 41.4231404354784, 2.10773522762654 41.4233570857421, 2.10778184758343 41.4236983067064, 2.10778020608635 41.4237220555919, 2.10776077584969 41.4238161406942, 2.10774905056848 41.4238649060885, 2.1077304425171 41.4239146629622, 2.10768282752516 41.4240115019017, 2.10757418242403 41.4240976349662, 2.10748934864454 41.4242853763737, 2.10743226578227 41.4243761788285, 2.10735487333429 41.424511608635, 2.10721297593705 41.4247047438619, 2.10712774174102 41.4248429590002, 2.10698492091312 41.4250387529652, 2.10695439152953 41.4250693574337, 2.10691014865755 41.4250998734516, 2.10682335152226 41.4251739072644, 2.10677433843408 41.4252215273397, 2.10674914594404 41.4252617661053, 2.10673778101041 41.425291150184, 2.10673730179897 41.4253261133185, 2.10678601273462 41.4256349780862, 2.10678423897601 41.4256980343575, 2.10676486056266 41.4257794552079, 2.10674409528328 41.4258293392724, 2.10667462202017 41.4259700183497, 2.10664111952214 41.4260184163428, 2.10660508991988 41.4260503651452, 2.10650559040149 41.4261167698461, 2.10645576794408 41.4261561416899, 2.10634704227339 41.426232058499, 2.10629072609018 41.4262789280547, 2.10625923400692 41.4263115965607, 2.10624335898667 41.4263382072876, 2.10622911484728 41.4263785399929, 2.10622490368586 41.4264203197725, 2.10623266129364 41.4264532931949, 2.10625039326016 41.4264911180443, 2.10628609425976 41.4265503580365, 2.1063398467674 41.4266241321179, 2.10644623105439 41.4267853627931, 2.10645588820912 41.4268142255495, 2.10646787881202 41.4268719121919, 2.10648107031753 41.4269083506235, 2.10650691488536 41.4269524175371, 2.10657246625293 41.4270324442245, 2.1066560429167 41.4271263201559, 2.10668315911057 41.4271457345591, 2.1069811264592 41.4273139287407, 2.1071630662166 41.4274236462376, 2.10719913735752 41.4274568393253, 2.10722336346351 41.4274871842068, 2.10724926748782 41.4275278375963, 2.10726427860593 41.4275642810484, 2.10726924284022 41.4276020246719, 2.10726414574062 41.427640374784, 2.10725085408335 41.4276793458697, 2.10723677929622 41.4277073398269, 2.10721088047889 41.4277318191996, 2.10717499110732 41.4277534827734, 2.10713289958529 41.4277613708777, 2.10705243853864 41.4277710328627, 2.10697003659682 41.4277895790652, 2.10690130544964 41.4278096184823, 2.10678639370496 41.427870427235, 2.10672561796901 41.427909029573, 2.10666922551726 41.4279613752226, 2.10663795427908 41.4279796336501, 2.10659310058065 41.4279882026859, 2.10633845050109 41.4279896476493, 2.10627261682874 41.4279973510045, 2.10622046855154 41.4280072323547, 2.10617923903416 41.4280185676438, 2.10614338672137 41.4280374929232, 2.10611479676165 41.4280591948636, 2.10603140675421 41.4281497200835, 2.1059151932917 41.4283044292917, 2.10587219559147 41.4283774516108, 2.10579518513226 41.4286030655943, 2.10575173805151 41.428709682076, 2.10574454965193 41.4287510468545, 2.10574533439298 41.4287835510549, 2.10553597592262 41.4288050865661, 2.10530609838892 41.4288394694613, 2.10436340881086 41.4285292709118, 2.10404294999861 41.4283612872281, 2.10359476757911 41.4281096185814, 2.10322044432719 41.4280740275691, 2.10298126060114 41.4282621024636, 2.10270572908613 41.4284323707043, 2.10260704004592 41.4284749206311, 2.10252048730392 41.4285006217091, 2.10213148666376 41.4286685242719, 2.10211036123628 41.4286855997514, 2.10193769909027 41.4289564444774, 2.10184205719465 41.429087510592, 2.10169603702159 41.4292200521802, 2.10138400436874 41.4295213402446, 2.10129527869762 41.429612708137, 2.10127356278483 41.4296446751405, 2.1012606704133 41.4296788127382, 2.10126092322002 41.4297108276951, 2.10126682155904 41.4297160339343, 2.10126340594863 41.4297248417869, 2.10114560068742 41.4297879121139, 2.1009695187296 41.4298377191834, 2.10068248360311 41.4299050954769, 2.09989953622112 41.4301107810816, 2.09955638359504 41.4301376703502, 2.09914550558643 41.4301220934576, 2.09879469348553 41.4307544019315, 2.09872488383322 41.4308895998048, 2.09885173912482 41.4313103276797, 2.09890693483398 41.4314684137147, 2.09892736842625 41.4315742536492, 2.09894076502606 41.4316986504366, 2.0988116877803 41.4317485553106, 2.0985112100546 41.4319277857104, 2.09765622865809 41.432221859769, 2.09721239418772 41.4324474654582, 2.09708500733645 41.4325014292662, 2.0969941063158 41.4326127687543, 2.09696384956509 41.4326408237697, 2.09690859264626 41.4326730017288, 2.0968644316969 41.4326925842406, 2.09672381836135 41.4327370465212, 2.09631604381251 41.4331039502681, 2.09623447719166 41.4331711533736, 2.09606932585068 41.4332724052609, 2.09573347232293 41.4330909228923, 2.09558574442767 41.4329258860975, 2.09548888010936 41.4328538131006, 2.09539054583084 41.4328445389635, 2.09483709464021 41.432756361812, 2.09471278118385 41.4327589082794, 2.09451935036685 41.4325558057843, 2.09432490332431 41.4323954071646, 2.09417748339528 41.4321860663724, 2.09414787014787 41.432158504917, 2.09407219077605 41.4321098561462, 2.09403920097027 41.4320340297014, 2.09392923434753 41.431713047629, 2.09383671927064 41.4316490073159, 2.09375076407419 41.431536890431, 2.09363393110974 41.4313128562196, 2.09360032769625 41.4312685837567, 2.09351123594011 41.4311809287813, 2.09339464130133 41.431040567765, 2.0933405349663 41.4309834116867, 2.09308816504485 41.4308328061321, 2.09304926790643 41.4307932188993, 2.09299627331823 41.4307541654207, 2.09294542290142 41.4307287477866, 2.0929049765108 41.4306814462197, 2.09285033280463 41.4305454898049, 2.09279662037409 41.43043510187, 2.09276690012468 41.430387890386, 2.09270838992551 41.4303121062619, 2.09262389822628 41.4302429909725, 2.09252029996941 41.4301867419926, 2.09249733678033 41.4301649746462, 2.09244776879529 41.43005698586, 2.09243960508989 41.4300234952675, 2.09244303791804 41.4299326147898, 2.09242849826221 41.4298156331004, 2.09228802713228 41.429612612253, 2.0921367090066 41.4295469062073, 2.09205617739918 41.4295295617125, 2.09194057514318 41.4295250017315, 2.09175178469404 41.4294874232189, 2.09159041205937 41.4293677421688, 2.09149754551795 41.4292911075346, 2.09142824901662 41.4292431077185, 2.09133006200213 41.4292130488473, 2.09113680279322 41.4291878963653, 2.09111685371041 41.4291773045218, 2.09103342681459 41.4290979391779, 2.09100745758738 41.429067307266, 2.09099317058196 41.428964187507, 2.09083455456069 41.4288127171762, 2.0904259735566 41.4286437795067, 2.09015994910808 41.4288710289818, 2.09003334356654 41.4289391540239, 2.08920574635607 41.429213835555, 2.08910324944525 41.4292155403386, 2.08905894235127 41.4292045415065, 2.08901591752167 41.4291829170954, 2.08897651322457 41.4291444411521, 2.08893789211663 41.4290727384564, 2.08893059181137 41.4290047068539, 2.08890629996761 41.4289083701971, 2.08885199382568 41.4288167503756, 2.08882231059943 41.4287403724519, 2.08878988047271 41.4286215457943, 2.08832775448007 41.4286464290697, 2.08810877450381 41.4286755278437, 2.08767524593252 41.4287513353425, 2.08725981186209 41.4287840397389, 2.08691313339036 41.428835650369, 2.08645728932638 41.4288802481637, 2.08615734890574 41.428914922491, 2.08606050866301 41.4289392568765, 2.08593589586303 41.4289836732439, 2.08589174805827 41.4289928703258, 2.0857332943891 41.4290018226249, 2.0855760058894 41.4290703179697, 2.0855510844366 41.4291028957765, 2.08543032657964 41.4292295435453, 2.08539030631778 41.4292926531003, 2.08536890623167 41.4293157261061, 2.0840901049697 41.4298882297651, 2.08389049044576 41.4299729942382, 2.08380728736861 41.4300343029073, 2.08374302297408 41.4300927145018, 2.08370421749969 41.4301645355899, 2.0837058463798 41.4302407421494, 2.08372810645065 41.4302896832227, 2.08385332057866 41.4304176414292, 2.08380160059467 41.4304967226639, 2.08366876485274 41.4306469488828, 2.08341830205658 41.4308527514659, 2.08333389154601 41.430823048187, 2.08329617894569 41.4308143349642, 2.08305561911144 41.4307994762203, 2.08299129232702 41.4307849864858, 2.08275783221167 41.4307583978039, 2.08266398742622 41.4307640340673, 2.08263164498136 41.4307728350588, 2.08261064051633 41.4307845839646, 2.08259557361695 41.4308023100827, 2.08256432695256 41.4308887544328, 2.08247995470329 41.4310373448497, 2.08246002483602 41.4310917488262, 2.08245107557322 41.4311384933027, 2.08245109606931 41.4311853494164, 2.08245959453316 41.4312263378106, 2.08251564645872 41.4313298628322, 2.08258245281552 41.4314813935879, 2.08249629457726 41.4315386749855, 2.08231760583077 41.4316293224602, 2.08219459846058 41.4316649266888, 2.0821032805871 41.4316726251992, 2.08203686054729 41.431669647456, 2.08143704976016 41.4315764267701, 2.08138841939858 41.4315198662272, 2.08122454839486 41.4313761756961, 2.08117281145078 41.4313227356577, 2.08114200251792 41.4312818445558, 2.08112013147722 41.4312408077445, 2.0811077809222 41.4312012564053, 2.08110457974652 41.4311661230129, 2.08111001701613 41.4311311828236, 2.08112274829122 41.4311025143946, 2.08119463487967 41.4310167196738, 2.08120904894481 41.4309915922266, 2.08121628686294 41.4309611479801, 2.0812178050429 41.4308626605693, 2.08122570004917 41.4308290106326, 2.08125164219455 41.4307674696962, 2.08125284025836 41.430746285308, 2.08124557585824 41.4307309618152, 2.08122606036258 41.4307139673158, 2.08117278749518 41.4306836202957, 2.08112027267197 41.4306626987354, 2.08105568457745 41.4306455241755, 2.08098201080384 41.4306331872064, 2.0809100816497 41.430627923349, 2.08084389253432 41.4306295949062, 2.0807695667964 41.4306388264137, 2.08068719888309 41.430656149503, 2.08042836514635 41.4307250571382, 2.08035347399981 41.4307518656041, 2.08028391302088 41.4307841565012, 2.08021682948755 41.4308230772877, 2.08017638018437 41.4308532135095, 2.08015180627228 41.4308797955672, 2.08013822582525 41.4309049815064, 2.08013331253598 41.4309309471933, 2.08013685222895 41.4309538960379, 2.08017440545217 41.4310147145453, 2.08018134993587 41.431040120736, 2.08017336544942 41.4311359144323, 2.08017790760863 41.4311604868514, 2.08023087242896 41.431245871514, 2.08024644575106 41.4312838297281, 2.08025817422814 41.4313365243541, 2.08026655345206 41.4314228649968, 2.08026655174004 41.4315045185996, 2.08025972925645 41.4315594590987, 2.08021564846837 41.4317071938367, 2.08019831596283 41.431739569516, 2.08017319082781 41.4317681204971, 2.08013298023054 41.4317999462082, 2.07996980577139 41.4318903603979, 2.07993026873384 41.4319059814599, 2.079885625239 41.4319160947283, 2.0796351326985 41.4319429178657, 2.07958503273558 41.431943384865, 2.07947504585421 41.4319339602877, 2.07920582052512 41.4319484101306, 2.07905894619465 41.4319841027681, 2.07901838691431 41.4319887727563, 2.07883142081867 41.431969046131, 2.07867340665127 41.4319578265814, 2.07859851142414 41.4319577324761, 2.07816470735158 41.4320349347204, 2.07802646894986 41.4320708801781, 2.07791528806728 41.4321061865167, 2.07782311321906 41.4321418424427, 2.07774272452539 41.4321802584906, 2.07754396870045 41.4323002634444, 2.07736050953181 41.4323944174436, 2.07731340131524 41.4324256727793, 2.0772165492801 41.4325188292711, 2.07708207070274 41.4326194952721, 2.07689356732375 41.4327700743065, 2.07671417160261 41.4328499885152, 2.07610007945456 41.4329137661567, 2.07558475754489 41.4329367236583, 2.07540020221738 41.432936394497, 2.07534892640493 41.4329522438604, 2.07529367945535 41.4329624312068, 2.07517436950053 41.4330396017113, 2.07509558083891 41.4331950840446, 2.07495120246387 41.4333016415044, 2.07490123830408 41.4333481297881, 2.07486792642777 41.4333882542541, 2.0748450986816 41.4334441330098, 2.07484655508074 41.4334775346979, 2.0748719981292 41.4335669222031, 2.07505768382372 41.4338487973253, 2.0750659684369 41.4338705897947, 2.07506433052261 41.4339337366879, 2.07504805614423 41.4340009814529, 2.07504512323386 41.4340524803499, 2.07507991476803 41.4341834450518, 2.07512824033177 41.4344576748861, 2.07513127187924 41.4345037325192, 2.07512371886668 41.4345650036355, 2.07499451763524 41.4348649678128, 2.07477228980308 41.4353017899431, 2.07432627035348 41.4353533910429, 2.07419209091237 41.4353586892901, 2.07394887019694 41.4353480318577, 2.07388640060319 41.4353304602617, 2.07381322763233 41.4352945534824, 2.0737839231256 41.4352889132628, 2.07367572247558 41.4352820437249, 2.07348975345757 41.4352543896087, 2.07332343802693 41.4352442433848, 2.07318731086385 41.4352116198621, 2.07312614049061 41.4352180270587, 2.07309249085699 41.4352309339849, 2.07302052811886 41.4352707348122, 2.07300020371891 41.4352867664943, 2.07286275077489 41.4354402028797, 2.07283207090581 41.4354586902335, 2.07275405771313 41.4354660721144, 2.07260656157496 41.435460231802, 2.07255495760209 41.4354688600812)))"
"05","Sarrià-Sant Gervasi","22","Vallvidrera, el Tibidabo i les Planes","092","002","POLYGON ((425281.215301 4586742.715753, 425280.93514 4586743.7259225, 425280.8323 4586740.118, 425281.3855 4586735.5195, 425284.8935 4586723.6455, 425291.0695 4586698.5315, 425294.5785 4586690.3875, 425304.1115 4586673.1115, 425310.9755 4586662.9895, 425313.3395 4586660.5555, 425316.3135 4586658.4235, 425319.7455 4586657.1295, 425324.0915 4586655.9875, 425329.5835 4586655.0755, 425350.8595 4586654.6955, 425354.5975 4586653.7055, 425357.1895 4586651.6515, 425361.8415 4586645.7915, 425366.8755 4586641.4535, 425376.4075 4586634.6035, 425382.1275 4586632.3195, 425388.9915 4586630.1895, 425395.7035 4586629.0475, 425399.2115 4586628.1355, 425402.1855 4586625.6995, 425404.3215 4586622.9595, 425405.4655 4586619.8395, 425406.5315 4586615.5015, 425406.9135 4586611.2395, 425406.4555 4586607.0535, 425405.1595 4586603.0205, 425402.9485 4586598.5295, 425400.8895 4586595.1815, 425397.8375 4586591.5275, 425390.5935 4586585.7455, 425357.4195 4586561.0875, 425355.1315 4586558.9555, 425344.3035 4586542.8975, 425342.4715 4586539.7775, 425340.2615 4586534.9075, 425339.1175 4586530.8735, 425338.0495 4586524.4795, 425337.2095 4586521.2835, 425336.0655 4586518.6195, 425323.5595 4586495.3315, 425320.5085 4586488.7855, 425318.9835 4586484.6015, 425318.2975 4586480.9475, 425318.6015 4586476.3055, 425319.7455 4586471.8155, 425321.0415 4586468.8475, 425323.6355 4586465.1935, 425328.2875 4586459.9415, 425337.2855 4586451.4195, 425341.4035 4586447.0055, 425349.6415 4586439.5475, 425352.6155 4586435.9695, 425355.3595 4586430.5675, 425361.0035 4586414.8895, 425362.6815 4586409.3335, 425364.2075 4586400.2775, 425364.2835 4586393.2755, 425359.8595 4586359.0275, 425359.8595 4586355.1455, 425360.7755 4586351.8735, 425362.8345 4586347.3845, 425366.8755 4586342.0555, 425374.0435 4586333.7615, 425377.7055 4586330.3355, 425380.2215 4586326.9115, 425391.9315 4586305.0515, 425398.8955 4586289.6335, 425410.5315 4586268.0695, 425416.8435 4586252.9675, 425421.5095 4586242.8375, 425428.3835 4586221.9215, 425437.3635 4586212.2655, 425439.6155 4586206.4355, 425442.7295 4586195.9335, 425445.1695 4586180.0475, 425445.2795 4586177.4095, 425440.9935 4586139.5675, 425432.7515 4586115.5975, 425428.4655 4586105.4835, 425423.3895 4586096.2715, 425419.5835 4586091.5775, 425416.1765 4586085.4215, 425405.2975 4586061.4525, 425401.1455 4586045.9535, 425400.8855 4586039.9735, 425401.6655 4586031.3915, 425401.0155 4586025.6695, 425398.8055 4586016.0475, 425394.7775 4586007.5975, 425384.2195 4585989.2555, 425377.6375 4585980.3795, 425373.6315 4585973.2215, 425362.6895 4585947.8755, 425360.5695 4585945.2495, 425358.4495 4585943.8355, 425356.1615 4585943.5075, 425353.9055 4585943.4315, 425348.6535 4585944.7435, 425345.2215 4585945.0475, 425339.2635 4585943.8355, 425306.6515 4585929.1875, 425284.6375 4585917.3815, 425272.0655 4585911.2335, 425259.5215 4585903.1975, 425240.3275 4585893.1635, 425219.1455 4585883.6595, 425198.3055 4585873.7135, 425179.5135 4585866.8375, 425163.3735 4585862.2235, 425147.8475 4585856.0035, 425141.2795 4585852.0605, 425137.0515 4585851.2795, 425120.6475 4585840.2955, 425106.9575 4585833.8995, 425099.3175 4585829.9395, 425091.6415 4585826.8815, 425086.3695 4585823.9095, 425078.4175 4585820.4215, 425068.6875 4585817.1315, 425061.4815 4585813.1415, 425049.4715 4585808.1535, 425042.6515 4585806.7975, 425040.4875 4585806.7795, 425038.4415 4585807.2495, 425033.7335 4585809.2975, 425024.6475 4585815.8235, 425021.3615 4585817.2365, 425018.1075 4585816.4535, 425014.3455 4585814.8815, 425010.2195 4585812.2235, 425004.8175 4585805.1285, 425001.7525 4585801.7195, 424999.5555 4585794.8715, 424998.1475 4585779.6675, 424998.2715 4585775.8375, 424998.9295 4585772.9375, 425000.4795 4585769.8695, 425002.5175 4585767.2895, 425007.258500001 4585763.3615, 425011.7015 4585761.1895, 425023.1035 4585757.6895, 425031.8735 4585754.6195, 425036.4975 4585752.2275, 425044.7015 4585748.8735, 425055.3915 4585748.9515, 425065.0015 4585748.2175, 425070.6385 4585747.2195, 425081.5495 4585744.3715, 425087.2375 4585743.4535, 425098.2615 4585742.4995, 425102.7205 4585741.4495, 425106.1795 4585740.1655, 425108.4055 4585738.9525, 425122.5055 4585726.2775, 425124.8095 4585724.5205, 425128.6095 4585722.5275, 425138.4105 4585718.5515, 425146.6815 4585716.3795, 425167.5195 4585711.4455, 425180.7075 4585708.9975, 425221.2295 4585702.8755, 425234.4265 4585702.5455, 425251.3395 4585703.9875, 425264.2875 4585705.4755, 425291.7675 4585707.3235, 425299.1355 4585708.0935, 425303.3375 4585709.0435, 425306.2415 4585710.0595, 425325.1884 4585717.582, 425329.5217 4585716.7933, 425324.6555 4585710.0815, 425319.8395 4585705.2095, 425309.5315 4585699.4895, 425294.4435 4585693.8845, 425266.6455 4585684.3155, 425247.1225 4585678.1635, 425231.2475 4585674.8495, 425108.1735 4585671.8255, 425101.7715 4585671.1535, 425094.6315 4585669.7755, 425084.1915 4585666.9395, 425064.3315 4585658.9925, 425025.8475 4585644.5175, 424979.0455 4585626.0915, 424959.7455 4585618.9755, 424953.2795 4585617.4185, 424947.3855 4585617.5205, 424939.5015 4585619.1005, 424892.4615 4585633.9155, 424837.8855 4585654.4925, 424798.6695 4585669.7415, 424758.4875 4585686.3055, 424745.1715 4585690.5395, 424737.5315 4585692.1995, 424730.1235 4585692.6855, 424714.5575 4585692.2575, 424706.9395 4585691.3055, 424701.9835 4585689.9435, 424687.8235 4585682.7235, 424684.7535 4585680.6755, 424671.6875 4585670.4295, 424662.5655 4585666.7115, 424656.7615 4585665.5325, 424658.7363 4585658.4834, 424661.7095 4585651.8396, 424669.5512 4585643.2451, 424712.0785 4585601.6715, 424740.2205 4585569.7425, 424741.0202 4585567.3894, 424740.5972 4585559.0808, 424738.3136 4585554.9391, 424734.9852 4585551.8249, 424729.4493 4585550.3775, 424721.5185 4585550.3845, 424716.9295 4585549.9325, 424715.0455 4585549.4835, 424712.8855 4585546.7091, 424713.7621 4585542.8888, 424718.8568 4585539.9649, 424721.9534 4585538.6768, 424727.4615 4585534.7775, 424731.0415 4585530.6735, 424733.2915 4585526.0895, 424732.6535 4585523.0815, 424725.4495 4585503.5995, 424721.7688 4585487.8781, 424720.4575 4585474.0155, 424720.5355 4585473.0955, 424721.2635 4585471.5235, 424723.5675 4585467.7695, 424730.4795 4585458.1115, 424731.3615 4585453.0175, 424730.9475 4585451.1395, 424727.6795 4585447.8915, 424724.0355 4585442.5395, 424721.9575 4585437.5935, 424721.0175 4585430.3935, 424719.8555 4585426.7535, 424712.3555 4585414.5815, 424708.6575 4585405.7895, 424710.6815 4585405.4695, 424712.7675 4585404.3505, 424714.6075 4585396.2335, 424714.6615 4585393.6515, 424702.4555 4585350.3895, 424692.2415 4585321.9135, 424691.5915 4585319.2615, 424691.5515 4585315.0755, 424692.0935 4585312.4615, 424693.1635 4585310.9095, 424694.4935 4585309.8735, 424695.7295 4585309.3155, 424697.5095 4585309.0475, 424699.4675 4585309.3135, 424701.8415 4585310.2675, 424704.3695 4585311.8615, 424707.3615 4585314.5455, 424710.3175 4585318.0575, 424713.3995 4585322.9035, 424716.4215 4585326.3775, 424719.5355 4585329.2975, 424725.0575 4585333.6535, 424742.7895 4585344.9475, 424745.2585 4585346.9935, 424747.8955 4585350.0635, 424749.1415 4585352.5915, 424753.1235 4585366.8795, 424754.7525 4585376.9675, 424758.2255 4585382.9795, 424764.8475 4585391.1195, 424777.3155 4585403.6655, 424782.9395 4585410.1715, 424794.7655 4585422.5595, 424798.7745 4585426.0295, 424805.2895 4585430.5755, 424813.3345 4585435.4575, 424818.7745 4585438.1535, 424825.5955 4585440.2895, 424834.1115 4585441.3955, 424840.1475 4585440.3355, 424853.4235 4585436.1175, 424871.7295 4585426.0895, 424877.2105 4585420.636, 424884.1921 4585410.8796, 424888.3515 4585400.2055, 424904.5555 4585366.7435, 424921.3874 4585338.3895, 424946.8255 4585308.6235, 424960.4335 4585290.9975, 425018.2495 4585220.0455, 425026.8175 4585210.5815, 425050.5435 4585185.7575, 425062.4795 4585172.2535, 425063.7755 4585170.5255, 425088.1235 4585126.8785, 425096.6815 4585110.9095, 425102.8525 4585104.0564, 425114.563 4585095.8089, 425136.4489 4585065.1088, 425150.0475 4585046.9755, 425166.4715 4585016.8355, 425173.1835 4585006.0295, 425202.3455 4584980.9095, 425205.8618 4584979.4753, 425209.6095 4584980.2375, 425224.7295 4584985.9015, 425229.0935 4584986.5795, 425236.7935 4584986.1635, 425253.6475 4584982.5215, 425257.9135 4584980.4395, 425272.3755 4584970.3415, 425288.1915 4584958.1715, 425295.3155 4584953.5295, 425300.5175 4584950.6655, 425307.5935 4584948.6895, 425317.0875 4584946.5555, 425346.8475 4584940.2675, 425361.7835 4584927.3235, 425375.379 4584906.7199, 425378.7773 4584903.867, 425386.8735 4584892.5555, 425391.8015 4584884.6995, 425391.5915 4584877.5735, 425392.2915 4584875.1895, 425402.5275 4584872.2835, 425410.6494 4584866.9014, 425418.8695 4584860.1795, 425425.6935 4584845.3815, 425432.9435 4584835.9715, 425448.1295 4584821.5135, 425455.0815 4584814.3385, 425460.1455 4584815.3115, 425467.6415 4584820.2935, 425470.7095 4584824.1855, 425471.0625 4584830.0315, 425470.3135 4584837.8595, 425466.3295 4584861.0815, 425466.5375 4584869.5955, 425469.2235 4584885.7175, 425471.2755 4584902.6375, 425467.9275 4584919.8235, 425467.8125 4584929.0655, 425471.0075 4584938.4435, 425474.7655 4584943.6035, 425477.3075 4584946.3075, 425511.6435 4584964.1195, 425519.4195 4584969.5175, 425527.2215 4584972.7075, 425532.4675 4584973.0265, 425538.5075 4584972.3895, 425541.9155 4584971.1175, 425550.2695 4584963.3235, 425554.8775 4584955.6895, 425557.7395 4584949.9635, 425560.0755 4584943.6455, 425565.4655 4584932.9015, 425569.5375 4584925.8755, 425575.7255 4584918.8575, 425582.4865 4584912.2895, 425592.7495 4584905.7255, 425600.5855 4584902.4995, 425612.2745 4584900.3315, 425620.1595 4584902.2685, 425624.6015 4584904.4895, 425632.6715 4584916.0315, 425634.5515 4584930.6075, 425638.2555 4584952.1795, 425638.2205 4584959.1815, 425644.8125 4584984.1255, 425649.1555 4584995.4815, 425653.6605 4585003.5335, 425681.4515 4585041.9015, 425688.9075 4585047.8035, 425697.4035 4585051.4925, 425702.6935 4585052.9355, 425706.6035 4585053.3875, 425712.9875 4585046.7315, 425715.5095 4585041.2135, 425720.6835 4585019.0355, 425726.0755 4584990.2515, 425730.6955 4584977.5375, 425734.6095 4584969.2335, 425738.3635 4584963.0205, 425747.7595 4584950.5935, 425766.7175 4584930.8675, 425775.7275 4584924.7395, 425792.3055 4584914.6435, 425800.9115 4584913.3915, 425812.6495 4584914.6435, 425815.3495 4584917.2655, 425824.6595 4584930.2815, 425837.9595 4584946.3795, 425848.2095 4584955.4615, 425852.4495 4584957.4895, 425856.5135 4584958.8115, 425860.0475 4584959.3415, 425864.3775 4584959.4295, 425868.7055 4584957.6655, 425874.5375 4584953.6975, 425878.9535 4584949.9075, 425894.8155 4584929.5735, 425908.1495 4584914.7275, 425919.1075 4584903.9215, 425927.1955 4584898.0635, 425938.2815 4584892.3355, 425948.4575 4584889.6015, 425957.9795 4584889.6015, 425969.9795 4584894.4185, 425976.2835 4584898.0115, 425978.5895 4584903.9215, 425981.1985 4584915.1175, 425989.1255 4584956.9015, 425992.0955 4584970.1495, 425993.4915 4584973.6355, 425997.3355 4584979.9115, 426003.0995 4584986.7095, 426011.3075 4584992.6375, 426016.0245 4584994.3795, 426021.2635 4584995.7755, 426028.6005 4584995.7755, 426042.5735 4584996.6455, 426052.8775 4584999.6095, 426057.2455 4585002.7475, 426061.2615 4585007.4535, 426074.7115 4585037.6115, 426104.0535 4585087.4695, 426113.1375 4585101.5895, 426117.8535 4585106.9935, 426124.3155 4585109.6095, 426130.4275 4585109.6095, 426139.5115 4585106.4715, 426143.8775 4585102.8105, 426147.5465 4585098.1035, 426164.3135 4585066.0275, 426169.5535 4585057.8355, 426179.6835 4585047.2015, 426191.3855 4585039.7055, 426208.6775 4585033.4295, 426222.1275 4585034.1275, 426279.0675 4585051.1735, 426294.0115 4585052.0265, 426312.5135 4585050.1795, 426327.1715 4585045.0655, 426344.5355 4585036.9695, 426349.9435 4585033.1345, 426353.6435 4585024.7535, 426352.0785 4584997.4815, 426351.5395 4584975.6655, 426353.0175 4584962.3875, 426355.2355 4584951.1975, 426359.1775 4584941.7315, 426365.2135 4584934.2315, 426379.9485 4584924.6775, 426385.6855 4584922.7425, 426395.1475 4584918.6955, 426402.9195 4584916.0815, 426408.0735 4584915.9115, 426412.1275 4584917.5975, 426415.3375 4584921.5615, 426417.4475 4584929.1895, 426418.9255 4584937.9195, 426422.6215 4584975.9115, 426422.8675 4584988.3295, 426420.8955 4584996.6895, 426415.9675 4585006.1575, 426402.8755 4585026.6635, 426396.7835 4585039.7775, 426384.2395 4585094.1435, 426367.3955 4585130.0275, 426360.8255 4585150.1755, 426357.9595 4585168.7755, 426358.3581 4585177.7225, 426359.5481 4585180.9433, 426362.8575 4585185.2275, 426371.2175 4585189.6395, 426386.0315 4585192.8575, 426407.5335 4585196.9115, 426413.2675 4585197.2695, 426423.8975 4585196.7915, 426445.2815 4585192.6195, 426459.1385 4585189.3995, 426465.3495 4585189.1615, 426473.4715 4585191.7835, 426478.8475 4585196.0755, 426481.4755 4585202.9915, 426481.5955 4585208.7135, 426479.9235 4585214.6755, 426472.0395 4585229.2195, 426463.9175 4585247.5795, 426461.0495 4585260.2175, 426459.4975 4585270.7095, 426458.8995 4585303.9715, 426461.0495 4585314.2255, 426463.5575 4585319.8275, 426467.1415 4585324.5975, 426471.0845 4585326.5055, 426474.3095 4585326.0275, 426481.5955 4585323.4055, 426500.7075 4585311.1255, 426514.5655 4585303.9715, 426518.5075 4585303.3755, 426522.4495 4585303.3755, 426527.1435 4585305.2815, 426530.2515 4585306.1815, 426534.4035 4585310.7695, 426539.8915 4585318.9095, 426546.1195 4585339.7775, 426548.3435 4585350.5815, 426550.4195 4585356.5015, 426555.3135 4585366.4175, 426565.7695 4585385.4275, 426569.7055 4585391.7935, 426578.9415 4585405.3635, 426582.5335 4585410.3995, 426585.6985 4585412.7895, 426589.2905 4585414.1555, 426592.0275 4585413.8995, 426596.1315 4585412.1075, 426599.3815 4585407.3275, 426602.5465 4585401.0975, 426604.0855 4585396.9995, 426604.1715 4585387.6115, 426603.8435 4585385.0435, 426600.5465 4585375.0015, 426600.1575 4585366.9095, 426601.3755 4585354.3555, 426602.9195 4585348.9535, 426605.5875 4585343.4775, 426609.2965 4585338.4455, 426616.4135 4585332.1375, 426622.4935 4585327.9375, 426631.0955 4585324.6815, 426639.2535 4585321.1295, 426642.3675 4585316.8375, 426642.6635 4585308.8455, 426640.8835 4585292.5635, 426641.9215 4585281.7595, 426644.8885 4585271.4755, 426650.7965 4585264.2455, 426655.7145 4585253.5675, 426657.5785 4585219.7415, 426658.383500001 4585213.6055, 426659.8655 4585208.2775, 426662.8315 4585205.4655, 426667.7255 4585202.8015, 426676.0315 4585204.4295, 426683.5955 4585210.9415, 426707.9155 4585235.5115, 426715.4775 4585239.0635, 426721.8555 4585238.1755, 426725.1415 4585235.6435, 426729.8635 4585215.9735, 426738.6135 4585196.8835, 426741.4315 4585188.2995, 426741.0785 4585181.2415, 426732.9375 4585143.3335, 426724.1755 4585108.7915, 426722.5955 4585098.8335, 426722.7455 4585090.6935, 426724.6735 4585082.5535, 426727.3415 4585077.0775, 426731.7035 4585071.3335, 426738.7615 4585063.3135, 426746.0275 4585056.7995, 426763.5115 4585049.0315, 426778.9515 4585045.4035, 426795.1155 4585043.3315, 426804.4275 4585045.8475, 426814.7915 4585051.4955, 426827.2675 4585060.7955, 426834.8295 4585065.2375, 426854.0195 4585073.7195, 426865.8235 4585077.5215, 426891.4155 4585081.1455, 426917.0045 4585086.3105, 426916.1055 4585100.6755, 426901.5635 4585118.0735, 426896.7755 4585127.6475, 426886.4015 4585166.3335, 426883.4115 4585181.0475, 426884.8955 4585191.2595, 426889.9555 4585202.4415, 426909.5135 4585248.5355, 426916.4055 4585261.6735, 426923.1575 4585270.1435, 426929.3855 4585274.4355, 426963.3455 4585289.6795, 426972.6895 4585294.7115, 426981.7365 4585303.5915, 426985.8885 4585311.5835, 426991.0975 4585326.6595, 427006.9487 4585377.5875, 427008.7197 4585380.92, 427010.8197 4585383.4264, 427016.356 4585387.2666, 427021.6536 4585389.5748, 427026.0015 4585390.5235, 427034.1155 4585390.7765, 427044.1315 4585389.6375, 427056.8115 4585386.0945, 427072.3505 4585380.3075, 427094.7015 4585374.5615, 427114.1295 4585372.0455, 427128.3655 4585371.1575, 427149.7215 4585371.8975, 427154.7635 4585372.7855, 427162.1795 4585376.3375, 427166.6815 4585379.3535, 427173.9955 4585387.6815, 427192.3995 4585428.0675, 427197.2365 4585437.4875, 427204.959718 4585450.9331615, 427328.3802 4585379.6802, 427351.9442 4585366.4892, 427397.8985 4585339.4799, 427405.0482 4585352.6392, 427401.0932 4585354.9682, 427400.2706065 4585353.572211, 427381.4272 4585364.2312, 427379.9132 4585361.9102, 427369.4772 4585367.9322, 427283.1802 4585420.2202, 427268.6400815 4585428.1601005, 427265.1082 4585428.2642, 427260.8652 4585431.0902, 427247.8262 4585438.1872, 427194.063 4585469.0549, 427193.2851 4585467.6101, 426998.9201 4585585.5801, 426905.2213 4585641.6589, 426891.5973 4585649.182, 426872.9524 4585658.3301, 426856.3684 4585664.7743, 426702.2028 4585753.7546, 426592.9451 4585817.3725, 426592.0148335 4585815.2910985, 426570.375 4585827.658, 426570.624 4585828.098, 426560.056916 4585834.2231085, 426586.0115 4585848.7095, 426588.8575 4585851.5295, 426591.2475 4585857.3035, 426591.6635 4585864.2995, 426589.7075 4585879.9295, 426586.3235 4585892.1635, 426580.7175 4585904.9155, 426572.9935 4585917.3215, 426546.1595 4585951.2025, 426537.9815 4585964.0275, 426528.8875 4585983.5955, 426500.7905 4586058.2015, 426501.8675 4586067.1195, 426510.4295 4586095.4395, 426511.1415 4586101.6015, 426503.9075 4586171.9835, 426505.6235 4586193.4015, 426509.7695 4586211.9695, 426577.7215 4586353.2795, 426580.5405 4586362.2175, 426581.8935 4586371.4655, 426580.9875 4586379.1875, 426578.9215 4586385.3895, 426573.3455 4586394.2815, 426570.124 4586397.3305, 426574.5190885 4586402.7504, 426570.620722 4586406.805389, 426567.609562 4586408.9347405, 426561.9877735 4586411.526551, 426554.6455355 4586414.137778, 426548.975233 4586415.3172385, 426542.9998385 4586415.756273, 426531.685618 4586414.589386, 426431.7304645 4586394.00226, 426408.70422 4586408.4859515, 426379.637694 4586402.6715755, 426341.6970575 4586420.203838, 426307.02618 4586439.5174905, 426280.732117 4586448.592656, 426227.2824135 4586454.7780715, 426202.6520865 4586471.2923285, 426162.2925595 4586499.087596, 426107.1965495 4586512.4898135, 426090.567259 4586523.6904945, 426086.3202415 4586531.7504375, 426086.325609 4586558.149573, 426088.7621765 4586579.5993905, 426087.5586325 4586592.303352, 426083.2601225 4586603.371588, 426060.056022 4586628.4561665, 426009.8726785 4586656.0605765, 425985.249041 4586666.1919275, 425949.563739 4586686.0472595, 425933.3332815 4586694.2763825, 425913.823373 4586706.1301555, 425887.1896205 4586691.5190325, 425881.567181 4586690.5429585, 425876.0808875 4586692.684204, 425842.013143 4586716.554863, 425834.845714 4586718.914355, 425831.5065515 4586719.1244855, 425825.0397675 4586717.4207215, 425819.831318 4586715.0049755, 425816.8316695 4586712.8507875, 425804.9874895 4586698.4991205, 425802.151478 4586696.0463915, 425796.6828115 4586692.717544, 425791.7022275 4586690.36763, 425781.3577995 4586688.6579615, 425753.70969 4586686.3245655, 425733.0912325 4586683.940944, 425720.6406425 4586683.707335, 425714.6753845 4586684.5487135, 425648.520796 4586705.7846655, 425612.009786 4586699.564941, 425569.5927325 4586734.6230615, 425553.3215135 4586737.3178455, 425502.9408895 4586734.5962765, 425445.7876705 4586725.5831, 425358.7771275 4586726.1873045, 425330.3852755 4586712.099926, 425289.736968 4586719.2488175, 425286.1450055 4586724.9408535, 425281.215301 4586742.715753))","POLYGON ((2.10574881188421 41.4287744790578, 2.10574533439298 41.4287835510549, 2.10574454965193 41.4287510468545, 2.10575173805151 41.428709682076, 2.10579518513226 41.4286030655943, 2.10587219559147 41.4283774516108, 2.1059151932917 41.4283044292917, 2.10603140675421 41.4281497200835, 2.10611479676165 41.4280591948636, 2.10614338672137 41.4280374929232, 2.10617923903416 41.4280185676438, 2.10622046855154 41.4280072323547, 2.10627261682874 41.4279973510045, 2.10633845050109 41.4279896476493, 2.10659310058065 41.4279882026859, 2.10663795427908 41.4279796336501, 2.10666922551726 41.4279613752226, 2.10672561796901 41.427909029573, 2.10678639370496 41.427870427235, 2.10690130544964 41.4278096184823, 2.10697003659682 41.4277895790652, 2.10705243853864 41.4277710328627, 2.10713289958529 41.4277613708777, 2.10717499110732 41.4277534827734, 2.10721088047889 41.4277318191996, 2.10723677929622 41.4277073398269, 2.10725085408335 41.4276793458697, 2.10726414574062 41.427640374784, 2.10726924284022 41.4276020246719, 2.10726427860593 41.4275642810484, 2.10724926748782 41.4275278375963, 2.10722336346351 41.4274871842068, 2.10719913735752 41.4274568393253, 2.1071630662166 41.4274236462376, 2.10707709383756 41.427370898023, 2.10668315911057 41.4271457345591, 2.1066560429167 41.4271263201559, 2.10652845224143 41.4269806879898, 2.10650691488536 41.4269524175371, 2.10648107031753 41.4269083506235, 2.10646787881202 41.4268719121919, 2.10645588820912 41.4268142255495, 2.10644623105439 41.4267853627931, 2.10643287040693 41.4267612632233, 2.10628609425976 41.4265503580365, 2.10625039326016 41.4264911180443, 2.10623266129364 41.4264532931949, 2.10622490368586 41.4264203197725, 2.10622911484728 41.4263785399929, 2.10624335898667 41.4263382072876, 2.10625923400692 41.4263115965607, 2.10629072609018 41.4262789280547, 2.10634704227339 41.426232058499, 2.10645576794408 41.4261561416899, 2.10650559040149 41.4261167698461, 2.10660508991988 41.4260503651452, 2.10664111952214 41.4260184163428, 2.10667462202017 41.4259700183497, 2.10674409528328 41.4258293392724, 2.10676486056266 41.4257794552079, 2.10678423897601 41.4256980343575, 2.10678601273462 41.4256349780862, 2.10673730179897 41.4253261133185, 2.10673778101041 41.425291150184, 2.10674914594404 41.4252617661053, 2.10677433843408 41.4252215273397, 2.10682335152226 41.4251739072644, 2.10691014865755 41.4250998734516, 2.10695439152953 41.4250693574337, 2.10698492091312 41.4250387529652, 2.10712774174102 41.4248429590002, 2.10721297593705 41.4247047438619, 2.10735487333429 41.424511608635, 2.10743226578227 41.4243761788285, 2.10748934864454 41.4242853763737, 2.10757418242403 41.4240976349662, 2.10768282752516 41.4240115019017, 2.10771049372462 41.4239592031359, 2.10774905056848 41.4238649060885, 2.10778020608635 41.4237220555919, 2.10778184758343 41.4236983067064, 2.10773522762654 41.4233570857421, 2.1076395609675 41.4231404354784, 2.10758952279315 41.4230489461256, 2.10752992056571 41.4229655072648, 2.10748495778245 41.4229228775458, 2.10744494970896 41.4228671173761, 2.10731773101974 41.4226502310441, 2.10726996135397 41.4225102540975, 2.10726758796421 41.4224563712036, 2.10727797983958 41.4223791500117, 2.10727090801777 41.4223275545769, 2.10724565092106 41.4222406890169, 2.10719849581658 41.4221642102324, 2.10707442595446 41.4219980329018, 2.10699676372002 41.421917480079, 2.1069497129458 41.4218526396098, 2.10682191395221 41.4216233449523, 2.10679687116064 41.4215994969914, 2.10677167879795 41.4215865648797, 2.10674434219813 41.4215833981924, 2.10671735739269 41.4215825041048, 2.10665435259303 41.421593832642, 2.10661324943643 41.4215962517252, 2.10654210855636 41.4215847822446, 2.10615369860539 41.4214498241977, 2.10589174907107 41.4213414468681, 2.1057420789766 41.4212849058391, 2.10559297750497 41.4212113629911, 2.10536455330095 41.421119206275, 2.10511227699725 41.4210316375168, 2.10486414820918 41.4209401191879, 2.10464014539053 41.4208764409278, 2.10444759524563 41.4208333819002, 2.10426259085746 41.4207759153536, 2.10418449048273 41.4207397909134, 2.1041339976805 41.4207323629268, 2.10393907813669 41.4206319072092, 2.10377606488977 41.4205730258512, 2.10368514032894 41.4205366480429, 2.10359367339984 41.4205083906472, 2.103530960468 41.4204811318801, 2.10343624453361 41.4204489758432, 2.10332022988961 41.4204184371998, 2.10323450245076 41.4203818293188, 2.10309141763567 41.4203357848023, 2.10300998257456 41.4203229358135, 2.10298409197313 41.4203225718138, 2.1029595527882 41.4203266139762, 2.10290296646579 41.4203446199837, 2.1027934410266 41.420402548436, 2.10275394794719 41.4204149679486, 2.10271510999992 41.4204076122203, 2.10267029152484 41.420393102963, 2.1026212523655 41.4203687786872, 2.10255749575207 41.4203043735762, 2.10252124496538 41.420273384428, 2.10249580651368 41.4202115030335, 2.1024808449051 41.4200744372002, 2.10248280354867 41.4200399539857, 2.10249103628149 41.420013896636, 2.10250996280012 41.4199864094594, 2.10253466780543 41.4199633629877, 2.10259188185355 41.4199284280688, 2.1026453124954 41.4199092806759, 2.10278217345249 41.4198788220577, 2.10288748863856 41.4198519904921, 2.10294311209742 41.4198308784225, 2.1030416900526 41.4198014360695, 2.10316958804659 41.4198031357311, 2.10328466427065 41.4197974212722, 2.10335223556972 41.4197889585013, 2.10348314029968 41.4197643254769, 2.10355131185509 41.4197565878618, 2.10368333395423 41.4197490234083, 2.10373681663627 41.4197399822607, 2.10377836312147 41.4197287403639, 2.10380514776356 41.419718022989, 2.10397542565729 41.4196051799846, 2.10400321084293 41.419589570308, 2.1040489250652 41.4195719744958, 2.10416668743666 41.4195370779478, 2.10426591978875 41.419518286433, 2.1045158594574 41.4194757894297, 2.10467395821377 41.4194549696882, 2.10515956538163 41.419403604229, 2.10531750964191 41.4194018601618, 2.10551969722524 41.4194164210609, 2.10567443756151 41.4194310271225, 2.10600301052791 41.4194502265896, 2.10609107438917 41.4194578466049, 2.10614123448007 41.4194667934049, 2.10617585570929 41.4194762139506, 2.1064016288715 41.4195457262895, 2.10645357475474 41.4195390255849, 2.10639617871311 41.4194781236387, 2.10633915625927 41.4194337964572, 2.10621652625319 41.4193813212597, 2.10603668910184 41.4193294372784, 2.10570526584869 41.4192406692924, 2.10547243204865 41.419183445388, 2.10528289634594 41.4191521208692, 2.10381068377153 41.4191134236052, 2.10373416676886 41.41910677453, 2.10364890701557 41.4190936980342, 2.10352434326117 41.4190671823656, 2.10328770224707 41.4189937560183, 2.10282903467698 41.4188597973924, 2.10227133446072 41.4186894758143, 2.10204129354105 41.4186235835897, 2.10196412136351 41.4186089566383, 2.1018935873129 41.4186093248015, 2.10179905960299 41.4186228185989, 2.10123438881961 41.418751853945, 2.10057883163632 41.4189320768863, 2.10010771623608 41.4190657472765, 2.09962487711059 41.4192111687625, 2.09946502371174 41.4192480551163, 2.09937340412524 41.4192622902743, 2.09928470649584 41.4192659735009, 2.09909851167942 41.4192606604261, 2.09900748038964 41.4192513724659, 2.09894835114029 41.4192386412456, 2.09877982502279 41.4191722875033, 2.09874334737349 41.4191535545127, 2.09858828829194 41.4190600494734, 2.09847960650525 41.4190257082206, 2.09841030844424 41.4190145454012, 2.09843481500992 41.4189512431024, 2.09847121688566 41.4188916847274, 2.09856611313163 41.4188150138643, 2.09908012601008 41.4184445684349, 2.09942081521414 41.4181596372181, 2.09943067628879 41.4181385189978, 2.09942664893977 41.4180636482407, 2.09939984137366 41.41802613227, 2.09936040513609 41.4179977725778, 2.09929434917361 41.4179842180741, 2.09919945768501 41.4179835381832, 2.09914460737099 41.4179790373389, 2.09912212153172 41.4179748169248, 2.09909662284351 41.4179496270079, 2.09910758670106 41.4179153017312, 2.09916890772126 41.4178894450356, 2.09920611824525 41.4178781339043, 2.09927250682202 41.4178435309715, 2.09931585148736 41.4178069037729, 2.09934334266913 41.4177658288767, 2.09933608343562 41.4177386776605, 2.09925231362216 41.4175625388333, 2.09921023152086 41.4174205997403, 2.09919626741146 41.417295623826, 2.09919731515304 41.417287345182, 2.0992062210865 41.4172732552128, 2.09923425490862 41.4172396607651, 2.09931815660835 41.4171533237545, 2.0993293433069 41.4171075274154, 2.09932462362177 41.4170905744878, 2.09928592729104 41.4170610153635, 2.09924299411764 41.4170124713932, 2.09921874710173 41.4169677307355, 2.09920839637162 41.4169027960989, 2.09919494647594 41.4168699036945, 2.09910672679049 41.4167595743119, 2.09906357602585 41.4166800429619, 2.09908783217042 41.4166773505258, 2.09911292956095 41.4166674677243, 2.09913595460748 41.4165945345967, 2.09913692204115 41.4165712849512, 2.09899626764478 41.416180503439, 2.09887760732251 41.4159230780881, 2.09887016058317 41.4158991320166, 2.09887020312248 41.4158614271846, 2.09887701325981 41.4158379350638, 2.09889000840218 41.4158240572931, 2.0989060500546 41.4158148512238, 2.09892090754393 41.4158099414365, 2.09894223757741 41.4158076944994, 2.098965630806 41.4158102736925, 2.09899391559933 41.4158190883118, 2.09902396326198 41.4158336814945, 2.09905942676798 41.415858135196, 2.09909435652848 41.4158900428716, 2.09913062782061 41.415933976973, 2.09916635203927 41.4159655485644, 2.09920324596506 41.4159921391786, 2.09926877165621 41.4160318886376, 2.09947952050137 41.4161352685106, 2.09950880628441 41.4161539269681, 2.09953997473409 41.4161818237769, 2.09955456801652 41.4162047088151, 2.09960043334585 41.4163337661489, 2.09961866871398 41.4164247759633, 2.09965947375941 41.4164792480572, 2.09973769060008 41.4165531807342, 2.09988530462723 41.4166673431276, 2.09995178445991 41.4167264656654, 2.10009173761396 41.4168391446831, 2.10013927237038 41.4168707723215, 2.10021665677342 41.4169123254058, 2.10031230540732 41.4169570477686, 2.10037705796102 41.4169818381906, 2.10045840333719 41.4170017141452, 2.1005601568364 41.4170124719266, 2.10063250716545 41.4170034896442, 2.10079187383232 41.4169667419548, 2.10101214403457 41.4168781367102, 2.10107839941749 41.4168295323139, 2.10116314311647 41.4167423141911, 2.10121423408517 41.4166465669735, 2.10141226225715 41.4163467067249, 2.10161716712029 41.4160929098468, 2.10192521390752 41.4158271992515, 2.10209021237654 41.4156697218689, 2.1027907409547 41.4150360906916, 2.10289442390438 41.4149516527299, 2.10318136384897 41.4147302889201, 2.10332584174363 41.4146097784639, 2.10334156141152 41.4145943361082, 2.10363827073735 41.4142035000638, 2.10374263699962 41.4140604731856, 2.10381731597789 41.413999325972, 2.10395844252257 41.413926136254, 2.10422408638637 41.4136516752462, 2.10438902406184 41.4134896245298, 2.10458924905867 41.4132196984494, 2.10467088765903 41.4131229992805, 2.10502288589601 41.4128994708407, 2.10506513188722 41.4128868809779, 2.10510987480095 41.4128940944881, 2.10529006908101 41.4129465141506, 2.10534219583153 41.4129530265647, 2.10543436942049 41.4129499961917, 2.10563645927047 41.412918762212, 2.10568775453119 41.4129004074389, 2.10586202383989 41.4128108046933, 2.10605274762471 41.4127026660935, 2.10613855143888 41.4126615201683, 2.10620114108536 41.4126362090859, 2.10628604133211 41.4126190698984, 2.10639988964855 41.4126007323148, 2.10675670995871 41.4125468643342, 2.10693699881656 41.4124316714733, 2.10710219427067 41.4122473677, 2.10714320269218 41.4122219885922, 2.10724145885428 41.4121208632636, 2.10730138504766 41.4120505657021, 2.10729975135981 41.4119863659112, 2.10730841994985 41.4119649594024, 2.10743123912808 41.411939736644, 2.10752907092476 41.4118920165683, 2.10762824256462 41.411832238614, 2.10771170687511 41.4116995936534, 2.10779960335935 41.4116155151641, 2.10798306525837 41.4114867079555, 2.10806712058524 41.4114227311373, 2.1081275846325 41.4114319641225, 2.10821665046925 41.411477529664, 2.10825287557528 41.4115128674604, 2.10825637866822 41.4115655521925, 2.10824645364966 41.4116359856193, 2.10819592973941 41.4118447651054, 2.1081973694009 41.4119214657294, 2.10822751808484 41.4120669175927, 2.10824998355606 41.4122194978411, 2.10820781171724 41.4123739730583, 2.10820529739467 41.4124572004527, 2.10824236666604 41.4125419596793, 2.10828669124472 41.4125887816894, 2.10831677032833 41.4126133709704, 2.10872536877613 41.4127769777876, 2.10881773554276 41.4128263155305, 2.10891068529526 41.4128557692584, 2.10897340872324 41.4128591284252, 2.10904574916347 41.4128539509077, 2.10908667872134 41.4128428103804, 2.1091875843085 41.4127733876281, 2.10924365327417 41.412705058848, 2.10927859843897 41.4126537527217, 2.1093073233899 41.4125970660167, 2.1093731304186 41.4125007993795, 2.10942271154023 41.4124378968161, 2.10949760703976 41.4123752622286, 2.10957930231373 41.4123167335718, 2.10970289419925 41.4122585651024, 2.10979703927482 41.4122302355405, 2.10993715070234 41.4122117914051, 2.11003124713594 41.4122299667607, 2.11008411732876 41.4122503812792, 2.11017924658948 41.4123550810995, 2.11019994704223 41.4124865338473, 2.11024160983317 41.4126811648509, 2.11024033050938 41.4127442251466, 2.11031613100427 41.4129694932518, 2.11036669485466 41.4130721728881, 2.11041960303239 41.4131451100031, 2.11074738072545 41.4134932418947, 2.11083585965639 41.4135470877225, 2.11093705313954 41.4135810982439, 2.11100016577422 41.4135945836911, 2.11104688972815 41.4135990160895, 2.11112408554325 41.4135396589264, 2.11115493638579 41.4134901941525, 2.1112195611949 41.4132909261201, 2.1112876047153 41.4130321812154, 2.11134443888596 41.412918099457, 2.11139228501682 41.4128436711185, 2.11143796016112 41.4127880605779, 2.11155189816005 41.4126770048627, 2.11178112982289 41.4125010937768, 2.11188967594986 41.4124467340482, 2.11208925090058 41.4123573351934, 2.11219236518302 41.4123468536052, 2.11233264311812 41.4123592133314, 2.11236462398239 41.4123830776199, 2.11247441160439 41.4125011656273, 2.11263155773458 41.4126473797821, 2.11275307450381 41.41273012266, 2.11280355291706 41.412748779046, 2.11285201222848 41.4127610605779, 2.11289422773694 41.4127661600425, 2.1129460206849 41.4127673520406, 2.11299801662435 41.412751863775, 2.1130682762769 41.412716663854, 2.11312157317198 41.4126829364587, 2.11331383502143 41.4125012607853, 2.11347517918657 41.4123687794634, 2.11360760201717 41.4122724652133, 2.11370508257797 41.4122204505245, 2.11383841455355 41.4121698828674, 2.11396049283632 41.4121461967093, 2.11407441213965 41.4121470739787, 2.11421738836555 41.4121915637634, 2.1142923686351 41.4122245048043, 2.11431923415984 41.4122779456848, 2.11434907809677 41.4123790228952, 2.11443880425231 41.4127560810662, 2.11447271655545 41.4128756728488, 2.11448899180169 41.4129071981026, 2.11453421354957 41.4129640769374, 2.1146023423402 41.4130258339341, 2.11469981760775 41.4130799802267, 2.11475603865241 41.4130961038135, 2.11481854723 41.4131091591692, 2.11490632694662 41.4131098345009, 2.11507339328961 41.4131189561231, 2.11519630789101 41.4131465995683, 2.11524818307327 41.4131752638987, 2.11529565534883 41.413218018037, 2.1154528861997 41.4134908737927, 2.11579784564332 41.4139426190746, 2.11590480338746 41.4140706262759, 2.1159605664159 41.4141197310476, 2.11603755942909 41.4141438861312, 2.11611068445526 41.4141444479495, 2.11621975011451 41.4141170204247, 2.11627243260596 41.4140844488182, 2.11631690371529 41.4140423923209, 2.11652142139248 41.4137550399298, 2.11658511299701 41.4136817399426, 2.11670760675767 41.413586895182, 2.11684852483216 41.4135204571111, 2.11705617285782 41.4134655200939, 2.11721700424115 41.4134730414728, 2.11789616045679 41.4136317917218, 2.11807484782991 41.4136408449605, 2.11829643234086 41.4136259065508, 2.11847242465413 41.4135811910359, 2.11868115454321 41.4135098658047, 2.11874632306034 41.4134758214068, 2.11879161028262 41.4134006768052, 2.11877620636387 41.4131549075, 2.11877241341261 41.4129583717962, 2.11879171242725 41.4128389186162, 2.11881961051496 41.4127383388599, 2.11886792445237 41.4126534443092, 2.11894105138541 41.4125864484168, 2.11911850192962 41.4125017499583, 2.11918737414937 41.4124848478268, 2.11930106870406 41.4124492650235, 2.11939436989145 41.4124264337026, 2.11945605234866 41.4124253745398, 2.11950434881245 41.4124409307401, 2.11954227073861 41.4124769265131, 2.11956658682798 41.4125458214759, 2.11958320776042 41.4126245837635, 2.11962280614294 41.4129670980594, 2.11962423911206 41.4130789636123, 2.11959962942445 41.4131540776246, 2.11953951928689 41.4132389002179, 2.11938039189121 41.4134223892134, 2.11930591148073 41.4135399428666, 2.11914921892148 41.4140284425768, 2.11894332714703 41.4143500895113, 2.11886226975919 41.414530950915, 2.11882571606574 41.4146982095837, 2.11882939592618 41.4147788274504, 2.11884324138416 41.4148079446972, 2.11888231457281 41.4148468336793, 2.11898179924073 41.4148873364312, 2.11915864708883 41.4149176765318, 2.11941541085593 41.4149561582925, 2.11948397079493 41.4149599076955, 2.11961120980136 41.4149565758694, 2.11986756237989 41.4149209581664, 2.12003374350882 41.4148932253379, 2.12010808285158 41.4148916501309, 2.12020493841173 41.4149160083778, 2.12026873703192 41.4149551562236, 2.12029933882965 41.4150176857633, 2.12030007917682 41.4150692320705, 2.12027935021364 41.4151227760038, 2.12018325542831 41.4152530455722, 2.12008384886053 41.4154176621659, 2.12004799859085 41.4155312241537, 2.12002815430595 41.4156255785611, 2.12001695594966 41.4159250987709, 2.12004143311292 41.4160176483964, 2.1200707591609 41.4160683324375, 2.1201130602435 41.4161116215042, 2.12016000453515 41.4161291667387, 2.12019864830951 41.4161251566999, 2.12028614068137 41.4161022082, 2.12051629912739 41.4159933563552, 2.12068297259537 41.4159301910477, 2.12073020911335 41.4159251836243, 2.12077737323167 41.4159255440695, 2.12083330317005 41.4159431396843, 2.12087037958758 41.4159515297107, 2.12091949908691 41.4159932312282, 2.12098417192722 41.4160670460272, 2.12105615316272 41.4162555634664, 2.12108145051773 41.4163530732332, 2.12110557020447 41.4164065816049, 2.12116292104566 41.4164963375974, 2.12128571537466 41.4166685071789, 2.12133203547489 41.4167262023832, 2.12144089403691 41.4168492648298, 2.12148325996872 41.4168949498671, 2.1215208381654 41.4169167646168, 2.12156364958843 41.4169293956824, 2.12159642804474 41.4169273400455, 2.12164574863745 41.4169115752495, 2.12168521392914 41.4168688209319, 2.12172383810999 41.4168129993758, 2.12174274898393 41.4167762312057, 2.12174491703159 41.4166916858072, 2.12174130421031 41.4166685270936, 2.12170307523599 41.4165777824315, 2.12169940287254 41.4165048661013, 2.12171549905101 41.4163919094372, 2.12173462784579 41.4163433972124, 2.12176721378466 41.4162943211592, 2.12181220093147 41.416249339066, 2.12189811806258 41.4161931758485, 2.12197137209837 41.4161559036332, 2.12207468616389 41.4161273637938, 2.12217272377612 41.4160961173962, 2.12221050186623 41.4160577456539, 2.12221501253101 41.4159857925114, 2.12219569016005 41.4158389857486, 2.12220941947341 41.4157417739834, 2.12224616514731 41.4156494216931, 2.12231772787209 41.4155848437663, 2.12237786369397 41.4154891209297, 2.1224042663866 41.4151846362194, 2.1224146416138 41.4151294456263, 2.12243301874174 41.4150815940909, 2.12246884594087 41.415056538406, 2.12252772245181 41.4150329916102, 2.12262690108096 41.4150484121285, 2.12271661029501 41.4151077527589, 2.12300460708057 41.4153312615863, 2.12309465167958 41.4153639424152, 2.12317106831306 41.4153565262181, 2.12321069008272 41.4153340213095, 2.12326956842657 41.4151572933923, 2.12337656860663 41.4149861564379, 2.12341132363989 41.4149091012633, 2.12340795492847 41.4148455009843, 2.12331514434884 41.4145033392136, 2.12321449725519 41.4141914367235, 2.12319679995107 41.4141016056126, 2.1231995805116 41.4140283061163, 2.12322363334339 41.4139551687331, 2.12325621694376 41.4139060922153, 2.12330910021036 41.4138547563763, 2.12339451430839 41.4137831674107, 2.12348223440659 41.4137251611776, 2.12369235542405 41.4136567918878, 2.12387752034496 41.4136255230404, 2.12407115882489 41.4136083340099, 2.12418226413504 41.4136318426107, 2.12430557690085 41.4136836553743, 2.12445371639701 41.4137685521731, 2.12454365196508 41.4138092476796, 2.12477221829599 41.4138873879362, 2.12491298357044 41.4139227050506, 2.12521873246112 41.4139576732337, 2.12552425964751 41.4140065194096, 2.12551176852543 41.4141358165733, 2.12533568295451 41.4142911897397, 2.12527724133961 41.4143769828043, 2.12514844888836 41.4147244659398, 2.12511089725988 41.4148567160781, 2.12512741811772 41.4149488258366, 2.12518660637014 41.4150499972643, 2.12541503640199 41.4154669235697, 2.12549590815265 41.4155858782431, 2.12557566906396 41.4156627776213, 2.12564966542914 41.4157019999932, 2.12605413905323 41.4158423828209, 2.12616532803864 41.4158885528961, 2.12627249924195 41.4159693530323, 2.12632121139093 41.4160417105283, 2.12638171521966 41.4161779663416, 2.12656522286701 41.416638091209, 2.12658601017169 41.4166682663569, 2.12661083355242 41.4166910310842, 2.12667661024902 41.4167261208259, 2.1267397158728 41.4167473908385, 2.12679162267912 41.4167563301876, 2.12688867363235 41.416759345639, 2.12700864931885 41.4167499965901, 2.12716078878296 41.416719237521, 2.12734740565244 41.416668527045, 2.12761552058585 41.4166188035775, 2.12784827324737 41.4165979054912, 2.12801870914376 41.4165911987713, 2.12827413732588 41.4165997999507, 2.12833435622084 41.4166082548321, 2.12842265847459 41.416640918292, 2.12847616028527 41.4166684900724, 2.12856266730213 41.4167441594208, 2.12877800448894 41.417109565277, 2.12883474426661 41.4171948451346, 2.12892553271648 41.4173166437168, 2.13041079432456 41.4166860718773, 2.13069431439485 41.4165693971727, 2.13124738392536 41.4163302897839, 2.13133134816576 41.4164494555735, 2.13128374847975 41.4164700745267, 2.13127407397948 41.4164574271688, 2.13104733970536 41.4165517252466, 2.13102950384364 41.4165306842321, 2.13090391761588 41.4165839784922, 2.12986511717712 41.4170471082698, 2.12969019362247 41.4171173034358, 2.12964792298271 41.4171179213341, 2.12959681666706 41.4171429897607, 2.12943995450104 41.4172057288, 2.12879297451684 41.4174788706838, 2.12878384098204 41.417465787553, 2.12644406139948 41.418510654463, 2.12531617771389 41.4190072118636, 2.12515225592039 41.4190737294176, 2.12492806166178 41.4191544254125, 2.12472885279044 41.4192109558189, 2.12287345838584 41.4199983105042, 2.12155843931832 41.420561311957, 2.12154756097263 41.4205424807852, 2.12128713096797 41.4206518861315, 2.12129005692662 41.4206558717552, 2.12116287392167 41.4207100718558, 2.12147167228816 41.4208429157083, 2.12150538356826 41.4208685741256, 2.12153328007915 41.4209207961238, 2.12153740852026 41.4209838437281, 2.12151210686697 41.4211244368819, 2.12147013061425 41.4212343134159, 2.12140150396425 41.4213486522646, 2.1213075760809 41.421459681253, 2.12098237781404 41.4217623782003, 2.12088296533045 41.4218771390442, 2.12077177276465 41.4220525469563, 2.12042650661281 41.4227219169789, 2.12043830984154 41.42280233558, 2.12053731917015 41.4230581832255, 2.12054508998746 41.4231137464791, 2.12044997484765 41.4237469809982, 2.12046790525829 41.4239400394206, 2.12051525957203 41.424107651573, 2.12131121556905 41.4253865747924, 2.12134386312737 41.4254673326198, 2.12135893055197 41.4255507484771, 2.1213471514414 41.4256202139445, 2.12132167596063 41.425675883497, 2.12125387198956 41.4257554597373, 2.12121495219832 41.4257826261234, 2.12126688707374 41.425831842232, 2.12121974545411 41.4258680072011, 2.12118345427414 41.4258869099792, 2.12111586721325 41.4259097392341, 2.12102769024128 41.4259325860306, 2.12095969411894 41.425942690415, 2.12088813709239 41.4259460982083, 2.12075288890784 41.4259345539668, 2.1195592955467 41.4257399882802, 2.11928199346525 41.4258683266628, 2.1189348816561 41.4258132962118, 2.11847873588398 41.4259677226469, 2.11806149802592 41.4261384912979, 2.11774574676039 41.4262178142491, 2.117105391878 41.4262686164109, 2.11680863982169 41.4264150897202, 2.11632228600265 41.4266617189967, 2.11566134327016 41.4267773598265, 2.11546097979686 41.4268767088498, 2.11540917247532 41.4269489099049, 2.11540600930685 41.4271866740294, 2.11543254438307 41.4273800858495, 2.11541658894022 41.4274943932431, 2.11536379707438 41.4275936836941, 2.11508305410546 41.4278174721862, 2.11447914778948 41.4280614701564, 2.11418324321138 41.4281504495542, 2.11375377456169 41.4283259874238, 2.11355854024581 41.4283986065009, 2.11332361679053 41.428503568135, 2.1130066872239 41.4283695163347, 2.11293952442716 41.4283602065635, 2.11287360866462 41.4283789854076, 2.11246299950391 41.4285908316453, 2.11237693876009 41.4286114206258, 2.11233695383482 41.4286130048469, 2.11225977606023 41.4285970627868, 2.11219774393794 41.4285748244294, 2.1121621120543 41.4285551457499, 2.11202213640948 41.4284247937734, 2.11198849950925 41.4284024413513, 2.11192346578357 41.4283719549787, 2.11186415272472 41.4283503304083, 2.11174057325617 41.428333976583, 2.11141000145197 41.4283104058213, 2.11116355818353 41.4282870317268, 2.11101459375227 41.4282837764938, 2.11094310560382 41.4282908027096, 2.11014883836269 41.4284759431663, 2.10971268432467 41.4284165449744, 2.10920077287161 41.4287283658045, 2.10900572615 41.4287511284244, 2.10840316516209 41.4287219457257, 2.10772033426846 41.4286354661158, 2.10667902159153 41.4286328272218, 2.10634100192056 41.4285033109084, 2.10585368926149 41.4285639175212, 2.10581000155175 41.4286148485618, 2.10574881188421 41.4287744790578))"
"05","Sarrià-Sant Gervasi","22","Vallvidrera, el Tibidabo i les Planes","092","003","POLYGON ((424669.5512 4585643.2451, 424666.3024 4585646.6844, 424650.8254 4585629.0725, 424630.1615 4585599.4675, 424627.4355 4585589.3235, 424628.5135 4585565.7875, 424634.4265 4585505.6195, 424637.4975 4585467.0275, 424635.1795 4585456.9935, 424632.2295 4585450.1655, 424622.4555 4585435.0355, 424617.2255 4585423.5215, 424611.3315 4585403.5275, 424610.7255 4585399.0175, 424600.3441 4585369.2933, 424578.3213 4585329.331, 424574.3158 4585315.0553, 424573.7459 4585302.0386, 424576.0941 4585295.0007, 424582.3616 4585286.916, 424590.1481 4585279.2101, 424595.5795 4585271.7506, 424597.3077 4585264.4378, 424596.8917 4585255.91, 424595.648 4585248.9054, 424592.596 4585245.131, 424587.452 4585244.2527, 424570.974 4585243.8164, 424563.7192 4585245.315, 424558.8357 4585248.3072, 424554.7551 4585253.1441, 424551.6113 4585259.123, 424549.3035 4585260.4845, 424538.6875 4585259.2045, 424535.672 4585258.4791, 424533.2394 4585256.4249, 424531.1793 4585252.1782, 424531.3694 4585248.4719, 424535.5386 4585244.1113, 424539.1875 4585238.6855, 424541.2395 4585231.2915, 424541.5895 4585223.9355, 424538.7944 4585201.5889, 424540.0135 4585166.3215, 424541.1495 4585162.2075, 424542.7255 4585158.1795, 424544.3885 4585155.9035, 424548.4135 4585151.6135, 424554.3635 4585147.0605, 424561.0049 4585140.6783, 424563.4024 4585132.9102, 424564.535 4585121.8984, 424563.2242 4585113.7157, 424558.7937 4585102.0259, 424551.5517 4585089.8008, 424542.9545 4585076.6903, 424535.9916 4585064.2943, 424532.4515 4585054.0155, 424532.3601 4585033.5412, 424530.4737 4585025.1674, 424525.2641 4585012.1939, 424524.9505 4585006.9754, 424554.2156 4584984.5177, 424552.2136 4584979.3547, 424551.7676 4584977.2137, 424551.9845 4584969.0946, 424552.6625 4584966.3426, 424553.5945 4584964.1296, 424554.7865 4584962.1366, 424567.0594 4584946.0356, 424578.6242 4584924.9745, 424595.745 4584895.5573, 424600.761 4584885.7422, 424606.7339 4584875.8012, 424610.6319 4584870.6821, 424617.6828 4584859.7341, 424626.3267 4584847.871, 424639.7396 4584834.1269, 424646.8076 4584825.3938, 424665.0555 4584807.8516, 424676.0904 4584792.9065, 424683.8863 4584780.1104, 424689.6513 4584771.6654, 424702.9712 4584754.7342, 424710.3821 4584743.6482, 424712.1931 4584741.4151, 424714.079 4584737.5801, 424719.155 4584730.0661, 424725.4689 4584721.839, 424726.6869 4584721.038, 424735.4199 4584709.9669, 424749.2768 4584693.8628, 424768.7766 4584674.0726, 424770.3736 4584673.2346, 424780.9976 4584671.9105, 424791.1426 4584669.2624, 424798.7346 4584667.8064, 424800.5436 4584667.0933, 424808.3906 4584658.6143, 424810.4107 4584657.0513, 424818.5346 4584653.6092, 424820.7896 4584652.1452, 424854.1224 4584627.4149, 424863.5754 4584621.7578, 424871.617337 4584614.9007525, 424883.4593 4584606.5166, 424906.4423 4584596.7095, 424916.2322 4584586.8694, 424917.013 4584585.1852, 424919.9477 4584582.8754, 424923.8223 4584581.0433, 424929.0117 4584579.7602, 424933.5394 4584579.7556, 424944.9642 4584581.034, 424949.5625 4584573.0049, 424951.0898 4584568.2385, 424948.8736 4584560.2794, 424942.3216 4584548.8111, 424919.9855 4584548.7775, 424902.767 4584550.5817, 424893.9865 4584558.3095, 424890.3558 4584561.105, 424857.2495 4584576.3715, 424833.3475 4584585.2035, 424802.5955 4584594.0535, 424787.4195 4584597.1215, 424775.5235 4584596.8375, 424756.6255 4584597.0335, 424750.1605 4584599.2255, 424742.3555 4584602.7075, 424726.3455 4584610.8855, 424705.6615 4584622.7235, 424697.6935 4584625.6285, 424672.7431 4584633.593, 424666.4192 4584637.6182, 424658.2641 4584645.9262, 424653.8435 4584651.4295, 424636.8555 4584668.1575, 424632.5635 4584671.7495, 424629.0215 4584674.1435, 424622.0375 4584678.1195, 424610.5785 4584687.5455, 424602.1175 4584693.8445, 424598.2215 4584695.8555, 424594.3115 4584697.2795, 424587.6575 4584697.3735, 424579.7555 4584696.4575, 424568.6095 4584690.7375, 424553.2995 4584678.7215, 424543.3155 4584671.3495, 424529.2145 4584664.2915, 424522.6775 4584663.4875, 424513.6355 4584664.6475, 424504.9675 4584666.2875, 424498.8175 4584668.3555, 424493.6695 4584668.8455, 424484.8515 4584671.1235, 424477.7335 4584673.7595, 424467.3915 4584676.6635, 424456.3215 4584680.4995, 424448.2035 4584681.1415, 424441.8695 4584680.5495, 424437.4315 4584679.7775, 424427.6495 4584674.1075, 424424.6055 4584671.2635, 424420.4995 4584666.8755, 424415.0405 4584659.6435, 424409.3975 4584650.8815, 424404.0715 4584643.9255, 424392.2775 4584631.9695, 424387.4515 4584624.8815, 424383.8755 4584615.7675, 424381.8475 4584604.7275, 424381.5575 4584598.7955, 424382.1015 4584592.4335, 424382.8135 4584587.0775, 424385.0855 4584578.5435, 424387.8395 4584562.6315, 424390.2615 4584550.9775, 424392.9615 4584541.5615, 424394.8455 4584533.3155, 424395.3775 4584522.2255, 424394.8455 4584517.5975, 424393.7335 4584514.0295, 424384.9875 4584507.5675, 424379.2875 4584505.8815, 424367.1115 4584504.7235, 424357.2555 4584507.0855, 424348.8475 4584511.1855, 424318.7955 4584521.9435, 424313.3315 4584523.5935, 424308.0915 4584524.5015, 424304.3095 4584524.6295, 424297.9095 4584523.8105, 424289.5675 4584523.3515, 424283.5435 4584523.4135, 424260.6615 4584526.0375, 424250.8555 4584525.6535, 424217.7175 4584507.7295, 424205.2855 4584502.5635, 424194.0695 4584498.9815, 424184.2015 4584497.6375, 424177.9835 4584497.3175, 424147.6675 4584501.4755, 424140.5535 4584502.1135, 424133.4375 4584501.9865, 424121.4105 4584501.0455, 424114.2025 4584499.7895, 424105.0775 4584497.5125, 424098.8335 4584495.1465, 424091.8895 4584490.9175, 424081.2015 4584483.0695, 424073.519691 4584476.722711, 424069.5975 4584471.6968, 424085.5125 4584469.9915, 424113.0792 4584475.3906, 424127.1273 4584478.618, 424139.0794 4584479.3422, 424150.7899 4584479.4625, 424164.0699 4584477.6514, 424174.9354 4584474.9952, 424200.5299 4584466.9063, 424244.4748 4584456.5224, 424260.7733 4584452.0558, 424276.1057 4584446.9846, 424284.4358 4584443.7249, 424294.6976 4584440.4652, 424305.4037 4584438.612, 424359.5289 4584438.0497, 424371.8429 4584437.0835, 424382.3464 4584435.7555, 424399.7614 4584432.5691, 424413.3544 4584428.4322, 424456.7173 4584438.6814, 424461.2738 4584440.9174, 424479.6601 4584456.587, 424497.6064 4584470.9466, 424501.3555 4584483.8776, 424508.9172 4584507.6668, 424522.5933 4584533.321, 424533.8837 4584547.2525, 424545.8938 4584560.3437, 424549.7374 4584563.9468, 424554.5415 4584566.5891, 424564.7505 4584568.2706, 424577.7216 4584568.8708, 424594.7761 4584567.1889, 424607.7471 4584565.0268, 424624.2016 4584561.063, 424665.757 4584547.9715, 424694.596 4584537.8653, 424751.3493 4584509.489, 424800.517 4584487.0954, 424818.365 4584483.9272, 424828.077 4584481.6711, 424831.8744 4584469.7553, 424838.3488 4584453.682, 424861.8126 4584402.2859, 424871.535 4584387.7918, 424879.798 4584374.0891, 424885.3032 4584364.2825, 424896.1257 4584353.9861, 424906.1766 4584338.5851, 424909.631 4584328.4375, 424910.2224 4584318.9166, 424911.7897 4584308.1429, 424914.021 4584297.4159, 424914.6623 4584285.5483, 424917.8697 4584267.9077, 424918.1899 4584250.2671, 424917.186 4584226.7481, 424921.072100001 4584204.7259, 424921.949 4584190.8059, 424920.6497 4584173.5645, 424920.5313 4584155.8502, 424921.83 4584133.0588, 424923.0109 4584123.9653, 424925.0184 4584119.9501, 424928.4428 4584116.6436, 424938.7167 4584111.6834, 424960.9183 4584103.2985, 424976.5062 4584098.2203, 425012.7021 4584085.3622, 425040.6134 4584065.7152, 425058.0677 4584050.5859, 425072.8631 4584038.8891, 425082.4694 4584020.1559, 425086.1918 4584007.9079, 425088.8335 4583996.4998, 425091.1145 4583975.7252, 425093.0357 4583943.063, 425092.7949 4583926.0111, 425091.2338 4583914.9636, 425087.6311 4583901.9946, 425079.1052 4583879.4191, 425073.9408 4583858.2845, 425070.5787 4583847.357, 425067.0961 4583838.8311, 425062.0524 4583828.3843, 425055.3277 4583817.0967, 425039.3563 4583792.1194, 425035.8737 4583784.5545, 425033.592 4583778.07, 425032.151 4583770.385, 425031.5502 4583761.0185, 425032.3907 4583751.4114, 425034.192 4583745.6478, 425035.2724 4583740.1238, 425035.0323 4583733.7593, 425032.5107 4583725.3538, 425030.1086 4583719.2292, 425028.348 4583713.0147, 425027.4995 4583705.9807, 425025.4372 4583698.3403, 425016.22 4583680.513, 425013.508 4583672.376, 425020.4701 4583673.0001, 425027.1301 4583671.5201, 425032.1301 4583671.3401, 425038.0501 4583672.6201, 425047.2201 4583673.9801, 425062.8301 4583670.7001, 425070.6101 4583668.3001, 425089.6801 4583661.4401, 425137.0834 4583641.093, 425139.8345 4583647.202, 425143.9315 4583649.8455, 425156.7855 4583654.5635, 425161.7515 4583657.6095, 425166.3344 4583662.0546, 425193.1944 4583709.6272, 425201.5913 4583727.3609, 425208.3225 4583743.0145, 425210.4104 4583750.2545, 425210.9535 4583756.7575, 425209.917500001 4583760.8375, 425200.0935 4583776.7875, 425198.4755 4583782.7795, 425199.1255 4583788.0215, 425202.0475 4583792.6345, 425206.0635 4583796.0855, 425226.4865 4583804.7815, 425232.6475 4583809.4295, 425239.0035 4583815.4875, 425247.0855 4583824.8895, 425251.4335 4583831.5095, 425254.6735 4583838.6735, 425257.2905 4583847.1995, 425260.2375 4583859.9775, 425262.3715 4583875.1275, 425262.9835 4583888.9575, 425262.5255 4583899.8915, 425264.4455 4583905.8875, 425268.4515 4583909.9955, 425272.8355 4583911.6795, 425278.9615 4583912.2075, 425292.5195 4583910.0955, 425303.0135 4583907.6135, 425320.0195 4583906.1155, 425340.9015 4583908.5815, 425353.5175 4583912.8315, 425366.1475 4583919.4615, 425376.2195 4583928.5455, 425382.5895 4583935.9535, 425388.5795 4583947.2435, 425392.1005 4583960.8355, 425393.4655 4583972.4035, 425394.6715 4583993.1255, 425393.7935 4584006.4255, 425392.6635 4584014.5355, 425389.2835 4584024.1835, 425381.6915 4584043.5015, 425380.9735 4584050.2055, 425384.3895 4584056.7915, 425390.5155 4584062.1435, 425404.5735 4584071.9115, 425410.5695 4584080.1715, 425415.2175 4584090.1015, 425428.2155 4584128.6515, 425430.9935 4584135.1735, 425436.4515 4584142.7095, 425444.5115 4584150.6715, 425466.3535 4584166.6195, 425494.7315 4584184.5495, 425506.9475 4584195.6005, 425513.5675 4584205.1775, 425516.8415 4584213.2415, 425531.4493 4584272.1504, 425533.857 4584284.6167, 425534.0643 4584296.8697, 425532.7142 4584302.5887, 425526.1385 4584315.2515, 425519.8455 4584320.8275, 425512.5815 4584325.0415, 425503.7775 4584327.2255, 425492.6495 4584326.9075, 425481.5575 4584321.4155, 425473.8355 4584313.3795, 425465.8895 4584302.8215, 425456.1475 4584292.7875, 425446.6275 4584286.3075, 425434.1254 4584279.544, 425420.8355 4584273.2875, 425410.5777 4584271.6652, 425402.18 4584273.9883, 425394.1911 4584280.0496, 425366.3403 4584313.1438, 425358.4389 4584318.5495, 425345.9166 4584319.9754, 425336.054 4584315.6703, 425332.0906 4584311.9651, 425325.7217 4584301.0791, 425321.4177 4584290.9223, 425317.0419 4584283.1048, 425310.8109 4584276.9885, 425304.7826 4584272.5542, 425300.1774 4584270.2582, 425297.4308 4584266.6353, 425290.934 4584262.1118, 425282.7193 4584259.9803, 425273.7561 4584261.8597, 425261.3393 4584266.5776, 425252.032 4584267.6744, 425241.1345 4584266.7653, 425231.7814 4584262.9231, 425221.0417 4584254.828, 425207.5413 4584239.574, 425190.9924 4584222.4399, 425183.7689 4584218.2412, 425175.662 4584215.6222, 425168.3773 4584216.9247, 425157.7995 4584222.6055, 425141.5773 4584232.2162, 425135.1015 4584241.8475, 425132.6055 4584250.2615, 425132.2195 4584258.1135, 425134.2615 4584276.7415, 425143.6985 4584334.7365, 425142.9035 4584343.6115, 425130.1955 4584355.5155, 425124.3255 4584357.1235, 425118.9105 4584358.1495, 425087.9955 4584362.3275, 425075.9315 4584366.1095, 425067.4115 4584371.7435, 425059.0095 4584379.5355, 425053.7075 4584388.4395, 425049.6335 4584399.2175, 425043.9735 4584424.9735, 425044.2035 4584438.3355, 425047.1395 4584447.3295, 425053.6765 4584457.4155, 425061.7495 4584467.2855, 425068.8195 4584477.9995, 425071.4535 4584484.0095, 425072.5815 4584489.8855, 425072.8375 4584495.2515, 425072.3075 4584501.6315, 425067.1275 4584526.9035, 425062.8935 4584545.7765, 425062.4675 4584557.0035, 425064.4645 4584564.9755, 425069.9955 4584572.0275, 425084.1255 4584579.3675, 425098.4395 4584585.2365, 425106.4695 4584592.2155, 425111.8055 4584599.8505, 425115.1835 4584607.3115, 425118.7775 4584618.2175, 425122.1915 4584626.2455, 425125.1335 4584630.7115, 425127.1775 4584632.8935, 425133.9935 4584637.5375, 425148.5695 4584638.4095, 425170.4715 4584632.2955, 425191.0655 4584625.9535, 425221.1735 4584618.3855, 425232.3755 4584619.7455, 425237.2545 4584621.9065, 425239.8045 4584623.8475, 425242.9665 4584627.2775, 425244.8265 4584630.1885, 425250.5355 4584641.2105, 425327.0615 4584613.1535, 425327.8075 4584617.9355, 425328.8335 4584621.2715, 425330.5135 4584624.6355, 425333.1375 4584628.0135, 425341.7655 4584636.2315, 425357.8725 4584648.9935, 425360.2495 4584652.0175, 425361.7515 4584655.4895, 425363.1115 4584661.3435, 425362.7075 4584667.7195, 425361.6555 4584670.8475, 425358.2775 4584678.6005, 425347.6515 4584695.5875, 425340.5815 4584704.3915, 425327.7905 4584715.0015, 425315.4035 4584725.8695, 425305.7535 4584735.2675, 425285.9815 4584752.6795, 425272.0695 4584768.4695, 425264.3235 4584783.5595, 425263.9935 4584789.0435, 425266.1115 4584795.1635, 425271.2815 4584801.5795, 425278.3615 4584805.7555, 425292.9555 4584810.9815, 425298.0535 4584815.4135, 425302.4275 4584822.4615, 425303.9075 4584830.4895, 425303.5835 4584837.3695, 425304.4355 4584843.5535, 425308.0275 4584849.8915, 425313.5175 4584854.3755, 425316.1255 4584857.2855, 425322.4375 4584859.0895, 425342.3255 4584844.5195, 425359.4475 4584830.3915, 425370.8195 4584823.6235, 425386.2115 4584818.2555, 425397.4215 4584815.4925, 425411.2355 4584813.1995, 425428.2835 4584813.0915, 425451.6175 4584813.6735, 425455.0815 4584814.3385, 425448.1295 4584821.5135, 425432.9435 4584835.9715, 425425.6935 4584845.3815, 425418.8695 4584860.1795, 425410.6494 4584866.9014, 425402.5275 4584872.2835, 425392.2915 4584875.1895, 425391.5915 4584877.5735, 425391.8015 4584884.6995, 425386.8735 4584892.5555, 425378.7773 4584903.867, 425375.379 4584906.7199, 425361.7835 4584927.3235, 425346.8475 4584940.2675, 425317.0875 4584946.5555, 425307.5935 4584948.6895, 425300.5175 4584950.6655, 425295.3155 4584953.5295, 425288.1915 4584958.1715, 425272.3755 4584970.3415, 425257.9135 4584980.4395, 425253.6475 4584982.5215, 425236.7935 4584986.1635, 425229.0935 4584986.5795, 425224.7295 4584985.9015, 425209.6095 4584980.2375, 425205.8618 4584979.4753, 425202.3455 4584980.9095, 425173.1835 4585006.0295, 425166.4715 4585016.8355, 425150.0475 4585046.9755, 425136.4489 4585065.1088, 425114.563 4585095.8089, 425102.8525 4585104.0564, 425096.6815 4585110.9095, 425088.1235 4585126.8785, 425063.7755 4585170.5255, 425062.4795 4585172.2535, 425050.5435 4585185.7575, 425026.8175 4585210.5815, 425018.2495 4585220.0455, 424960.4335 4585290.9975, 424946.8255 4585308.6235, 424921.3874 4585338.3895, 424904.5555 4585366.7435, 424888.3515 4585400.2055, 424884.1921 4585410.8796, 424877.2105 4585420.636, 424871.7295 4585426.0895, 424853.4235 4585436.1175, 424840.1475 4585440.3355, 424834.1115 4585441.3955, 424825.5955 4585440.2895, 424818.7745 4585438.1535, 424813.3345 4585435.4575, 424805.2895 4585430.5755, 424798.7745 4585426.0295, 424794.7655 4585422.5595, 424782.9395 4585410.1715, 424777.3155 4585403.6655, 424764.8475 4585391.1195, 424758.2255 4585382.9795, 424754.7525 4585376.9675, 424753.1235 4585366.8795, 424749.1415 4585352.5915, 424747.8955 4585350.0635, 424745.2585 4585346.9935, 424742.7895 4585344.9475, 424725.0575 4585333.6535, 424719.5355 4585329.2975, 424716.4215 4585326.3775, 424713.3995 4585322.9035, 424710.3175 4585318.0575, 424707.3615 4585314.5455, 424704.3695 4585311.8615, 424700.5795 4585309.6635, 424697.5095 4585309.0475, 424695.7295 4585309.3155, 424693.1635 4585310.9095, 424692.0935 4585312.4615, 424691.5515 4585315.0755, 424691.5915 4585319.2615, 424692.2415 4585321.9135, 424702.4555 4585350.3895, 424714.6615 4585393.6515, 424714.6075 4585396.2335, 424712.7675 4585404.3505, 424710.6815 4585405.4695, 424708.6575 4585405.7895, 424712.3555 4585414.5815, 424719.8555 4585426.7535, 424721.0175 4585430.3935, 424721.9575 4585437.5935, 424724.0355 4585442.5395, 424727.6795 4585447.8915, 424730.9475 4585451.1395, 424731.3615 4585453.0175, 424730.4795 4585458.1115, 424723.5675 4585467.7695, 424721.2635 4585471.5235, 424720.5355 4585473.0955, 424720.4575 4585474.0155, 424721.7688 4585487.8781, 424725.4495 4585503.5995, 424732.6535 4585523.0815, 424733.2915 4585526.0895, 424731.0415 4585530.6735, 424727.4615 4585534.7775, 424721.9534 4585538.6768, 424718.8568 4585539.9649, 424713.7621 4585542.8888, 424712.8855 4585546.7091, 424715.0455 4585549.4835, 424716.9295 4585549.9325, 424721.5185 4585550.3845, 424729.4493 4585550.3775, 424734.9852 4585551.8249, 424738.3136 4585554.9391, 424740.5972 4585559.0808, 424741.0202 4585567.3894, 424740.2205 4585569.7425, 424712.0785 4585601.6715, 424669.5512 4585643.2451))","POLYGON ((2.09856611313163 41.4188150138643, 2.09852681295982 41.4188456852173, 2.09834382500893 41.418685613094, 2.09810027155704 41.4184170387576, 2.09806891930828 41.4183254214892, 2.09808475025573 41.4181135464591, 2.09816299513563 41.4175722000701, 2.09820454701458 41.4172249105556, 2.09817806303979 41.4171343222776, 2.09814361802536 41.4170725494488, 2.09802856089404 41.4169353648488, 2.09796742076817 41.4168311737948, 2.09789939319531 41.4166505455806, 2.09789270473918 41.4166098695649, 2.09777220076413 41.4163411855526, 2.09751369109485 41.4159791997978, 2.09746754745086 41.4158502502423, 2.09746235190655 41.4157329622774, 2.09749132420635 41.4156697960598, 2.09756731895142 41.4155975696903, 2.09766144018064 41.4155288974588, 2.09772735324679 41.4154622233639, 2.09774894153736 41.4153965230214, 2.09774502730626 41.4153196786303, 2.09773102036012 41.415256475228, 2.09769497574245 41.4152221948399, 2.09763354081488 41.4152138017624, 2.09743644733512 41.4152083257761, 2.09734946180621 41.4152211418961, 2.09729066095624 41.4152476326202, 2.09724123615292 41.4152908129206, 2.0972028770399 41.4153443665357, 2.09717509594588 41.4153564121689, 2.09704824224725 41.4153438871075, 2.0970122542966 41.4153370706524, 2.09698340612666 41.4153183411329, 2.09695928820183 41.4152798999107, 2.09696202498463 41.4152465370971, 2.09701245055851 41.4152076550179, 2.09705678391806 41.4151591303714, 2.09708225694035 41.415092729236, 2.09708736197704 41.4150265105294, 2.0970567080832 41.4148249841584, 2.09707569270087 41.4145074639388, 2.09708979714718 41.4144705179961, 2.09710915508291 41.4144343879207, 2.0971293353615 41.414414045342, 2.09717802614808 41.4143757854946, 2.09724978065882 41.4143353376427, 2.09733003518125 41.4142784800141, 2.09735968781838 41.4142087419128, 2.09737461144137 41.4141096707898, 2.09735994920186 41.4140358505157, 2.0973083999856 41.4139301508059, 2.09722328075553 41.4138193659709, 2.09712205858634 41.4137004795067, 2.09704030044015 41.4135881815373, 2.09699922881611 41.4134952734245, 2.09700068922949 41.4133108636877, 2.09697916496916 41.4132352681744, 2.09691845602848 41.4131179335219, 2.09691535514121 41.4130709038101, 2.09726828075107 41.4128713869695, 2.09724497290156 41.4128246986233, 2.09723990400309 41.4128053739005, 2.0972435114298 41.4127322698246, 2.09725196609656 41.4127075476641, 2.09726339236063 41.4126877038347, 2.09727790178312 41.4126698658345, 2.09742674021606 41.412526004627, 2.09756772473152 41.4123374037642, 2.09777622038405 41.4120740650045, 2.09783745359377 41.4119861361487, 2.09791015039087 41.411897163105, 2.09795742273479 41.4118514237066, 2.0980431415189 41.4117534821696, 2.09814803214675 41.4116474481324, 2.09831021129595 41.4115249199833, 2.09839585785886 41.4114469282147, 2.09861635292749 41.411290645406, 2.098750230446 41.411157076938, 2.09884509000178 41.4110425597178, 2.0989151109458 41.4109670402093, 2.09907657095304 41.4108157976728, 2.0991666107087 41.4107166460817, 2.09918855443847 41.4106967033521, 2.09921159352872 41.4106623401551, 2.09927325498099 41.4105951409103, 2.09934981457678 41.4105216350437, 2.09936448570712 41.4105145349218, 2.09947033960872 41.410415641091, 2.09963811844571 41.4102718972698, 2.09987386299837 41.4100954825837, 2.09989307269571 41.410088084626, 2.10002033620186 41.4100771534331, 2.10014203377115 41.4100542526967, 2.10023304063109 41.4100418496033, 2.10025477098499 41.410035596329, 2.10034970113776 41.409959964471, 2.10037406252311 41.4099460763117, 2.10047167925596 41.4099158350076, 2.10049883848896 41.4099028604344, 2.10090068137805 41.4096832443712, 2.10101447293098 41.409633177491, 2.1011115323354 41.4095721712982, 2.10125424187856 41.4094977663045, 2.10153041079522 41.4094115862914, 2.10164875083507 41.409323876111, 2.10165830070417 41.4093087803206, 2.10169369580288 41.4092882512631, 2.10174027585506 41.4092721123826, 2.10180251703204 41.4092610408423, 2.10185668352328 41.409261422267, 2.10199320248872 41.4092740030419, 2.10204920881525 41.4092021184033, 2.1020680713689 41.409159332479, 2.10204254560615 41.4090874420116, 2.10196558517111 41.4089835411113, 2.10169837855983 41.4089811524797, 2.101492166671 41.4089957934902, 2.10138616484181 41.4090645734336, 2.10134238310079 41.4090894118121, 2.10094443020843 41.4092238150889, 2.10065738824999 41.4093011255355, 2.10028839514034 41.4093779565642, 2.10010645958085 41.4094041685478, 2.09996418004964 41.4094004974838, 2.09973807418388 41.4094004939253, 2.09966045919485 41.4094196309164, 2.09956665296578 41.4094502607552, 2.099374103926 41.4095224166092, 2.09912518267313 41.4096270980333, 2.09902949768574 41.4096525154194, 2.09873001730387 41.4097219096685, 2.0986538614483 41.4097575698735, 2.0985552650426 41.4098316313305, 2.09850169472682 41.4098807823102, 2.09829637825836 41.4100298500394, 2.09824458412842 41.4100617988711, 2.09820191169636 41.4100830282477, 2.09811786423719 41.410118183071, 2.09797960154711 41.4102020034116, 2.0978775944268 41.4102579415643, 2.0978307344284 41.4102756881124, 2.09778378006663 41.4102881465262, 2.09770416384945 41.4102883688602, 2.09760974318904 41.4102793774955, 2.09747711213869 41.4102268145118, 2.09729545077833 41.4101171557623, 2.09717692774563 41.4100498228111, 2.09700911269477 41.4099849312161, 2.09693100857617 41.4099770761904, 2.09682269129596 41.409986674575, 2.0967187883925 41.4100006310929, 2.09664495576414 41.4100186788151, 2.09658330728216 41.4100226084024, 2.0964775301512 41.4100422967403, 2.09639204598884 41.4100653690307, 2.09626795842722 41.4100905520305, 2.09613504508575 41.4101240605058, 2.09603784628846 41.4101290796379, 2.09596214421851 41.4101231524074, 2.09590914718711 41.4101157822073, 2.09579282964918 41.4100637958494, 2.09575676838799 41.4100378952361, 2.09570819492714 41.40999798876, 2.095643790373 41.4099323406279, 2.0955773758227 41.4098528952551, 2.09551452818216 41.4097897453457, 2.09537492680088 41.4096809546621, 2.09531807765245 41.4096166628251, 2.09527643586087 41.4095342414444, 2.09525355395129 41.4094346192176, 2.09525082588592 41.409381165548, 2.09525812888397 41.4093239175552, 2.09526731597884 41.4092757458762, 2.09529556276328 41.4091990983831, 2.09533049761271 41.4090560464727, 2.09536092852489 41.408951312876, 2.09539440547262 41.4088667619027, 2.09541797424898 41.4087926717392, 2.0954257241596 41.408692839996, 2.09541993798846 41.4086511080012, 2.09540708079885 41.4086188683128, 2.09530325903339 41.408559845796, 2.09523528015712 41.4085441246638, 2.09508976245511 41.4085325495943, 2.09497155914802 41.4085528954478, 2.09487046104282 41.4085890307065, 2.09450960104328 41.4086830934086, 2.09444402829584 41.4086974396152, 2.09438122806439 41.4087051240765, 2.0943359675932 41.4087059207593, 2.09425950617989 41.4086979417414, 2.09415976740488 41.4086930220888, 2.09408769392562 41.4086930130717, 2.09381362584678 41.4087144903118, 2.09369636371636 41.4087101077957, 2.09330217502273 41.4085455523492, 2.09315409715138 41.4084978527776, 2.093020368151 41.4084645339396, 2.09290248509901 41.4084514985639, 2.09282813893046 41.4084480299921, 2.09246494589628 41.4084826186825, 2.09237976073269 41.4084876934634, 2.09229464753598 41.4084858780463, 2.09215088583895 41.4084762677319, 2.0920648136397 41.4084642751617, 2.09195593635286 41.4084429059302, 2.0918815358316 41.4084210070663, 2.09179899491717 41.4083822630082, 2.09167211852933 41.4083105708968, 2.09158101716577 41.4082526832099, 2.09153472654894 41.4082070470385, 2.09172533167678 41.4081931915075, 2.09205443513933 41.4082444212776, 2.09222208810014 41.4082748148639, 2.0923649805125 41.4082824654148, 2.09250505838598 41.4082846539862, 2.09266415426673 41.408269595372, 2.09279447126232 41.4082466974148, 2.09310167183236 41.4081762589277, 2.09362868472417 41.4080868793783, 2.09382422250808 41.4080481869393, 2.09400827828685 41.4080039578439, 2.09410833889533 41.4079753841344, 2.09423150827645 41.4079469922674, 2.09435981677272 41.4079313097077, 2.09500738486691 41.4079313403528, 2.09515481756075 41.407923796947, 2.09528063648734 41.4079128244959, 2.09548936953193 41.4078857643281, 2.0956524987193 41.4078497837425, 2.09616996765917 41.4079461692644, 2.09622419783732 41.407966735946, 2.09644219726498 41.4081095914367, 2.09665509735634 41.4082406067076, 2.09669833470647 41.408357421596, 2.09678582809165 41.4085723886613, 2.09694623677885 41.4088047268995, 2.09707956796378 41.408931260714, 2.09722161433956 41.4090502937937, 2.0972671467658 41.4090831058254, 2.0973242896684 41.4091073545704, 2.09744621224477 41.4091234571231, 2.09760131319262 41.4091300800216, 2.097805549053 41.4091165321061, 2.09796099297815 41.4090982759157, 2.09815833499465 41.4090641192111, 2.09865709964446 41.4089501066219, 2.09900336296918 41.4088617876538, 2.09968583970839 41.4086115319637, 2.10027682083987 41.4084144456449, 2.10049073132862 41.4083875808266, 2.10060719687832 41.4083681696017, 2.10065410548841 41.4082612052291, 2.10073355531593 41.4081170466817, 2.10102063446309 41.4076563419608, 2.10113874220577 41.4075267097458, 2.10123929260567 41.4074040687569, 2.1013063678629 41.4073162601638, 2.10143711381914 41.4072245369618, 2.10155926226337 41.4070867669947, 2.101601845727 41.4069956954219, 2.1016101018228 41.4069100007672, 2.1016301878095 41.4068131139369, 2.10165821121513 41.4067167097258, 2.10166735527637 41.4066098841891, 2.10170791303568 41.4064513038511, 2.10171393192398 41.4062924538351, 2.10170484027454 41.4060805363793, 2.10175406015095 41.4058825565476, 2.10176627689313 41.4057572680622, 2.1017528726615 41.4056018621642, 2.10175365370159 41.4054423073798, 2.1017720165712 41.4052371580672, 2.10178727104505 41.4051553677988, 2.10181178375344 41.4051193924006, 2.10185315814972 41.4050899322144, 2.10197667446596 41.4050462175382, 2.10224329972904 41.4049727716263, 2.10243039859068 41.4049284896916, 2.10286498284225 41.404816060323, 2.10320130268637 41.4046417126498, 2.10341197102346 41.4045070779036, 2.10359040692339 41.4044031097633, 2.10370763945275 41.4042352844525, 2.10375368384916 41.4041253197104, 2.10378669651087 41.4040228188076, 2.10381655343092 41.4038359248912, 2.1038435772592 41.4035419317471, 2.10384280693074 41.4033883313427, 2.10382549994627 41.4032886865587, 2.10378400893841 41.4031715455465, 2.10368481526317 41.4029674247843, 2.10362565426361 41.402776594684, 2.10358678928917 41.4026778627944, 2.1035461857217 41.4026007496767, 2.10348714616659 41.4025061904484, 2.10340810278793 41.4024039018282, 2.10322014620732 41.4021774547722, 2.10317942437108 41.4021089967746, 2.10315293388288 41.4020503813631, 2.103136648483 41.4019810320295, 2.10313062173283 41.4018966166033, 2.10314186543375 41.4018101686031, 2.10316412608863 41.4017584266798, 2.10317773373949 41.4017087754939, 2.10317564984017 41.401651431219, 2.10314652778298 41.4015754919428, 2.10311855275977 41.4015201067346, 2.10309826241488 41.4014639716528, 2.10308898394769 41.4014005407895, 2.10306526138811 41.4013315351955, 2.1029572153967 41.4011701140078, 2.10292578302716 41.4010965751635, 2.10300898454055 41.4011028454045, 2.10308883300812 41.4010901368313, 2.10314866398114 41.4010889818796, 2.1032193189652 41.4011010621678, 2.1033288397308 41.4011141659112, 2.1035159685367 41.4010860796196, 2.103609327904 41.4010651890854, 2.1038382870265 41.4010051814165, 2.10440782838114 41.4008263402272, 2.10443998078083 41.4008816171292, 2.10448866101034 41.4009058072767, 2.10464183352169 41.4009494965985, 2.10470085885562 41.4009773926672, 2.10475512875626 41.4010178540549, 2.105070542266 41.4014488165811, 2.10516879324117 41.401609316511, 2.10524737680322 41.4017509269722, 2.10527145751563 41.4018163283115, 2.10527715060189 41.401874948152, 2.10526425401732 41.4019115983335, 2.10514476953956 41.4020543382152, 2.10512467474305 41.4021081546738, 2.10513180226609 41.4021554272579, 2.10516618506291 41.4021972461224, 2.10521379785199 41.402228701189, 2.10545702267057 41.4023089214328, 2.10553014627261 41.4023513566484, 2.10560542841985 41.4024065091268, 2.10570094415439 41.4024919398008, 2.10575213749068 41.40255196714, 2.10579000982623 41.4026167909883, 2.10582026171665 41.4026938237704, 2.10585393616527 41.4028091828933, 2.1058775926951 41.402945829865, 2.1058832059615 41.4030704467561, 2.10587637732631 41.4031688813318, 2.10589860431705 41.4032230628323, 2.1059460174714 41.403260433947, 2.10599825161857 41.4032760084032, 2.10607146655385 41.403281333218, 2.10623391002119 41.4032635714507, 2.10635974705797 41.4032421923721, 2.10656336006106 41.403230280483, 2.10681284933279 41.4032544299851, 2.10696323966386 41.4032938791213, 2.1071135042025 41.4033547648562, 2.10723286724475 41.4034375149427, 2.10730815314372 41.4035048264118, 2.10737841505724 41.4036070658395, 2.10741885870377 41.4037298090881, 2.10743376134095 41.4038341230705, 2.10744563375275 41.404020867886, 2.10743349155566 41.4041405729864, 2.10741897451717 41.4042135109128, 2.10737735260587 41.4043000920348, 2.107284153042 41.4044733751464, 2.10727473759043 41.4045336881374, 2.10731478919843 41.4045933220624, 2.10738741110249 41.4046420934521, 2.10755437472291 41.4047313735833, 2.1076250834836 41.4048063236906, 2.10767946124074 41.4048961895635, 2.10783019958867 41.4052445962948, 2.10786262792725 41.4053035944324, 2.10792699100091 41.4053719737399, 2.10802242828965 41.4054444311035, 2.10828175042143 41.4055900922902, 2.10861901732745 41.4057542095888, 2.10876379241554 41.4058548726255, 2.10884180638069 41.4059417413936, 2.10887997968619 41.4060146732468, 2.10904747951469 41.4065465901909, 2.10907474838355 41.4066590910828, 2.10907572064732 41.4067694670478, 2.10905886598801 41.4068208502076, 2.10897864393927 41.4069342886527, 2.10890267565195 41.4069839259045, 2.10881525895927 41.4070212062653, 2.10870966925823 41.4070400606313, 2.10857658586133 41.4070361652152, 2.10844457021726 41.4069856733124, 2.10835318277407 41.4069125811456, 2.10825942646162 41.4068167537264, 2.10814412071975 41.4067254790978, 2.10803103323594 41.4066662340707, 2.10788230672922 41.4066041589792, 2.10772409377641 41.4065465769088, 2.10760158219799 41.4065310139212, 2.10750083628296 41.4065511576883, 2.10740451986929 41.406605007426, 2.10706726628389 41.4069004852225, 2.10697207660151 41.406948438046, 2.10682209865201 41.4069601175778, 2.10670464521327 41.4069204276848, 2.10665768891477 41.4068866886517, 2.10658284214659 41.4067880522474, 2.10653260755867 41.4066961751672, 2.10648122551745 41.4066253603079, 2.10640744035112 41.4065696949213, 2.1063358725686 41.4065291972612, 2.10628106512446 41.4065080904052, 2.10624865543791 41.4064752055133, 2.10617149433189 41.4064338608352, 2.10607348726741 41.4064138999899, 2.1059660309474 41.4064299936639, 2.10581690957395 41.4064713311086, 2.10570543337826 41.4064803440571, 2.10557518178844 41.4064711428718, 2.10546376782833 41.4064356682169, 2.10533629195795 41.4063617607228, 2.10517667564025 41.4062231196022, 2.10498082422269 41.4060672614564, 2.10489493100745 41.406028773617, 2.10479827480155 41.4060044310579, 2.10471096949388 41.4060154839446, 2.10458372855273 41.4060656633394, 2.10438847929347 41.4061507116395, 2.10430982008366 41.4062368528709, 2.1042789204002 41.4063124010943, 2.10427333148667 41.4063830841701, 2.10429545506123 41.4065510473948, 2.10440117426306 41.4070742580691, 2.10439056606118 41.407154116702, 2.10423706947431 41.4072601465381, 2.10416664847441 41.4072740822384, 2.10410174256494 41.4072828184991, 2.10373139313835 41.4073175672205, 2.10358660473295 41.4073505054324, 2.10348398336547 41.4074004538586, 2.10338250623836 41.4074698492072, 2.10331797623742 41.4075495487187, 2.10326790447406 41.4076462408608, 2.10319700417364 41.407877684347, 2.10319810067069 41.4079980505563, 2.10323211011011 41.4080793287268, 2.10330906328023 41.4081707777317, 2.1034044186614 41.4082604244818, 2.10348767084166 41.4083575791367, 2.10351843743783 41.4084119536952, 2.10353120426119 41.4084649809959, 2.10353360242646 41.4085133337011, 2.10352647204287 41.4085707457231, 2.10346137383839 41.4087978749354, 2.10340838475851 41.4089674597492, 2.10340189815374 41.4090685359198, 2.10342480147959 41.4091405218492, 2.10349009681754 41.4092045512485, 2.10365822851371 41.4092719759768, 2.10382874387495 41.4093261690576, 2.10392394502132 41.4093897736064, 2.10398683611186 41.4094590353445, 2.10402632475172 41.4095265475046, 2.1040679712432 41.4096251071413, 2.10410782058395 41.4096977293085, 2.10414246406541 41.4097382263667, 2.10416664712049 41.4097580689363, 2.10424761461677 41.4098005299756, 2.10442188437015 41.4098097411487, 2.10468466151868 41.4097567147537, 2.10493181841095 41.409701512537, 2.10529294535542 41.4096361529971, 2.10542679033076 41.4096494439135, 2.10548489234923 41.4096693607788, 2.1055151590078 41.4096870795682, 2.10555256328564 41.4097182659428, 2.10557445545601 41.4097446568434, 2.10564139258713 41.4098444573869, 2.10656036238218 41.4095988751404, 2.10656869691261 41.4096420135221, 2.10658055961847 41.4096721545177, 2.10660024289612 41.4097026084492, 2.10663121785099 41.4097332761613, 2.10673342357476 41.4098080930169, 2.10692454300341 41.4099245298814, 2.10695260692757 41.4099519862701, 2.10697014765928 41.4099833963121, 2.1069856958016 41.4100362466467, 2.10698007614533 41.4100936345707, 2.10696710481913 41.4101217092116, 2.1069257360817 41.4101912229088, 2.10679651710037 41.4103432294475, 2.10671084927372 41.4104218659752, 2.10655651533639 41.4105162366894, 2.10640698236089 41.4106129684063, 2.10629037453386 41.4106967147316, 2.10605168208301 41.4108516981494, 2.1058832953043 41.4109926173736, 2.10578876173572 41.4111278051609, 2.1057841363974 41.4111771660918, 2.10580871940166 41.4112324827778, 2.10586977884551 41.4112907491507, 2.10595396554893 41.4113290185143, 2.10612791743548 41.4113774430961, 2.10618836086364 41.411417833724, 2.10623981973177 41.4114817180251, 2.10625653487272 41.4115541597151, 2.10625180929508 41.4116160942892, 2.10626123892743 41.4116718696359, 2.10630343009698 41.4117292866203, 2.10636855731184 41.4117701819226, 2.10639939946875 41.4117966331685, 2.10647469176 41.4118134673864, 2.10671442389969 41.4116840903785, 2.10692100906071 41.4115584368633, 2.10705789467706 41.411498536901, 2.10724270126843 41.4114516190719, 2.10737715446047 41.4114277747084, 2.10754270294394 41.4114084049034, 2.10774667245693 41.4114090141208, 2.10802576044169 41.4114164205279, 2.10806712058524 41.4114227311373, 2.10798306525837 41.4114867079555, 2.10779960335935 41.4116155151641, 2.10771170687511 41.4116995936534, 2.10762824256462 41.411832238614, 2.10752907092476 41.4118920165683, 2.10743123912808 41.411939736644, 2.10730841994985 41.4119649594024, 2.10729975135981 41.4119863659112, 2.10730138504766 41.4120505657021, 2.10724145885428 41.4121208632636, 2.10714320269218 41.4122219885922, 2.10710219427067 41.4122473677, 2.10693699881656 41.4124316714733, 2.10675670995871 41.4125468643342, 2.10639988964855 41.4126007323148, 2.10628604133211 41.4126190698984, 2.10620114108536 41.4126362090859, 2.10613855143888 41.4126615201683, 2.10605274762471 41.4127026660935, 2.10586202383989 41.4128108046933, 2.10568775453119 41.4129004074389, 2.10563645927047 41.412918762212, 2.10543436942049 41.4129499961917, 2.10534219583153 41.4129530265647, 2.10529006908101 41.4129465141506, 2.10510987480095 41.4128940944881, 2.10506513188722 41.4128868809779, 2.10502288589601 41.4128994708407, 2.10467088765903 41.4131229992805, 2.10458924905867 41.4132196984494, 2.10438902406184 41.4134896245298, 2.10422408638637 41.4136516752462, 2.10395844252257 41.413926136254, 2.10381731597789 41.413999325972, 2.10374263699962 41.4140604731856, 2.10363827073735 41.4142035000638, 2.10334156141152 41.4145943361082, 2.10332584174363 41.4146097784639, 2.10318136384897 41.4147302889201, 2.10289442390438 41.4149516527299, 2.1027907409547 41.4150360906916, 2.10209021237654 41.4156697218689, 2.10192521390752 41.4158271992515, 2.10161716712029 41.4160929098468, 2.10141226225715 41.4163467067249, 2.10121423408517 41.4166465669735, 2.10116314311647 41.4167423141911, 2.10107839941749 41.4168295323139, 2.10101214403457 41.4168781367102, 2.10079187383232 41.4169667419548, 2.10063250716545 41.4170034896442, 2.1005601568364 41.4170124719266, 2.10045840333719 41.4170017141452, 2.10037705796102 41.4169818381906, 2.10031230540732 41.4169570477686, 2.10021665677342 41.4169123254058, 2.10013927237038 41.4168707723215, 2.10009173761396 41.4168391446831, 2.09995178445991 41.4167264656654, 2.09988530462723 41.4166673431276, 2.09973769060008 41.4165531807342, 2.09965947375941 41.4164792480572, 2.09961866871398 41.4164247759633, 2.09960043334585 41.4163337661489, 2.09955456801652 41.4162047088151, 2.09953997473409 41.4161818237769, 2.09950880628441 41.4161539269681, 2.09947952050137 41.4161352685106, 2.09926877165621 41.4160318886376, 2.09920324596506 41.4159921391786, 2.09916635203927 41.4159655485644, 2.09913062782061 41.415933976973, 2.09909435652848 41.4158900428716, 2.09905942676798 41.415858135196, 2.09902396326198 41.4158336814945, 2.09897889167823 41.4158135301537, 2.09894223757741 41.4158076944994, 2.09892090754393 41.4158099414365, 2.09889000840218 41.4158240572931, 2.09887701325981 41.4158379350638, 2.09887020312248 41.4158614271846, 2.09887016058317 41.4158991320166, 2.09887760732251 41.4159230780881, 2.09899626764478 41.416180503439, 2.09913692204115 41.4165712849512, 2.09913595460748 41.4165945345967, 2.09911292956095 41.4166674677243, 2.09908783217042 41.4166773505258, 2.09906357602585 41.4166800429619, 2.09910672679049 41.4167595743119, 2.09919494647594 41.4168699036945, 2.09920839637162 41.4169027960989, 2.09921874710173 41.4169677307355, 2.09924299411764 41.4170124713932, 2.09928592729104 41.4170610153635, 2.09932462362177 41.4170905744878, 2.0993293433069 41.4171075274154, 2.09931815660835 41.4171533237545, 2.09923425490862 41.4172396607651, 2.0992062210865 41.4172732552128, 2.09919731515304 41.417287345182, 2.09919626741146 41.417295623826, 2.09921023152086 41.4174205997403, 2.09925231362216 41.4175625388333, 2.09933608343562 41.4177386776605, 2.09934334266913 41.4177658288767, 2.09931585148736 41.4178069037729, 2.09927250682202 41.4178435309715, 2.09920611824525 41.4178781339043, 2.09916890772126 41.4178894450356, 2.09910758670106 41.4179153017312, 2.09909662284351 41.4179496270079, 2.09912212153172 41.4179748169248, 2.09914460737099 41.4179790373389, 2.09919945768501 41.4179835381832, 2.09929434917361 41.4179842180741, 2.09936040513609 41.4179977725778, 2.09939984137366 41.41802613227, 2.09942664893977 41.4180636482407, 2.09943067628879 41.4181385189978, 2.09942081521414 41.4181596372181, 2.09908012601008 41.4184445684349, 2.09856611313163 41.4188150138643))"
"05","Sarrià-Sant Gervasi","23","Sarrià","093","004","POLYGON ((426139.5115 4585106.4715, 426130.4275 4585109.6095, 426124.3155 4585109.6095, 426117.8535 4585106.9935, 426113.1375 4585101.5895, 426104.0535 4585087.4695, 426074.7115 4585037.6115, 426061.2615 4585007.4535, 426057.2455 4585002.7475, 426052.8775 4584999.6095, 426042.5735 4584996.6455, 426028.6005 4584995.7755, 426021.2635 4584995.7755, 426016.0245 4584994.3795, 426011.3075 4584992.6375, 426003.0995 4584986.7095, 425997.3355 4584979.9115, 425993.4915 4584973.6355, 425992.0955 4584970.1495, 425989.1255 4584956.9015, 425981.1985 4584915.1175, 425978.5895 4584903.9215, 425976.2835 4584898.0115, 425969.9795 4584894.4185, 425957.9795 4584889.6015, 425948.4575 4584889.6015, 425938.2815 4584892.3355, 425927.1955 4584898.0635, 425919.1075 4584903.9215, 425908.1495 4584914.7275, 425894.8155 4584929.5735, 425878.9535 4584949.9075, 425874.5375 4584953.6975, 425868.7055 4584957.6655, 425864.3775 4584959.4295, 425860.0475 4584959.3415, 425856.5135 4584958.8115, 425852.4495 4584957.4895, 425848.2095 4584955.4615, 425837.9595 4584946.3795, 425824.6595 4584930.2815, 425815.3495 4584917.2655, 425812.6495 4584914.6435, 425800.9115 4584913.3915, 425792.3055 4584914.6435, 425775.7275 4584924.7395, 425766.7175 4584930.8675, 425747.7595 4584950.5935, 425738.3635 4584963.0205, 425734.6095 4584969.2335, 425730.6955 4584977.5375, 425726.0755 4584990.2515, 425720.6835 4585019.0355, 425715.5095 4585041.2135, 425712.9875 4585046.7315, 425706.6035 4585053.3875, 425702.6935 4585052.9355, 425697.4035 4585051.4925, 425688.9075 4585047.8035, 425681.4515 4585041.9015, 425653.6605 4585003.5335, 425649.1555 4584995.4815, 425644.8125 4584984.1255, 425638.2205 4584959.1815, 425638.2555 4584952.1795, 425634.5515 4584930.6075, 425632.6715 4584916.0315, 425624.6015 4584904.4895, 425620.1595 4584902.2685, 425612.2745 4584900.3315, 425600.5855 4584902.4995, 425592.7495 4584905.7255, 425582.4865 4584912.2895, 425575.7255 4584918.8575, 425569.5375 4584925.8755, 425565.4655 4584932.9015, 425560.0755 4584943.6455, 425557.7395 4584949.9635, 425554.8775 4584955.6895, 425550.2695 4584963.3235, 425541.9155 4584971.1175, 425538.5075 4584972.3895, 425532.4675 4584973.0265, 425527.2215 4584972.7075, 425519.4195 4584969.5175, 425511.6435 4584964.1195, 425477.3075 4584946.3075, 425474.7655 4584943.6035, 425471.0075 4584938.4435, 425467.8125 4584929.0655, 425467.9275 4584919.8235, 425471.2755 4584902.6375, 425469.2235 4584885.7175, 425466.5375 4584869.5955, 425466.3295 4584861.0815, 425470.3135 4584837.8595, 425471.0625 4584830.0315, 425470.7095 4584824.1855, 425467.6415 4584820.2935, 425460.1455 4584815.3115, 425455.0815 4584814.3385, 425461.2015 4584810.1855, 425467.0575 4584808.3845, 425468.5655 4584807.3395, 425471.1715 4584804.7775, 425474.1615 4584798.2425, 425476.1615 4584795.3995, 425481.2455 4584791.0655, 425490.9995 4584786.1735, 425496.4675 4584784.9835, 425507.8235 4584784.9675, 425513.106 4584785.6821, 425515.1975 4584783.4775, 425517.2355 4584777.3845, 425516.5675 4584774.6815, 425510.2112 4584767.1021, 425503.4015 4584759.7115, 425503.2015 4584757.2735, 425503.9632 4584756.1308, 425528.6351 4584750.4291, 425531.2235 4584748.9895, 425533.4395 4584743.2575, 425537.3555 4584726.7995, 425541.0275 4584721.5835, 425553.7755 4584713.7115, 425566.0415 4584690.8035, 425578.1815 4584670.3415, 425580.8295 4584667.0415, 425592.8655 4584658.6915, 425594.9875 4584657.5595, 425597.0255 4584655.8935, 425597.7895 4584654.3855, 425598.2695 4584652.4015, 425598.9555 4584646.9795, 425600.8885 4584644.2355, 425607.2095 4584638.7175, 425614.4435 4584634.5775, 425617.3415 4584632.2075, 425620.0075 4584628.2555, 425625.9035 4584621.1375, 425630.8475 4584614.1115, 425633.8975 4584605.2875, 425638.6985 4584600.6235, 425641.3235 4584597.2535, 425642.7835 4584590.0135, 425644.0375 4584588.2515, 425648.1915 4584584.1755, 425649.1695 4584578.1415, 425642.7455 4584562.0315, 425637.8095 4584554.2465, 425676.8885 4584532.7465, 425713.1095 4584540.2475, 425719.4795 4584540.1615, 425725.2475 4584538.6615, 425728.8255 4584536.9335, 425743.5235 4584527.8795, 425791.5175 4584499.5835, 425800.6355 4584493.3435, 425809.1115 4584486.0635, 425815.7495 4584479.0695, 425822.0995 4584471.4655, 425827.3575 4584464.3415, 425834.7915 4584453.2195, 425897.9175 4584354.7595, 425910.3175 4584331.8175, 425915.0315 4584324.2255, 425921.0245 4584316.5015, 425935.4204 4584301.6154, 425942.6962 4584295.7762, 425955.4915 4584287.2655, 425962.6605 4584280.5275, 425976.8288 4584254.9694, 425997.0035 4584230.6215, 426028.9195 4584190.9195, 426049.3595 4584168.6395, 426125.4795 4584077.5815, 426135.7655 4584066.4615, 426146.7155 4584056.3055, 426165.4315 4584040.7765, 426197.0655 4584015.4975, 426212.8375 4584001.6995, 426230.2445 4584022.5715, 426290.9165 4584080.8205, 426300.2355 4584088.0755, 426376.5545 4584137.7595, 426418.7245 4584165.6725, 426441.3195 4584180.0815, 426453.2355 4584188.1505, 426465.1935 4584197.2995, 426492.9875 4584220.3005, 426514.6865 4584239.3585, 426610.2645 4584326.8795, 426628.5405 4584345.1765, 426640.7955 4584358.4325, 426666.9065 4584391.0915, 426648.0922 4584408.1252, 426642.3602 4584416.1002, 426623.2402 4584462.9802, 426614.7302 4584498.1802, 426606.9824 4584526.5664, 426608.7744 4584532.4104, 426612.9200795 4584569.0599185, 426615.3308 4584581.3384, 426614.7608 4584584.7324, 426613.7499 4584597.2975, 426616.062 4584604.2785, 426615.513 4584612.1895, 426616.7931 4584622.7895, 426617.2992 4584629.9155, 426616.8432 4584634.0955, 426616.0082 4584636.6115, 426613.7542 4584640.7785, 426609.4113 4584644.4836, 426606.6113 4584647.4056, 426600.6883 4584655.8257, 426593.5314 4584663.0117, 426579.5802 4584674.4802, 426566.8802 4584686.8602, 426563.1502 4584692.8202, 426558.1102 4584699.2402, 426553.2602 4584713.2002, 426546.6602 4584721.2402, 426543.4302 4584724.0202, 426541.9102 4584726.3802, 426540.4702 4584737.2202, 426539.3702 4584742.5802, 426536.8702 4584745.7402, 426535.0102 4584750.7602, 426531.6702 4584755.4202, 426507.8702 4584776.9602, 426492.9602 4584789.6402, 426490.9502 4584792.3602, 426487.2602 4584794.5802, 426479.5502 4584803.5202, 426476.7702 4584805.5802, 426474.7702 4584807.9202, 426417.0602 4584904.4002, 426409.9995 4584916.7135, 426408.0735 4584915.9115, 426402.9195 4584916.0815, 426395.1475 4584918.6955, 426385.6855 4584922.7425, 426379.9485 4584924.6775, 426365.2135 4584934.2315, 426359.1775 4584941.7315, 426355.2355 4584951.1975, 426353.0175 4584962.3875, 426351.5395 4584975.6655, 426352.0785 4584997.4815, 426353.6435 4585024.7535, 426349.9435 4585033.1345, 426344.5355 4585036.9695, 426327.1715 4585045.0655, 426312.5135 4585050.1795, 426294.0115 4585052.0265, 426279.0675 4585051.1735, 426222.1275 4585034.1275, 426208.6775 4585033.4295, 426191.3855 4585039.7055, 426179.6835 4585047.2015, 426169.5535 4585057.8355, 426164.3135 4585066.0275, 426147.5465 4585098.1035, 426143.8775 4585102.8105, 426139.5115 4585106.4715))","POLYGON ((2.11621975011451 41.4141170204247, 2.11611068445526 41.4141444479495, 2.11603755942909 41.4141438861312, 2.1159605664159 41.4141197310476, 2.11590480338746 41.4140706262759, 2.11579784564332 41.4139426190746, 2.1154528861997 41.4134908737927, 2.11529565534883 41.413218018037, 2.11524818307327 41.4131752638987, 2.11519630789101 41.4131465995683, 2.11507339328961 41.4131189561231, 2.11490632694662 41.4131098345009, 2.11481854723 41.4131091591692, 2.11475603865241 41.4130961038135, 2.11469981760775 41.4130799802267, 2.1146023423402 41.4130258339341, 2.11453421354957 41.4129640769374, 2.11448899180169 41.4129071981026, 2.11447271655545 41.4128756728488, 2.11443880425231 41.4127560810662, 2.11434907809677 41.4123790228952, 2.11431923415984 41.4122779456848, 2.1142923686351 41.4122245048043, 2.11421738836555 41.4121915637634, 2.11407441213965 41.4121470739787, 2.11396049283632 41.4121461967093, 2.11383841455355 41.4121698828674, 2.11370508257797 41.4122204505245, 2.11360760201717 41.4122724652133, 2.11347517918657 41.4123687794634, 2.11331383502143 41.4125012607853, 2.11312157317198 41.4126829364587, 2.1130682762769 41.412716663854, 2.11299801662435 41.412751863775, 2.1129460206849 41.4127673520406, 2.11289422773694 41.4127661600425, 2.11285201222848 41.4127610605779, 2.11280355291706 41.412748779046, 2.11275307450381 41.41273012266, 2.11263155773458 41.4126473797821, 2.11247441160439 41.4125011656273, 2.11236462398239 41.4123830776199, 2.11233264311812 41.4123592133314, 2.11219236518302 41.4123468536052, 2.11208925090058 41.4123573351934, 2.11188967594986 41.4124467340482, 2.11178112982289 41.4125010937768, 2.11155189816005 41.4126770048627, 2.11143796016112 41.4127880605779, 2.11139228501682 41.4128436711185, 2.11134443888596 41.412918099457, 2.1112876047153 41.4130321812154, 2.1112195611949 41.4132909261201, 2.11115493638579 41.4134901941525, 2.11112408554325 41.4135396589264, 2.11104688972815 41.4135990160895, 2.11100016577422 41.4135945836911, 2.11093705313954 41.4135810982439, 2.11083585965639 41.4135470877225, 2.11074738072545 41.4134932418947, 2.11041960303239 41.4131451100031, 2.11036669485466 41.4130721728881, 2.11031613100427 41.4129694932518, 2.11024033050938 41.4127442251466, 2.11024160983317 41.4126811648509, 2.11019994704223 41.4124865338473, 2.11017924658948 41.4123550810995, 2.11008411732876 41.4122503812792, 2.11003124713594 41.4122299667607, 2.10993715070234 41.4122117914051, 2.10979703927482 41.4122302355405, 2.10970289419925 41.4122585651024, 2.10957930231373 41.4123167335718, 2.10949760703976 41.4123752622286, 2.10942271154023 41.4124378968161, 2.1093731304186 41.4125007993795, 2.1093073233899 41.4125970660167, 2.10927859843897 41.4126537527217, 2.10924365327417 41.412705058848, 2.1091875843085 41.4127733876281, 2.10908667872134 41.4128428103804, 2.10904574916347 41.4128539509077, 2.10897340872324 41.4128591284252, 2.10891068529526 41.4128557692584, 2.10881773554276 41.4128263155305, 2.10872536877613 41.4127769777876, 2.10831677032833 41.4126133709704, 2.10828669124472 41.4125887816894, 2.10824236666604 41.4125419596793, 2.10820529739467 41.4124572004527, 2.10820781171724 41.4123739730583, 2.10824998355606 41.4122194978411, 2.10822751808484 41.4120669175927, 2.1081973694009 41.4119214657294, 2.10819592973941 41.4118447651054, 2.10824645364966 41.4116359856193, 2.10825637866822 41.4115655521925, 2.10825287557528 41.4115128674604, 2.10821665046925 41.411477529664, 2.1081275846325 41.4114319641225, 2.10806712058524 41.4114227311373, 2.10814084972087 41.4113858947387, 2.10821113065362 41.4113702170987, 2.10822930054181 41.4113609451461, 2.10826079335087 41.4113381121457, 2.10829736951915 41.4112795319161, 2.10832164692154 41.4112541118804, 2.10838300371395 41.4112155490856, 2.10850029917715 41.4111723935647, 2.10856586268644 41.4111621827078, 2.1087017233203 41.4111630911776, 2.10876483308056 41.4111700167976, 2.10879012634344 41.411150354891, 2.10881525818516 41.4110956671383, 2.10880759923787 41.4110712606595, 2.10873248817703 41.4110024077118, 2.10865192975168 41.4109352131194, 2.10864983720136 41.4109132367304, 2.1086590905276 41.4109030155997, 2.1089549559037 41.4108539495764, 2.1089860995207 41.4108412236385, 2.1090133161569 41.4107898036763, 2.1090621906859 41.4106419374483, 2.10910676253473 41.4105952997038, 2.10926024173935 41.41052558136, 2.10940980381438 41.4103203963674, 2.10955755671863 41.4101372294096, 2.10958964169639 41.4101077531178, 2.10973466007595 41.4100336630863, 2.10976018559915 41.410023664157, 2.10978477184864 41.4100088479721, 2.10979409729934 41.4099953368816, 2.10980008367024 41.4099775124048, 2.10980895720998 41.4099287426273, 2.10983241979825 41.4099042076984, 2.10990871867384 41.4098550948535, 2.10999577058632 41.4098184774168, 2.11003073172954 41.4097974001845, 2.11006311180853 41.4097620531782, 2.11013452257726 41.4096984904386, 2.11019453281265 41.4096356681692, 2.110232105375 41.4095564769354, 2.11029011437698 41.4095149147542, 2.11032193216177 41.4094848056653, 2.11034028821776 41.4094197336083, 2.11035550668803 41.4094039801446, 2.11040570298772 41.4093676538771, 2.11041814445349 41.409313399069, 2.11034327196591 41.4091677099688, 2.11028517806191 41.4090971376665, 2.11075532971851 41.4089071120786, 2.11118772782985 41.4089780182459, 2.11126394403184 41.4089778323714, 2.11133313193486 41.4089648556121, 2.11137614837445 41.4089496229739, 2.11155309456808 41.4088694359681, 2.11213072589453 41.408619019958, 2.11224057096782 41.4085636610358, 2.11234286302947 41.4084988759756, 2.11242313162563 41.4084364970584, 2.1125000294654 41.4083685975316, 2.11256380461896 41.408304920315, 2.11265410127591 41.408205435783, 2.11342133836095 41.4073244758381, 2.11357248710611 41.4071189912484, 2.11362980947044 41.4070510482137, 2.11370244835914 41.4069820341539, 2.11387648612546 41.4068492886958, 2.11396423979101 41.4067973681457, 2.11411834888776 41.4067218950268, 2.11420493451659 41.4066618693889, 2.11437755295107 41.4064329845743, 2.11462187502136 41.4062155521297, 2.11500852937095 41.4058609125349, 2.11525576820275 41.4056621276875, 2.11617747664174 41.4048490098553, 2.11630187962254 41.4047498023854, 2.11643410765648 41.4046593380705, 2.11665989088743 41.4045211947908, 2.11704139208623 41.4042964233697, 2.11723174462258 41.4041735989726, 2.11743742943102 41.4043631808107, 2.11815611782383 41.4048933675119, 2.11826671280521 41.4049595643027, 2.11917363510339 41.4054140380669, 2.11967470377551 41.4056692984712, 2.11994324820299 41.4058011414947, 2.12008481468466 41.4058749055122, 2.12022675270317 41.4059584002605, 2.12055645005457 41.4061681016027, 2.12081371523982 41.4063417320872, 2.12194647882016 41.4071387250073, 2.12216289466405 41.4073051860236, 2.12230789362977 41.4074256952112, 2.122616301075 41.4077222223123, 2.1223891607101 41.4078739203912, 2.12231962184157 41.4079452244663, 2.12208520401262 41.4083657058936, 2.12197912917715 41.4086819591536, 2.12188299806672 41.4089369131403, 2.1219037274318 41.4089897109645, 2.12194887860619 41.4093201747218, 2.12197622977523 41.4094309814145, 2.12196899908108 41.4094614975596, 2.12195538152509 41.4095745732963, 2.12198219540283 41.4096376590203, 2.12197466813044 41.4097088596061, 2.12198869698222 41.4098044457606, 2.12199388748472 41.4098686725424, 2.12198792525646 41.4099062782312, 2.12197763068256 41.4099288624412, 2.12195015977627 41.4099661868846, 2.12189775444599 41.4099991604723, 2.12186390243177 41.410025221903, 2.12179202165014 41.4101005169728, 2.12170552869523 41.4101645843419, 2.1215372325321 41.4102666015275, 2.12138379395508 41.4103769422282, 2.12133844677907 41.4104302803808, 2.12127737148832 41.4104876418222, 2.1212176539501 41.4106129298508, 2.12113771858373 41.4106847392431, 2.12109873881686 41.4107094822146, 2.12108026770236 41.4107305987141, 2.12106172416289 41.4108280979164, 2.12104791349167 41.4108762723927, 2.1210176208634 41.4109045045364, 2.12099475908439 41.4109495473194, 2.12095423483987 41.4109912124641, 2.12066688470692 41.4111830372908, 2.12048696635007 41.4112958766206, 2.12046258893639 41.4113201905521, 2.12041817328026 41.4113398475559, 2.12032484709022 41.4114196607079, 2.12029133772546 41.411437959857, 2.12026712599845 41.411458852179, 2.11956496801636 41.4123225205386, 2.11947899721353 41.412432774127, 2.11945605234866 41.4124253745398, 2.11939436989145 41.4124264337026, 2.11930106870406 41.4124492650235, 2.11918737414937 41.4124848478268, 2.11911850192962 41.4125017499583, 2.11894105138541 41.4125864484168, 2.11886792445237 41.4126534443092, 2.11881961051496 41.4127383388599, 2.11879171242725 41.4128389186162, 2.11877241341261 41.4129583717962, 2.11877620636387 41.4131549075, 2.11879161028262 41.4134006768052, 2.11874632306034 41.4134758214068, 2.11868115454321 41.4135098658047, 2.11847242465413 41.4135811910359, 2.11829643234086 41.4136259065508, 2.11807484782991 41.4136408449605, 2.11789616045679 41.4136317917218, 2.11721700424115 41.4134730414728, 2.11705617285782 41.4134655200939, 2.11684852483216 41.4135204571111, 2.11670760675767 41.413586895182, 2.11658511299701 41.4136817399426, 2.11652142139248 41.4137550399298, 2.11631690371529 41.4140423923209, 2.11627243260596 41.4140844488182, 2.11621975011451 41.4141170204247))"
"05","Sarrià-Sant Gervasi","23","Sarrià","093","005","POLYGON ((425342.3255 4584844.5195, 425322.4375 4584859.0895, 425316.1255 4584857.2855, 425313.5175 4584854.3755, 425308.0275 4584849.8915, 425304.4355 4584843.5535, 425303.5835 4584837.3695, 425303.9075 4584830.4895, 425302.4275 4584822.4615, 425298.0535 4584815.4135, 425292.9555 4584810.9815, 425278.3615 4584805.7555, 425271.2815 4584801.5795, 425266.1115 4584795.1635, 425263.9935 4584789.0435, 425264.3235 4584783.5595, 425272.0695 4584768.4695, 425285.9815 4584752.6795, 425305.7535 4584735.2675, 425315.4035 4584725.8695, 425327.7905 4584715.0015, 425340.5815 4584704.3915, 425347.6515 4584695.5875, 425358.2775 4584678.6005, 425360.7415 4584673.1755, 425362.7075 4584667.7195, 425363.1115 4584661.3435, 425361.7515 4584655.4895, 425360.2495 4584652.0175, 425357.8725 4584648.9935, 425341.7655 4584636.2315, 425333.1375 4584628.0135, 425330.5135 4584624.6355, 425328.8335 4584621.2715, 425327.8075 4584617.9355, 425327.0615 4584613.1535, 425250.5355 4584641.2105, 425244.8265 4584630.1885, 425242.9665 4584627.2775, 425239.8045 4584623.8475, 425237.2545 4584621.9065, 425232.3755 4584619.7455, 425221.1735 4584618.3855, 425191.0655 4584625.9535, 425170.4715 4584632.2955, 425148.5695 4584638.4095, 425133.9935 4584637.5375, 425127.1775 4584632.8935, 425125.1335 4584630.7115, 425122.1915 4584626.2455, 425118.7775 4584618.2175, 425115.1835 4584607.3115, 425111.8055 4584599.8505, 425106.4695 4584592.2155, 425098.4395 4584585.2365, 425084.1255 4584579.3675, 425069.9955 4584572.0275, 425064.4645 4584564.9755, 425062.4675 4584557.0035, 425062.8935 4584545.7765, 425067.1275 4584526.9035, 425072.3075 4584501.6315, 425072.8375 4584495.2515, 425072.5815 4584489.8855, 425071.4535 4584484.0095, 425068.8195 4584477.9995, 425061.7495 4584467.2855, 425053.6765 4584457.4155, 425047.1395 4584447.3295, 425044.2035 4584438.3355, 425043.9735 4584424.9735, 425049.6335 4584399.2175, 425053.7075 4584388.4395, 425059.0095 4584379.5355, 425067.4115 4584371.7435, 425075.9315 4584366.1095, 425087.9955 4584362.3275, 425118.9105 4584358.1495, 425124.3255 4584357.1235, 425130.1955 4584355.5155, 425142.9035 4584343.6115, 425143.6985 4584334.7365, 425134.2615 4584276.7415, 425132.2195 4584258.1135, 425132.6055 4584250.2615, 425135.1015 4584241.8475, 425141.5773 4584232.2162, 425157.7995 4584222.6055, 425168.3773 4584216.9247, 425175.662 4584215.6222, 425183.7689 4584218.2412, 425190.9924 4584222.4399, 425207.5413 4584239.574, 425221.0417 4584254.828, 425231.7814 4584262.9231, 425241.1345 4584266.7653, 425252.032 4584267.6744, 425261.3393 4584266.5776, 425273.7561 4584261.8597, 425282.7193 4584259.9803, 425290.934 4584262.1118, 425297.4308 4584266.6353, 425300.1774 4584270.2582, 425304.7826 4584272.5542, 425310.8109 4584276.9885, 425317.0419 4584283.1048, 425321.4177 4584290.9223, 425325.7217 4584301.0791, 425332.0906 4584311.9651, 425336.054 4584315.6703, 425345.9166 4584319.9754, 425358.4389 4584318.5495, 425366.3403 4584313.1438, 425394.1911 4584280.0496, 425402.18 4584273.9883, 425410.5777 4584271.6652, 425420.8355 4584273.2875, 425434.1254 4584279.544, 425446.6275 4584286.3075, 425456.1475 4584292.7875, 425465.8895 4584302.8215, 425473.8355 4584313.3795, 425481.5575 4584321.4155, 425492.6495 4584326.9075, 425503.7775 4584327.2255, 425512.5815 4584325.0415, 425519.8455 4584320.8275, 425526.1385 4584315.2515, 425532.7142 4584302.5887, 425534.0643 4584296.8697, 425533.857 4584284.6167, 425531.4493 4584272.1504, 425516.8415 4584213.2415, 425513.5675 4584205.1775, 425506.9475 4584195.6005, 425494.7315 4584184.5495, 425466.3535 4584166.6195, 425444.5115 4584150.6715, 425436.4515 4584142.7095, 425430.9935 4584135.1735, 425428.2155 4584128.6515, 425415.2175 4584090.1015, 425410.5695 4584080.1715, 425404.5735 4584071.9115, 425390.5155 4584062.1435, 425384.3895 4584056.7915, 425380.9735 4584050.2055, 425381.6915 4584043.5015, 425389.2835 4584024.1835, 425392.6635 4584014.5355, 425393.7935 4584006.4255, 425394.6715 4583993.1255, 425393.4655 4583972.4035, 425392.1005 4583960.8355, 425388.5795 4583947.2435, 425382.5895 4583935.9535, 425376.2195 4583928.5455, 425366.1475 4583919.4615, 425353.5175 4583912.8315, 425340.9015 4583908.5815, 425320.0195 4583906.1155, 425303.0135 4583907.6135, 425292.5195 4583910.0955, 425278.9615 4583912.2075, 425272.8355 4583911.6795, 425268.4515 4583909.9955, 425264.4455 4583905.8875, 425262.5255 4583899.8915, 425262.9835 4583888.9575, 425262.3715 4583875.1275, 425260.2375 4583859.9775, 425257.2905 4583847.1995, 425254.6735 4583838.6735, 425251.4335 4583831.5095, 425247.0855 4583824.8895, 425239.0035 4583815.4875, 425232.6475 4583809.4295, 425226.4865 4583804.7815, 425206.0635 4583796.0855, 425202.0475 4583792.6345, 425199.1255 4583788.0215, 425198.4755 4583782.7795, 425200.0935 4583776.7875, 425209.917500001 4583760.8375, 425210.9535 4583756.7575, 425210.4104 4583750.2545, 425208.3225 4583743.0145, 425201.5913 4583727.3609, 425193.1944 4583709.6272, 425166.3344 4583662.0546, 425161.7515 4583657.6095, 425156.7855 4583654.5635, 425143.9315 4583649.8455, 425139.8345 4583647.202, 425137.0834 4583641.093, 425152.1513 4583634.5601, 425179.1833 4583624.6409, 425216.1295 4583616.2232, 425219.4132 4583615.0351, 425222.7112 4583612.7926, 425228.0598 4583606.8593, 425232.846 4583603.2601, 425300.5991 4583567.5439, 425317.2136 4583557.342, 425333.5443 4583545.8021, 425340.0106 4583538.1231, 425358.5889 4583524.9834, 425363.0268 4583517.7913, 425365.8278 4583510.4203, 425369.0007 4583500.5153, 425374.1676 4583487.3462, 425377.7055 4583481.4812, 425381.6165 4583476.6731, 425386.7665 4583472.8591, 425393.7505 4583468.817, 425413.6485 4583461.3579, 425416.7624 4583457.9268, 425422.6704 4583450.0568, 425431.4063 4583440.1747, 425451.0844 4583415.3546, 425456.3808 4583399.0927, 425458.876 4583395.4194, 425462.779 4583392.1394, 425489.0809 4583373.6441, 425497.1798 4583358.11, 425493.9387 4583354.5931, 425493.2247 4583351.2791, 425493.9087 4583345.306, 425500.2655 4583324.581, 425508.7533 4583299.8219, 425513.7973 4583288.9138, 425514.9423 4583285.7328, 425514.9852 4583282.6538, 425512.9042 4583276.3398, 425513.2662 4583273.8828, 425517.3621 4583264.2077, 425521.3511 4583258.6287, 425529.471 4583250.2446, 425538.994 4583241.8615, 425541.0699 4583239.2295, 425542.3760985 4583236.952509, 425543.6826245 4583232.9295105, 425544.8684 4583227.691, 425545.7109 4583215.9285, 425552.4195 4583205.4275, 425566.0095 4583186.7555, 425569.9655 4583178.8815, 425571.7675 4583173.8655, 425574.4215 4583164.7515, 425578.157 4583134.481, 425576.97885 4583130.383045, 425570.3907115 4583114.5344715, 425556.97631 4583091.198175, 425560.2306915 4583085.800664, 425559.963794 4583076.239701, 425560.4201085 4583067.4839655, 425563.278036 4583054.1801805, 425566.460125 4583046.0029, 425579.791421 4583026.1596265, 425593.3083045 4583008.8602725, 425675.1791505 4583080.6346645, 425688.9975 4583087.6455, 425736.5135 4583119.7755, 425761.3575 4583139.2055, 425782.3735 4583159.4145, 425823.8715 4583209.1365, 425861.7629 4583237.5326, 425873.0585 4583244.4515, 425877.2555 4583251.3795, 425883.3515 4583263.4395, 425897.3015 4583286.9935, 425943.8935 4583354.3915, 425948.4475 4583382.5895, 425947.4135 4583405.0335, 425941.6455 4583458.7595, 425933.2375 4583526.8935, 425930.0635 4583541.3435, 425926.5935 4583569.3835, 425926.5715 4583579.4955, 425929.6295 4583643.6075, 425936.4785 4583656.1875, 425952.0655 4583681.2965, 425966.8355 4583701.6015, 425974.3055 4583711.1405, 426055.366456 4583810.3005645, 426212.8375 4584001.6995, 426197.0655 4584015.4975, 426165.4315 4584040.7765, 426146.7155 4584056.3055, 426135.7655 4584066.4615, 426125.4795 4584077.5815, 426049.3595 4584168.6395, 426028.9195 4584190.9195, 425997.0035 4584230.6215, 425976.8288 4584254.9694, 425962.6605 4584280.5275, 425955.4915 4584287.2655, 425942.6962 4584295.7762, 425935.4204 4584301.6154, 425921.0245 4584316.5015, 425915.0315 4584324.2255, 425910.3175 4584331.8175, 425897.9175 4584354.7595, 425834.7915 4584453.2195, 425827.3575 4584464.3415, 425822.0995 4584471.4655, 425815.7495 4584479.0695, 425809.1115 4584486.0635, 425800.6355 4584493.3435, 425791.5175 4584499.5835, 425743.5235 4584527.8795, 425728.8255 4584536.9335, 425725.2475 4584538.6615, 425719.4795 4584540.1615, 425713.1095 4584540.2475, 425676.8885 4584532.7465, 425637.8095 4584554.2465, 425642.7455 4584562.0315, 425649.1695 4584578.1415, 425648.1915 4584584.1755, 425644.0375 4584588.2515, 425642.7835 4584590.0135, 425641.3235 4584597.2535, 425638.6985 4584600.6235, 425633.8975 4584605.2875, 425630.8475 4584614.1115, 425625.9035 4584621.1375, 425620.0075 4584628.2555, 425617.3415 4584632.2075, 425614.4435 4584634.5775, 425607.2095 4584638.7175, 425600.8885 4584644.2355, 425598.9555 4584646.9795, 425598.2695 4584652.4015, 425597.7895 4584654.3855, 425597.0255 4584655.8935, 425594.9875 4584657.5595, 425592.8655 4584658.6915, 425580.8295 4584667.0415, 425578.1815 4584670.3415, 425566.0415 4584690.8035, 425553.7755 4584713.7115, 425541.0275 4584721.5835, 425537.3555 4584726.7995, 425533.4395 4584743.2575, 425531.2235 4584748.9895, 425528.6351 4584750.4291, 425503.9632 4584756.1308, 425503.2015 4584757.2735, 425503.4015 4584759.7115, 425510.2112 4584767.1021, 425516.5675 4584774.6815, 425517.2355 4584777.3845, 425516.7855 4584779.0535, 425515.1975 4584783.4775, 425513.106 4584785.6821, 425507.8235 4584784.9675, 425496.4675 4584784.9835, 425490.9995 4584786.1735, 425481.2455 4584791.0655, 425476.1615 4584795.3995, 425474.1615 4584798.2425, 425471.1715 4584804.7775, 425468.5655 4584807.3395, 425467.0575 4584808.3845, 425461.2015 4584810.1855, 425455.0815 4584814.3385, 425451.6175 4584813.6735, 425428.2835 4584813.0915, 425411.2355 4584813.1995, 425397.4215 4584815.4925, 425386.2115 4584818.2555, 425370.8195 4584823.6235, 425359.4475 4584830.3915, 425342.3255 4584844.5195))","POLYGON ((2.10671442389969 41.4116840903785, 2.10647469176 41.4118134673864, 2.10639939946875 41.4117966331685, 2.10636855731184 41.4117701819226, 2.10630343009698 41.4117292866203, 2.10626123892743 41.4116718696359, 2.10625180929508 41.4116160942892, 2.10625653487272 41.4115541597151, 2.10623981973177 41.4114817180251, 2.10618836086364 41.411417833724, 2.10612791743548 41.4113774430961, 2.10595396554893 41.4113290185143, 2.10586977884551 41.4112907491507, 2.10580871940166 41.4112324827778, 2.1057841363974 41.4111771660918, 2.10578876173572 41.4111278051609, 2.1058832953043 41.4109926173736, 2.10605168208301 41.4108516981494, 2.10629037453386 41.4106967147316, 2.10640698236089 41.4106129684063, 2.10655651533639 41.4105162366894, 2.10671084927372 41.4104218659752, 2.10679651710037 41.4103432294475, 2.1069257360817 41.4101912229088, 2.10695588311113 41.4101425914666, 2.10698007614533 41.4100936345707, 2.1069856958016 41.4100362466467, 2.10697014765928 41.4099833963121, 2.10695260692757 41.4099519862701, 2.10692454300341 41.4099245298814, 2.10673342357476 41.4098080930169, 2.10663121785099 41.4097332761613, 2.10660024289612 41.4097026084492, 2.10658055961847 41.4096721545177, 2.10656869691261 41.4096420135221, 2.10656036238218 41.4095988751404, 2.10564139258713 41.4098444573869, 2.10557445545601 41.4097446568434, 2.10555256328564 41.4097182659428, 2.1055151590078 41.4096870795682, 2.10548489234923 41.4096693607788, 2.10542679033076 41.4096494439135, 2.10529294535542 41.4096361529971, 2.10493181841095 41.409701512537, 2.10468466151868 41.4097567147537, 2.10442188437015 41.4098097411487, 2.10424761461677 41.4098005299756, 2.10416664712049 41.4097580689363, 2.10414246406541 41.4097382263667, 2.10410782058395 41.4096977293085, 2.1040679712432 41.4096251071413, 2.10402632475172 41.4095265475046, 2.10398683611186 41.4094590353445, 2.10392394502132 41.4093897736064, 2.10382874387495 41.4093261690576, 2.10365822851371 41.4092719759768, 2.10349009681754 41.4092045512485, 2.10342480147959 41.4091405218492, 2.10340189815374 41.4090685359198, 2.10340838475851 41.4089674597492, 2.10346137383839 41.4087978749354, 2.10352647204287 41.4085707457231, 2.10353360242646 41.4085133337011, 2.10353120426119 41.4084649809959, 2.10351843743783 41.4084119536952, 2.10348767084166 41.4083575791367, 2.1034044186614 41.4082604244818, 2.10330906328023 41.4081707777317, 2.10323211011011 41.4080793287268, 2.10319810067069 41.4079980505563, 2.10319700417364 41.407877684347, 2.10326790447406 41.4076462408608, 2.10331797623742 41.4075495487187, 2.10338250623836 41.4074698492072, 2.10348398336547 41.4074004538586, 2.10358660473295 41.4073505054324, 2.10373139313835 41.4073175672205, 2.10410174256494 41.4072828184991, 2.10416664847441 41.4072740822384, 2.10423706947431 41.4072601465381, 2.10439056606118 41.407154116702, 2.10440117426306 41.4070742580691, 2.10429545506123 41.4065510473948, 2.10427333148667 41.4063830841701, 2.1042789204002 41.4063124010943, 2.10430982008366 41.4062368528709, 2.10438847929347 41.4061507116395, 2.10458372855273 41.4060656633394, 2.10471096949388 41.4060154839446, 2.10479827480155 41.4060044310579, 2.10489493100745 41.406028773617, 2.10498082422269 41.4060672614564, 2.10517667564025 41.4062231196022, 2.10533629195795 41.4063617607228, 2.10546376782833 41.4064356682169, 2.10557518178844 41.4064711428718, 2.10570543337826 41.4064803440571, 2.10581690957395 41.4064713311086, 2.1059660309474 41.4064299936639, 2.10607348726741 41.4064138999899, 2.10617149433189 41.4064338608352, 2.10624865543791 41.4064752055133, 2.10628106512446 41.4065080904052, 2.1063358725686 41.4065291972612, 2.10640744035112 41.4065696949213, 2.10648122551745 41.4066253603079, 2.10653260755867 41.4066961751672, 2.10658284214659 41.4067880522474, 2.10665768891477 41.4068866886517, 2.10670464521327 41.4069204276848, 2.10682209865201 41.4069601175778, 2.10697207660151 41.406948438046, 2.10706726628389 41.4069004852225, 2.10740451986929 41.406605007426, 2.10750083628296 41.4065511576883, 2.10760158219799 41.4065310139212, 2.10772409377641 41.4065465769088, 2.10788230672922 41.4066041589792, 2.10803103323594 41.4066662340707, 2.10814412071975 41.4067254790978, 2.10825942646162 41.4068167537264, 2.10835318277407 41.4069125811456, 2.10844457021726 41.4069856733124, 2.10857658586133 41.4070361652152, 2.10870966925823 41.4070400606313, 2.10881525895927 41.4070212062653, 2.10890267565195 41.4069839259045, 2.10897864393927 41.4069342886527, 2.10905886598801 41.4068208502076, 2.10907572064732 41.4067694670478, 2.10907474838355 41.4066590910828, 2.10904747951469 41.4065465901909, 2.10887997968619 41.4060146732468, 2.10884180638069 41.4059417413936, 2.10876379241554 41.4058548726255, 2.10861901732745 41.4057542095888, 2.10828175042143 41.4055900922902, 2.10802242828965 41.4054444311035, 2.10792699100091 41.4053719737399, 2.10786262792725 41.4053035944324, 2.10783019958867 41.4052445962948, 2.10767946124074 41.4048961895635, 2.1076250834836 41.4048063236906, 2.10755437472291 41.4047313735833, 2.10738741110249 41.4046420934521, 2.10731478919843 41.4045933220624, 2.10727473759043 41.4045336881374, 2.107284153042 41.4044733751464, 2.10737735260587 41.4043000920348, 2.10741897451717 41.4042135109128, 2.10743349155566 41.4041405729864, 2.10744563375275 41.404020867886, 2.10743376134095 41.4038341230705, 2.10741885870377 41.4037298090881, 2.10737841505724 41.4036070658395, 2.10730815314372 41.4035048264118, 2.10723286724475 41.4034375149427, 2.1071135042025 41.4033547648562, 2.10696323966386 41.4032938791213, 2.10681284933279 41.4032544299851, 2.10656336006106 41.403230280483, 2.10635974705797 41.4032421923721, 2.10623391002119 41.4032635714507, 2.10607146655385 41.403281333218, 2.10599825161857 41.4032760084032, 2.1059460174714 41.403260433947, 2.10589860431705 41.4032230628323, 2.10587637732631 41.4031688813318, 2.1058832059615 41.4030704467561, 2.1058775926951 41.402945829865, 2.10585393616527 41.4028091828933, 2.10582026171665 41.4026938237704, 2.10579000982623 41.4026167909883, 2.10575213749068 41.40255196714, 2.10570094415439 41.4024919398008, 2.10560542841985 41.4024065091268, 2.10553014627261 41.4023513566484, 2.10545702267057 41.4023089214328, 2.10521379785199 41.402228701189, 2.10516618506291 41.4021972461224, 2.10513180226609 41.4021554272579, 2.10512467474305 41.4021081546738, 2.10514476953956 41.4020543382152, 2.10526425401732 41.4019115983335, 2.10527715060189 41.401874948152, 2.10527145751563 41.4018163283115, 2.10524737680322 41.4017509269722, 2.10516879324117 41.401609316511, 2.105070542266 41.4014488165811, 2.10475512875626 41.4010178540549, 2.10470085885562 41.4009773926672, 2.10464183352169 41.4009494965985, 2.10448866101034 41.4009058072767, 2.10443998078083 41.4008816171292, 2.10440782838114 41.4008263402272, 2.10458887366646 41.4007689044327, 2.1049134477984 41.4006820830359, 2.10535642582291 41.4006097061717, 2.10539585106939 41.4005993109482, 2.10543557759154 41.4005794205766, 2.10550028848617 41.4005264796608, 2.10555798379343 41.4004945085069, 2.10637282870398 41.4001791275377, 2.10657282287216 41.4000887873644, 2.10676958681888 41.3999863697658, 2.10684788073499 41.3999178091885, 2.10707172567607 41.3998011911326, 2.10712569631944 41.3997368273313, 2.10716010914691 41.3996707003001, 2.10719928274145 41.3995817852639, 2.10726270970596 41.3994636571073, 2.1073057510111 41.399411162232, 2.1073531247973 41.399368220951, 2.10741519621772 41.3993343480009, 2.10749923293105 41.3992985907999, 2.1077381602362 41.3992332562744, 2.10777582954517 41.3992026428499, 2.10784746694153 41.3991323095321, 2.10795317758645 41.3990441164083, 2.10819161086256 41.3988223983478, 2.10825696505095 41.3986764262431, 2.10828726315217 41.3986435739064, 2.10833435192081 41.398614394326, 2.10865123295872 41.3984502536909, 2.10875001756657 41.3983110959142, 2.10871168274637 41.3982791205721, 2.10870355022868 41.3982492068008, 2.10871246672942 41.398195473322, 2.10879105191072 41.3980094021225, 2.10889562216426 41.3977871950569, 2.10895729610399 41.3976894182457, 2.10897138291524 41.3976608745558, 2.10897227481419 41.3976331474435, 2.10894816046371 41.3975760874901, 2.10895279264229 41.397553991994, 2.10900297428872 41.3974672323715, 2.10905137332409 41.397417354447, 2.10914952728433 41.397342594873, 2.10926446345385 41.3972679741439, 2.10928961706828 41.3972444611917, 2.10930552057366 41.3972240743621, 2.10932164268569 41.3971879621, 2.10933646994243 41.3971408911155, 2.10934799345191 41.3970350298678, 2.10942952620731 41.396941073455, 2.10959437144529 41.3967741616459, 2.10964265689805 41.3967036104238, 2.10966482708482 41.3966586004724, 2.10969769165008 41.396576760623, 2.10974609208113 41.3963044742552, 2.10973250402995 41.3962674568764, 2.10965565217475 41.3961241065205, 2.10949807345783 41.3959126858419, 2.10953766200926 41.395864374265, 2.1095356450359 41.39577823848, 2.10954217925083 41.3956994219431, 2.10957799761533 41.395579865571, 2.10961706291351 41.3955065111968, 2.10977895364814 41.3953290259871, 2.10994275067337 41.3951744695935, 2.11091317190687 41.3958284787529, 2.11107759003494 41.3958928990918, 2.11164197949073 41.3961866683924, 2.11193675311115 41.3963639592594, 2.11218564641042 41.3965479121827, 2.11267591028951 41.3969995639705, 2.11312565320713 41.3972588087443, 2.11325991360505 41.397322165393, 2.11330926615432 41.3973849495448, 2.11338070473951 41.3974941302451, 2.11354467959366 41.3977075558234, 2.11409373011099 41.3983188705853, 2.1141447529456 41.3985732562584, 2.11412963986183 41.3987753036949, 2.11405407504501 41.399258657507, 2.1139451679649 41.3998715341547, 2.1139054341288 41.4000013861595, 2.11386049673294 41.4002536096403, 2.11385899634595 41.4003446816583, 2.1138877309348 41.4009223900818, 2.11396811785378 41.401036323164, 2.11415149461321 41.4012639038021, 2.1143256873129 41.40144814155, 2.11441387580759 41.401534742646, 2.11537140292554 41.4024352902068, 2.11723174462258 41.4041735989726, 2.11704139208623 41.4042964233697, 2.11665989088743 41.4045211947908, 2.11643410765648 41.4046593380705, 2.11630187962254 41.4047498023854, 2.11617747664174 41.4048490098553, 2.11525576820275 41.4056621276875, 2.11500852937095 41.4058609125349, 2.11462187502136 41.4062155521297, 2.11437755295107 41.4064329845743, 2.11420493451659 41.4066618693889, 2.11411834888776 41.4067218950268, 2.11396423979101 41.4067973681457, 2.11387648612546 41.4068492886958, 2.11370244835914 41.4069820341539, 2.11362980947044 41.4070510482137, 2.11357248710611 41.4071189912484, 2.11342133836095 41.4073244758381, 2.11265410127591 41.408205435783, 2.11256380461896 41.408304920315, 2.1125000294654 41.4083685975316, 2.11242313162563 41.4084364970584, 2.11234286302947 41.4084988759756, 2.11224057096782 41.4085636610358, 2.11213072589453 41.408619019958, 2.11155309456808 41.4088694359681, 2.11137614837445 41.4089496229739, 2.11133313193486 41.4089648556121, 2.11126394403184 41.4089778323714, 2.11118772782985 41.4089780182459, 2.11075532971851 41.4089071120786, 2.11028517806191 41.4090971376665, 2.11034327196591 41.4091677099688, 2.11041814445349 41.409313399069, 2.11040570298772 41.4093676538771, 2.11035550668803 41.4094039801446, 2.11034028821776 41.4094197336083, 2.11032193216177 41.4094848056653, 2.11029011437698 41.4095149147542, 2.110232105375 41.4095564769354, 2.11019453281265 41.4096356681692, 2.11013452257726 41.4096984904386, 2.11006311180853 41.4097620531782, 2.11003073172954 41.4097974001845, 2.10999577058632 41.4098184774168, 2.10990871867384 41.4098550948535, 2.10983241979825 41.4099042076984, 2.10980895720998 41.4099287426273, 2.10980008367024 41.4099775124048, 2.10979409729934 41.4099953368816, 2.10978477184864 41.4100088479721, 2.10976018559915 41.410023664157, 2.10973466007595 41.4100336630863, 2.10958964169639 41.4101077531178, 2.10955755671863 41.4101372294096, 2.10940980381438 41.4103203963674, 2.10926024173935 41.41052558136, 2.10910676253473 41.4105952997038, 2.1090621906859 41.4106419374483, 2.1090133161569 41.4107898036763, 2.1089860995207 41.4108412236385, 2.1089549559037 41.4108539495764, 2.1086590905276 41.4109030155997, 2.10864983720136 41.4109132367304, 2.10865192975168 41.4109352131194, 2.10873248817703 41.4110024077118, 2.10880759923787 41.4110712606595, 2.10881525818516 41.4110956671383, 2.10880966912117 41.4111106572886, 2.10879012634344 41.411150354891, 2.10876483308056 41.4111700167976, 2.1087017233203 41.4111630911776, 2.10856586268644 41.4111621827078, 2.10850029917715 41.4111723935647, 2.10838300371395 41.4112155490856, 2.10832164692154 41.4112541118804, 2.10829736951915 41.4112795319161, 2.10826079335087 41.4113381121457, 2.10822930054181 41.4113609451461, 2.10821113065362 41.4113702170987, 2.10814084972087 41.4113858947387, 2.10806712058524 41.4114227311373, 2.10802576044169 41.4114164205279, 2.10774667245693 41.4114090141208, 2.10754270294394 41.4114084049034, 2.10737715446047 41.4114277747084, 2.10724270126843 41.4114516190719, 2.10705789467706 41.411498536901, 2.10692100906071 41.4115584368633, 2.10671442389969 41.4116840903785))"
"05","Sarrià-Sant Gervasi","23","Sarrià","094","006","POLYGON ((425983.1965 4583625.7655, 425947.1115 4583673.6385, 425936.4785 4583656.1875, 425929.6295 4583643.6075, 425926.5715 4583579.4955, 425926.5935 4583569.3835, 425930.0635 4583541.3435, 425933.2375 4583526.8935, 425941.6455 4583458.7595, 425947.4135 4583405.0335, 425948.4475 4583382.5895, 425943.8935 4583354.3915, 425897.3015 4583286.9935, 425883.3515 4583263.4395, 425877.2555 4583251.3795, 425873.0585 4583244.4515, 425861.7629 4583237.5326, 426004.9822 4583128.6866, 426067.9955 4583081.7455, 426097.1655 4583064.6555, 426213.7535 4583023.5815, 426236.0285 4583009.7095, 426250.4075 4582997.1285, 426267.5995 4582977.9835, 426280.1815 4582958.2495, 426290.8135 4582936.6491, 426297.2315 4582916.3255, 426302.8388 4582879.4887, 426305.1835 4582844.5755, 426300.8026 4582811.2339, 426294.5685 4582782.1585, 426279.6705 4582746.7775, 426262.6315 4582715.5055, 426244.0505 4582691.8345, 426226.8165 4582674.8115, 426263.7535 4582641.0915, 426377.3115 4582600.7365, 426416.299 4582578.056, 426430.7745 4582567.4235, 426457.5416 4582537.8288, 426462.698 4582531.0837, 426470.5335 4582536.0265, 426481.7235 4582542.3915, 426548.0115 4582578.7775, 426555.0975 4582584.2215, 426570.9315 4582599.8955, 426603.7195 4582633.6315, 426564.1815 4582689.1355, 426555.3995 4582704.2915, 426550.4675 4582715.0415, 426545.7055 4582726.7455, 426540.8675 4582740.3655, 426535.8655 4582756.2535, 426531.6355 4582772.8335, 426528.7015 4582787.8915, 426525.4995 4582814.9975, 426523.4575 4582843.1375, 426522.4795 4582879.6815, 426521.2485 4582908.1615, 426516.3355 4582946.7915, 426509.6295 4583003.5545, 426503.7935 4583046.8275, 426501.1275 4583069.0975, 426501.0535 4583074.8755, 426504.7975 4583115.4315, 426504.3615 4583150.7335, 426504.6756 4583172.8939, 426499.5505 4583201.8785, 426462.9795 4583190.8555, 426460.6385 4583198.4675, 426454.4655 4583210.1755, 426447.0655 4583218.6695, 426437.008500001 4583227.1875, 426427.3215 4583236.7195, 426414.8195 4583251.4275, 426409.3994 4583258.413, 426403.2275 4583268.6555, 426384.4175 4583297.0895, 426370.6835 4583316.4895, 426331.5695 4583367.5935, 426308.6875 4583394.1105, 426300.5025 4583402.0605, 426290.9355 4583409.6075, 426280.9415 4583416.0235, 426270.4115 4583421.0535, 426238.1535 4583433.5015, 426224.5175 4583439.9055, 426210.4215 4583447.4995, 426196.1955 4583456.3505, 426180.9655 4583468.4935, 426166.9415 4583480.7635, 426154.1575 4583493.1995, 426140.3995 4583509.2175, 426128.0795 4583524.4095, 426110.1095 4583547.8595, 426106.8035 4583551.6835, 426097.1275 4583561.5795, 426091.7215 4583566.5915, 426087.0895 4583570.3635, 426081.3355 4583574.7855, 426075.7215 4583578.4255, 426063.9055 4583584.9615, 426055.6535 4583588.6095, 426030.3975 4583597.9175, 426014.0875 4583605.2995, 425995.7155 4583615.5815, 425983.1965 4583625.7655))","POLYGON ((2.11453066699414 41.4007666285579, 2.11409317259731 41.4011944755273, 2.11396811785378 41.401036323164, 2.1138877309348 41.4009223900818, 2.11385899634595 41.4003446816583, 2.11386049673294 41.4002536096403, 2.1139054341288 41.4000013861595, 2.1139451679649 41.3998715341547, 2.11405407504501 41.399258657507, 2.11412963986183 41.3987753036949, 2.1141447529456 41.3985732562584, 2.11409373011099 41.3983188705853, 2.11354467959366 41.3977075558234, 2.11338070473951 41.3974941302451, 2.11330926615432 41.3973849495448, 2.11325991360505 41.397322165393, 2.11312565320713 41.3972588087443, 2.11485201051975 41.3962916745525, 2.11561143727979 41.395874693279, 2.11596242016965 41.3957234526856, 2.11736191047047 41.3953642236262, 2.11763002557305 41.3952413282732, 2.11780354084276 41.3951293356622, 2.11801150009904 41.3949584817029, 2.11816439146278 41.3947818999158, 2.1182941860012 41.3945883293609, 2.11837342257601 41.3944058720257, 2.11844497185034 41.3940746133383, 2.11847726416206 41.393760380627, 2.11842892411968 41.3934596862902, 2.11835790040993 41.3931972458454, 2.11818402203802 41.3928772195141, 2.11798403824513 41.3925940045569, 2.11776468793746 41.3923791066591, 2.11756063961432 41.3922242074707, 2.11800651726347 41.391923893713, 2.11936958854818 41.3915708370002, 2.11983863625995 41.3913701315891, 2.1200130548504 41.3912756935432, 2.12033678255486 41.3910115949985, 2.12039927173863 41.3909513163012, 2.12049238375996 41.3909965502914, 2.12062544294177 41.3910548999679, 2.12141383190472 41.3913886691835, 2.12149792044743 41.3914383480113, 2.12168539528274 41.3915809626369, 2.12207345334675 41.3918878008699, 2.12159384468034 41.3923840920537, 2.12148697229319 41.3925197935987, 2.1214266807584 41.3926161637383, 2.12136830658298 41.392721141629, 2.12130879083953 41.3928433691157, 2.1212470382674 41.3929860084662, 2.12119443485317 41.3931349508401, 2.12115751646669 41.3932703035958, 2.12111593085493 41.393514142882, 2.12108809358727 41.3937674009034, 2.12107196239667 41.3940964472364, 2.12105378343034 41.3943528415467, 2.12099033370812 41.3947003159687, 2.12090323718071 41.3952109423688, 2.12082818242093 41.3956001497231, 2.12079359192589 41.3958004820537, 2.12079200551114 41.3958525151661, 2.12083186452318 41.3962181271912, 2.1208223648089 41.3965360367268, 2.12082343201563 41.396735654273, 2.12075861241068 41.3969962371956, 2.12032252384308 41.3968936144511, 2.12029359861094 41.3969619582441, 2.12021834107833 41.3970668424037, 2.12012879748177 41.3971426672223, 2.12000747016754 41.3972184650645, 2.11989044496872 41.39730342927, 2.11973911990323 41.397434753662, 2.11967344043299 41.3974971729078, 2.11959837256513 41.3975888576385, 2.11936992635399 41.3978432280536, 2.11920329219012 41.3980166976406, 2.11872922298273 41.3984733857173, 2.11845229694625 41.3987101155866, 2.1183534255803 41.398780967457, 2.11823807244124 41.3988480629179, 2.11811774926308 41.3989049327115, 2.11799118335138 41.3989492701596, 2.11760381624635 41.399058425093, 2.11743993010266 41.3991148519828, 2.11727039638683 41.3991819542063, 2.11709915410798 41.3992603654654, 2.11691550073113 41.399368333822, 2.11674625681131 41.3994775564489, 2.11659182434414 41.3995883877877, 2.11642530383764 41.3997313908638, 2.11627608410406 41.3998670864036, 2.11605827295244 41.4000766385281, 2.11601826119325 41.4001107757075, 2.11590131275851 41.4001990151003, 2.11583603640776 41.4002436589583, 2.11578016965848 41.4002772058246, 2.11571080253471 41.4003165037627, 2.11564320544514 41.4003487714188, 2.11550106847704 41.4004065516777, 2.11540191536333 41.4004386486591, 2.11509867449809 41.4005201583958, 2.11490267749934 41.4005851439834, 2.1146816606044 41.4006760583917, 2.11453066699414 41.4007666285579))"
"05","Sarrià-Sant Gervasi","23","Sarrià","095","007","POLYGON ((426275.5355 4584028.6625, 426259.8985 4584050.9915, 426230.2445 4584022.5715, 426220.4145 4584011.0925, 426164.0923 4583942.1929, 426055.366456 4583810.3005645, 425974.3055 4583711.1405, 425966.8355 4583701.6015, 425952.0655 4583681.2965, 425947.1115 4583673.6385, 425983.1965 4583625.7655, 425995.7155 4583615.5815, 426014.0875 4583605.2995, 426022.1775 4583601.4715, 426034.5535 4583596.2455, 426055.6535 4583588.6095, 426067.9275 4583582.9215, 426081.3355 4583574.7855, 426091.7215 4583566.5915, 426102.4645 4583556.3155, 426110.1095 4583547.8595, 426128.0795 4583524.4095, 426140.3995 4583509.2175, 426154.1575 4583493.1995, 426166.9415 4583480.7635, 426180.9655 4583468.4935, 426188.0565 4583462.8395, 426225.0655 4583490.7765, 426244.6235 4583504.1775, 426269.1655 4583520.0715, 426283.2915 4583528.7195, 426300.2815 4583538.1595, 426355.6295 4583576.5875, 426468.1865 4583648.7395, 426506.7715 4583669.4075, 426564.2995 4583701.5285, 426579.8095 4583711.9155, 426499.0775 4583766.5455, 426477.8615 4583782.4075, 426459.5655 4583797.8815, 426443.3695 4583813.1495, 426427.1885 4583829.3635, 426416.8955 4583840.2795, 426401.2915 4583857.8415, 426370.7515 4583894.9935, 426362.4455 4583905.7755, 426350.0155 4583922.1815, 426319.2115 4583964.7675, 426275.5355 4584028.6625))","POLYGON ((2.1179784758941 41.4044221942946, 2.11778869961547 41.4046218670546, 2.11743742943102 41.4043631808107, 2.11732123840618 41.4042588927408, 2.11665589642482 41.4036331754278, 2.11537140292554 41.4024352902068, 2.11441387580759 41.401534742646, 2.1143256873129 41.40144814155, 2.11415149461321 41.4012639038021, 2.11409317259731 41.4011944755273, 2.11453066699414 41.4007666285579, 2.1146816606044 41.4006760583917, 2.11490267749934 41.4005851439834, 2.11499991527888 41.4005514113563, 2.11514859148096 41.4005054818011, 2.11540191536333 41.4004386486591, 2.1155494273642 41.40038854818, 2.11571080253471 41.4003165037627, 2.11583603640776 41.4002436589583, 2.11596579442861 41.4001520952153, 2.11605827295244 41.4000766385281, 2.11627608410406 41.3998670864036, 2.11642530383764 41.3997313908638, 2.11659182434414 41.3995883877877, 2.11674625681131 41.3994775564489, 2.11691550073113 41.399368333822, 2.1170010087929 41.3993180618103, 2.11744028613083 41.3995730740375, 2.11767259669807 41.3996955649548, 2.11796422090656 41.3998409657577, 2.11813213685789 41.3999201495419, 2.11833421478831 41.4000067287853, 2.11899159029021 41.4003579035566, 2.12032919487352 41.4010180453844, 2.12078823107654 41.4012077205427, 2.12147247401288 41.4015022762888, 2.12165674289629 41.4015972437861, 2.12068440281574 41.4020818950652, 2.12042869106232 41.4022228170358, 2.12020795445905 41.4023605109812, 2.12001236226162 41.402496541275, 2.11981683370314 41.4026410927864, 2.11969238114425 41.4027384662105, 2.11950358939772 41.4028952107961, 2.11913374723304 41.403227025438, 2.11903307772229 41.4033233732145, 2.11888239145141 41.4034699958859, 2.11850872334887 41.4038507257618, 2.1179784758941 41.4044221942946))"
"05","Sarrià-Sant Gervasi","23","Sarrià","095","008","POLYGON ((426611.6535 4584294.8935, 426598.0225 4584315.5255, 426514.6865 4584239.3585, 426492.9875 4584220.3005, 426465.1935 4584197.2995, 426453.2355 4584188.1505, 426441.3195 4584180.0815, 426418.7245 4584165.6725, 426376.5545 4584137.7595, 426300.2355 4584088.0755, 426290.9165 4584080.8205, 426259.8985 4584050.9915, 426283.2755 4584017.5815, 426319.2115 4583964.7675, 426350.0155 4583922.1815, 426370.7515 4583894.9935, 426401.2915 4583857.8415, 426416.8955 4583840.2795, 426427.1885 4583829.3635, 426443.3695 4583813.1495, 426459.5655 4583797.8815, 426477.8615 4583782.4075, 426499.0775 4583766.5455, 426579.8095 4583711.9155, 426564.2995 4583701.5285, 426506.7715 4583669.4075, 426468.5505 4583648.9345, 426477.2975 4583634.8295, 426480.5125 4583630.4145, 426496.0305 4583611.1445, 426522.6645 4583580.2375, 426554.7775 4583546.2535, 426559.2965 4583540.1175, 426563.731 4583531.2655, 426583.0895 4583489.7515, 426601.1675 4583461.2475, 426607.9015 4583449.8195, 426612.8255 4583440.3375, 426617.5975 4583428.8035, 426621.4195 4583415.3135, 426626.1895 4583390.6315, 426645.1175 4583398.3135, 426664.0815 4583406.5215, 426670.0435 4583409.4095, 426677.8155 4583414.1315, 426682.7695 4583417.6295, 426722.9655 4583449.7425, 426778.8965 4583493.4925, 426765.1995 4583509.0815, 426737.1975 4583543.0205, 426680.6635 4583613.1135, 426711.6635 4583637.3155, 426877.2705 4583757.4975, 426868.2649 4583770.9112, 426863.6739 4583776.6199, 426859.3022 4583778.6619, 426854.2419 4583782.3502, 426849.3049 4583785.1032, 426845.2982 4583788.6762, 426841.7781 4583793.2918, 426841.6202 4583812.7979, 426839.8322 4583827.5799, 426836.0582 4583846.1119, 426832.2072 4583856.9812, 426828.9749 4583863.8476, 426840.3989825 4583871.013064, 426837.6982 4583880.983, 426831.2607 4583886.5034, 426824.9094 4583885.4043, 426820.9162 4583890.3019, 426802.6732 4583909.0252, 426790.3232 4583925.6919, 426777.3362 4583942.2599, 426774.5952215 4583946.2311685, 426775.4804 4583946.9038, 426759.821986 4583966.618092, 426758.3363 4583976.2386, 426748.4409 4583983.1989, 426742.4962 4583992.597, 426731.5802 4584012.4459, 426734.3249805 4584013.182041, 426717.9999 4584047.3999, 426708.9702 4584069.4199, 426706.43 4584076.54, 426695.3302 4584132.9399, 426690.1202 4584142.3999, 426686.7802 4584155.1002, 426679.2599 4584172.1002, 426678.3195 4584176.4657, 426676.5205 4584188.5065, 426668.7595 4584201.9675, 426642.008500001 4584246.3355, 426621.9155 4584279.0115, 426611.6535 4584294.8935))","POLYGON ((2.12196697399197 41.4068507686145, 2.12180140599263 41.4070353469973, 2.12081371523982 41.4063417320872, 2.12055645005457 41.4061681016027, 2.12022675270317 41.4059584002605, 2.12008481468466 41.4058749055122, 2.11994324820299 41.4058011414947, 2.11967470377551 41.4056692984712, 2.11917363510339 41.4054140380669, 2.11826671280521 41.4049595643027, 2.11815611782383 41.4048933675119, 2.11778869961547 41.4046218670546, 2.1180724143797 41.404323102638, 2.11850872334887 41.4038507257618, 2.11888239145141 41.4034699958859, 2.11913374723304 41.403227025438, 2.11950358939772 41.4028952107961, 2.11969238114425 41.4027384662105, 2.11981683370314 41.4026410927864, 2.12001236226162 41.402496541275, 2.12020795445905 41.4023605109812, 2.12042869106232 41.4022228170358, 2.12068440281574 41.4020818950652, 2.12165674289629 41.4015972437861, 2.12147247401288 41.4015022762888, 2.12078823107654 41.4012077205427, 2.12033352527602 41.4010198349502, 2.12043986797609 41.4008935975163, 2.12047886118779 41.4008541275957, 2.12066682329322 41.4006819902285, 2.12098916290071 41.40040605925, 2.12137741077368 41.400102914667, 2.12143220964697 41.4000480632463, 2.12148632711967 41.3999687422899, 2.12172291978613 41.3995966121474, 2.12194261584753 41.399341539829, 2.12202454975128 41.3992392276214, 2.12208459731099 41.3991542769093, 2.12214307528631 41.3990508308437, 2.12219042679967 41.3989296812317, 2.1222504738564 41.398707816749, 2.12247594779575 41.3987787320718, 2.12270178912949 41.3988543876881, 2.12277275315432 41.3988809423557, 2.122865145268 41.3989241800532, 2.12292397846855 41.39895613671, 2.12340089268273 41.3992490283647, 2.12406461832475 41.3996481604124, 2.12389889540809 41.3997873162058, 2.12355984067286 41.4000904387457, 2.12287511375284 41.4007165818711, 2.1232429975931 41.4009373847445, 2.12520943503075 41.4020348890453, 2.12510008972739 41.402154881181, 2.12504448246765 41.402205879291, 2.12499194141768 41.4022238729869, 2.1249309643667 41.4022566315027, 2.12487157519513 41.4022809773731, 2.12482321516062 41.4023127932353, 2.12478054980396 41.4023540435882, 2.12477630359757 41.4025297119712, 2.12475312888627 41.4026626841531, 2.12470574405986 41.4028292501736, 2.12465836411382 41.4029267946439, 2.12461886887871 41.4029883430696, 2.1247546594998 41.4030539188528, 2.12472114727328 41.4031434678416, 2.12464347343748 41.4031926017669, 2.12456763083697 41.4031821246084, 2.12451927133473 41.4032258716383, 2.12429878087742 41.4033928432739, 2.12414903161151 41.403541828248, 2.1239916736255 41.4036898660532, 2.12395840485505 41.4037253838342, 2.1239689122452 41.4037315225472, 2.12377921639718 41.4039076539641, 2.12376028005169 41.4039941661976, 2.12364106563357 41.4040559529187, 2.12356881563457 41.4041400556886, 2.12343583184011 41.4043178309902, 2.12346857688176 41.4043247112274, 2.12326914702256 41.4046314080656, 2.12315846333001 41.4048289090725, 2.12312721402906 41.4048928049981, 2.12298760194585 41.4053997612319, 2.12292413102181 41.4054844880538, 2.12288263753863 41.4055985692862, 2.12279061557183 41.4057509946774, 2.12277883703428 41.4057902269751, 2.12275585748586 41.4058985088865, 2.1226613841573 41.4060190380464, 2.12233599216245 41.4064161996297, 2.12209166240014 41.4067086635294, 2.12196697399197 41.4068507686145))"
"05","Sarrià-Sant Gervasi","23","Sarrià","095","009","POLYGON ((426477.2975 4583634.8295, 426468.5505 4583648.9345, 426468.1865 4583648.7395, 426355.6295 4583576.5875, 426300.2815 4583538.1595, 426283.2915 4583528.7195, 426269.1655 4583520.0715, 426244.6235 4583504.1775, 426225.0655 4583490.7765, 426188.0565 4583462.8395, 426196.1955 4583456.3505, 426210.4215 4583447.4995, 426224.5175 4583439.9055, 426238.1535 4583433.5015, 426270.4115 4583421.0535, 426280.9415 4583416.0235, 426290.9355 4583409.6075, 426300.5025 4583402.0605, 426308.6875 4583394.1105, 426331.5695 4583367.5935, 426370.6835 4583316.4895, 426384.4175 4583297.0895, 426390.4665 4583287.9455, 426422.1745 4583309.2995, 426449.5475 4583340.4945, 426425.7645 4583370.6395, 426512.5655 4583430.8595, 426513.2615 4583429.7955, 426548.2495 4583452.2235, 426554.0285 4583443.2455, 426596.5255 4583468.4725, 426583.0895 4583489.7515, 426561.1195 4583536.7755, 426557.7335 4583542.5115, 426554.1355 4583546.9615, 426522.6645 4583580.2375, 426510.9955 4583593.5435, 426496.0305 4583611.1445, 426480.5125 4583630.4145, 426477.2975 4583634.8295))","POLYGON ((2.12043986797609 41.4008935975163, 2.12033352527602 41.4010198349502, 2.12032919487352 41.4010180453844, 2.11899159029021 41.4003579035566, 2.11833421478831 41.4000067287853, 2.11813213685789 41.3999201495419, 2.11796422090656 41.3998409657577, 2.11767259669807 41.3996955649548, 2.11744028613083 41.3995730740375, 2.1170010087929 41.3993180618103, 2.11709915410798 41.3992603654654, 2.11727039638683 41.3991819542063, 2.11743993010266 41.3991148519828, 2.11760381624635 41.399058425093, 2.11799118335138 41.3989492701596, 2.11811774926308 41.3989049327115, 2.11823807244124 41.3988480629179, 2.1183534255803 41.398780967457, 2.11845229694625 41.3987101155866, 2.11872922298273 41.3984733857173, 2.11920329219012 41.3980166976406, 2.11936992635399 41.3978432280536, 2.11944339126484 41.3977614259257, 2.1198200614383 41.3979566537364, 2.12014368639916 41.3982401172826, 2.11985554843537 41.3985094439451, 2.12088649372965 41.3990597559766, 2.12089494802351 41.3990502366163, 2.12131073328154 41.3992554324158, 2.12138094767404 41.3991750994854, 2.12188621470904 41.3994061884162, 2.12172291978613 41.3995966121474, 2.12145442104762 41.400018129863, 2.12141322324531 41.4000694821641, 2.12136964552598 41.4001092326613, 2.12098916290071 41.40040605925, 2.12084796699272 41.400524833924, 2.12066682329322 41.4006819902285, 2.12047886118779 41.4008541275957, 2.12043986797609 41.4008935975163))"
"05","Sarrià-Sant Gervasi","23","Sarrià","095","010","POLYGON ((426601.1675 4583461.2475, 426596.5255 4583468.4725, 426554.0285 4583443.2455, 426548.2495 4583452.2235, 426513.2615 4583429.7955, 426512.5655 4583430.8595, 426425.7645 4583370.6395, 426449.5475 4583340.4945, 426422.1745 4583309.2995, 426390.4665 4583287.9455, 426403.2275 4583268.6555, 426409.3994 4583258.413, 426414.8195 4583251.4275, 426427.3215 4583236.7195, 426437.008500001 4583227.1875, 426447.0655 4583218.6695, 426454.4655 4583210.1755, 426460.6385 4583198.4675, 426462.9795 4583190.8555, 426498.9815 4583201.6375, 426506.3945 4583205.3035, 426558.7475 4583236.4695, 426626.3215 4583281.5355, 426662.8295 4583306.5205, 426636.6685 4583336.3765, 426633.8215 4583340.9525, 426630.5605 4583349.4475, 426628.7655 4583356.7995, 426627.5235 4583367.8215, 426626.3475 4583389.4735, 426621.4195 4583415.3135, 426617.5975 4583428.8035, 426612.8255 4583440.3375, 426607.9015 4583449.8195, 426601.1675 4583461.2475))","POLYGON ((2.12194261584753 41.399341539829, 2.12188621470904 41.3994061884162, 2.12138094767404 41.3991750994854, 2.12131073328154 41.3992554324158, 2.12089494802351 41.3990502366163, 2.12088649372965 41.3990597559766, 2.11985554843537 41.3985094439451, 2.12014368639916 41.3982401172826, 2.1198200614383 41.3979566537364, 2.11944339126484 41.3977614259257, 2.11959837256513 41.3975888576385, 2.11967344043299 41.3974971729078, 2.11973911990323 41.397434753662, 2.11989044496872 41.39730342927, 2.12000747016754 41.3972184650645, 2.12012879748177 41.3971426672223, 2.12021834107833 41.3970668424037, 2.12029359861094 41.3969619582441, 2.12032252384308 41.3968936144511, 2.12075183583147 41.3969940146079, 2.12084005808148 41.3970277101719, 2.12146247485202 41.3973131915159, 2.12226527348124 41.3977252496728, 2.12269892610824 41.3979536089206, 2.12238239097909 41.3982201222618, 2.12234778275253 41.398261076504, 2.12230774761284 41.398337289649, 2.12228538616594 41.3984033420548, 2.1222691945363 41.3985024989708, 2.12225250408639 41.3986974015768, 2.12219042679967 41.3989296812317, 2.12214307528631 41.3990508308437, 2.12208459731099 41.3991542769093, 2.12202454975128 41.3992392276214, 2.12194261584753 41.399341539829))"
"05","Sarrià-Sant Gervasi","23","Sarrià","095","011","POLYGON ((426769.2595 4583468.1235, 426761.0925 4583479.5105, 426722.9655 4583449.7425, 426682.7695 4583417.6295, 426677.8155 4583414.1315, 426670.0435 4583409.4095, 426664.0815 4583406.5215, 426645.1175 4583398.3135, 426626.1895 4583390.6315, 426627.5235 4583367.8215, 426628.7655 4583356.7995, 426630.5605 4583349.4475, 426633.8215 4583340.9525, 426636.6685 4583336.3765, 426662.8295 4583306.5205, 426664.3015 4583306.6505, 426689.2745 4583276.5195, 426700.2675 4583264.1755, 426705.9675 4583257.1355, 426729.9155 4583231.1495, 426756.9198 4583200.5821, 426781.2995 4583217.5735, 426791.1765 4583224.8455, 426803.0555 4583232.5295, 426870.1915 4583278.3855, 426898.2045 4583297.1215, 426895.3855 4583301.7515, 426885.7875 4583312.4375, 426872.0255 4583329.3415, 426849.9275 4583357.5515, 426853.2632585 4583363.69564, 426835.9871 4583388.0841, 426827.6655 4583387.4995, 426787.9895 4583442.7095, 426769.2595 4583468.1235))","POLYGON ((2.12395241350775 41.399418795429, 2.12385334648105 41.3995206092408, 2.12340089268273 41.3992490283647, 2.12292397846855 41.39895613671, 2.122865145268 41.3989241800532, 2.12277275315432 41.3988809423557, 2.12270178912949 41.3988543876881, 2.12247594779575 41.3987787320718, 2.1222504738564 41.398707816749, 2.1222691945363 41.3985024989708, 2.12228538616594 41.3984033420548, 2.12230774761284 41.398337289649, 2.12234778275253 41.398261076504, 2.12238239097909 41.3982201222618, 2.12269892610824 41.3979536089206, 2.12271651728565 41.3979549140219, 2.12301887317755 41.3976858146119, 2.12315185674473 41.3975756398047, 2.12322088752321 41.3975127531969, 2.12351047757594 41.3972808911951, 2.12383717633657 41.3970080441601, 2.12412672866297 41.3971632984441, 2.12424398906999 41.3972296934268, 2.12438514605275 41.397299981232, 2.12518262892038 41.3977190945273, 2.12551543570116 41.3978903886296, 2.12548115799838 41.3979318327376, 2.12536506373657 41.3980272042235, 2.12519841143368 41.3981781997146, 2.1249306830067 41.3984302648402, 2.12496984079997 41.3984859058649, 2.12476024786996 41.3987039902473, 2.12466078079524 41.3986979677889, 2.12417952552737 41.3991916083839, 2.12395241350775 41.399418795429))"
"05","Sarrià-Sant Gervasi","23","Sarrià","095","012","POLYGON ((426783.9715 4583487.7175, 426778.8965 4583493.4925, 426761.0925 4583479.5105, 426787.9895 4583442.7095, 426827.6655 4583387.4995, 426835.9869375 4583388.0840885, 426853.2634 4583363.6959, 426849.9275 4583357.5515, 426872.0255 4583329.3415, 426885.7875 4583312.4375, 426895.3855 4583301.7515, 426898.2045 4583297.1215, 426870.1915 4583278.3855, 426803.0555 4583232.5295, 426791.1765 4583224.8455, 426781.2995 4583217.5735, 426756.9198 4583200.5821, 426753.8686 4583203.9636, 426639.8505 4583183.7735, 426675.1595 4583128.9455, 426678.7745 4583124.1865, 426686.1525 4583115.6265, 426703.2055 4583111.5115, 426902.9085 4583054.3555, 426904.8598 4583063.6635, 426910.3675 4583080.4975, 426914.7955 4583090.3435, 426920.2975 4583100.4935, 426928.1275 4583112.5355, 426938.7175 4583125.9335, 426951.2875 4583138.8295, 426967.1195 4583152.7535, 427101.9075 4583266.7695, 427117.6075 4583281.6235, 427074.5835 4583283.1895, 427039.4975 4583285.5675, 427028.1675 4583287.4035, 427019.3175 4583289.4415, 427011.2815 4583291.7335, 426994.1435 4583297.9475, 426980.6795 4583304.0995, 426966.2635 4583312.3055, 426948.3535 4583324.9975, 426937.2055 4583335.1325, 426891.2666 4583380.0719, 426873.506 4583396.4194, 426861.2995 4583409.1835, 426808.8735 4583461.3795, 426797.2415 4583473.3715, 426783.9715 4583487.7175))","POLYGON ((2.12412602152593 41.3995966096768, 2.12406461832475 41.3996481604124, 2.12385334648105 41.3995206092408, 2.12417952552737 41.3991916083839, 2.12466078079524 41.3986979677889, 2.12476024592763 41.398703990129, 2.12496984246109 41.3984859082195, 2.1249306830067 41.3984302648402, 2.12519841143368 41.3981781997146, 2.12536506373657 41.3980272042235, 2.12548115799838 41.3979318327376, 2.12551543570116 41.3978903886296, 2.12518262892038 41.3977190945273, 2.12438514605275 41.397299981232, 2.12424398906999 41.3972296934268, 2.12412672866297 41.3971632984441, 2.12383717633657 41.3970080441601, 2.12380027171756 41.3970382219274, 2.12243894079355 41.3968459850335, 2.12286791184725 41.3963553938037, 2.12291172686735 41.3963128612028, 2.12300101096185 41.3962364377256, 2.12320547848572 41.3962009302406, 2.12560100773797 41.3957043284442, 2.12562322332754 41.3957883389344, 2.12568706815242 41.3959404560848, 2.12573884250817 41.3960295371842, 2.12580342631986 41.3961214538588, 2.1258956270096 41.3962306224645, 2.12602067658829 41.3963522546652, 2.12616946990147 41.3964695452996, 2.12635715649668 41.396596390757, 2.12795562796021 41.3976355140433, 2.12814163057074 41.3977707207742, 2.12762682296782 41.3977809243609, 2.12720686547801 41.3977991592592, 2.12707112369039 41.3978146672226, 2.12696502130848 41.3978322194379, 2.12686862468467 41.397852133109, 2.12666288406004 41.3979065441278, 2.1265010961643 41.3979607300028, 2.12632767313806 41.3980333286665, 2.12611191582888 41.3981460130961, 2.12597734858485 41.3982362817682, 2.12542243392144 41.3986368558413, 2.12520801858427 41.3987824755981, 2.12506047004041 41.3988963260474, 2.12442707159445 41.3993616620697, 2.12428648561852 41.3994686098194, 2.12412602152593 41.3995966096768))"
"05","Sarrià-Sant Gervasi","23","Sarrià","095","013","POLYGON ((426671.5755 4583297.6295, 426664.3015 4583306.6505, 426662.8295 4583306.5205, 426626.3215 4583281.5355, 426558.7475 4583236.4695, 426506.3945 4583205.3035, 426499.5505 4583201.8785, 426504.6756 4583172.8939, 426504.3615 4583150.7335, 426504.7975 4583115.4315, 426501.0535 4583074.8755, 426501.0845 4583069.8655, 426503.7935 4583046.8275, 426509.6295 4583003.5545, 426678.7745 4583124.1865, 426675.1595 4583128.9455, 426639.8505 4583183.7735, 426753.8686 4583203.9636, 426729.9155 4583231.1495, 426705.9675 4583257.1355, 426700.2675 4583264.1755, 426689.2745 4583276.5195, 426671.5755 4583297.6295))","POLYGON ((2.12280461575167 41.3978743292356, 2.12271651728565 41.3979549140219, 2.12269892610824 41.3979536089206, 2.12226527348124 41.3977252496728, 2.12146247485202 41.3973131915159, 2.12084005808148 41.3970277101719, 2.12075861241068 41.3969962371956, 2.12082343201563 41.396735654273, 2.1208223648089 41.3965360367268, 2.12083186452318 41.3962181271912, 2.12079200551114 41.3958525151661, 2.12079298439341 41.395807395158, 2.12082818242093 41.3956001497231, 2.12090323718071 41.3952109423688, 2.12291172686735 41.3963128612028, 2.12286791184725 41.3963553938037, 2.12243894079355 41.3968459850335, 2.12380027171756 41.3970382219274, 2.12351047757594 41.3972808911951, 2.12322088752321 41.3975127531969, 2.12315185674473 41.3975756398047, 2.12301887317755 41.3976858146119, 2.12280461575167 41.3978743292356))"
"05","Sarrià-Sant Gervasi","23","Sarrià","096","014","POLYGON ((426619.4675 4583065.3275, 426611.7185 4583076.5845, 426509.6295 4583003.5545, 426516.3355 4582946.7915, 426521.2485 4582908.1615, 426522.4795 4582879.6815, 426523.4575 4582843.1375, 426525.4995 4582814.9975, 426528.7015 4582787.8915, 426531.6355 4582772.8335, 426535.8655 4582756.2535, 426540.8675 4582740.3655, 426545.7055 4582726.7455, 426760.5685 4582872.6165, 426727.3815 4582920.0015, 426679.7995 4582986.5655, 426664.4205 4583009.4735, 426661.2165 4583007.2865, 426627.6815 4583054.3595, 426619.4675 4583065.3275))","POLYGON ((2.1222094930743 41.3957773345316, 2.1221154443696 41.3958780142282, 2.12090323718071 41.3952109423688, 2.12099033370812 41.3947003159687, 2.12105378343034 41.3943528415467, 2.12107196239667 41.3940964472364, 2.12108809358727 41.3937674009034, 2.12111593085493 41.393514142882, 2.12115751646669 41.3932703035958, 2.12119443485317 41.3931349508401, 2.1212470382674 41.3929860084662, 2.12130879083953 41.3928433691157, 2.12136830658298 41.392721141629, 2.12392048484337 41.3940545335984, 2.12351781802941 41.394478286661, 2.12294065004737 41.3950734627884, 2.1227539322621 41.3952783827989, 2.12271587493352 41.3952583932645, 2.12230906824506 41.3956793000754, 2.1222094930743 41.3957773345316))"
"05","Sarrià-Sant Gervasi","23","Sarrià","096","015","POLYGON ((426686.1525 4583115.6265, 426678.7745 4583124.1865, 426611.7185 4583076.5845, 426619.4675 4583065.3275, 426627.6815 4583054.3595, 426661.2165 4583007.2865, 426664.4205 4583009.4735, 426679.7995 4582986.5655, 426727.3815 4582920.0015, 426760.5685 4582872.6165, 426812.1965 4582907.3266, 426882.5595 4582969.0735, 426913.7805 4582990.3005, 426953.8335 4583024.4455, 426933.7775 4583045.0315, 426902.9085 4583054.3555, 426703.2055 4583111.5115, 426686.1525 4583115.6265))","POLYGON ((2.12300101096185 41.3962364377256, 2.12291172686735 41.3963128612028, 2.1221154443696 41.3958780142282, 2.1222094930743 41.3957773345316, 2.12230906824506 41.3956793000754, 2.12271587493352 41.3952583932645, 2.1227539322621 41.3952783827989, 2.12294065004737 41.3950734627884, 2.12351781802941 41.394478286661, 2.12392048484337 41.3940545335984, 2.12453378751263 41.3943718524714, 2.12536791423477 41.3949343804765, 2.12573877675646 41.3951284009063, 2.12621372062143 41.3954395692946, 2.12597135141431 41.3956231565125, 2.12560100773797 41.3957043284442, 2.12320547848572 41.3962009302406, 2.12300101096185 41.3962364377256))"
"05","Sarrià-Sant Gervasi","23","Sarrià","096","016","POLYGON ((426955.7895 4583022.3995, 426953.8335 4583024.4455, 426913.7805 4582990.3005, 426882.5595 4582969.0735, 426812.1965 4582907.3266, 426760.5685 4582872.6165, 426710.0125 4582838.0725, 426714.5335 4582831.8455, 426759.7075 4582764.0965, 426821.9815 4582802.0115, 426832.5195 4582808.8655, 426932.9055 4582868.9735, 426966.1455 4582893.4655, 427017.0655 4582932.4455, 427030.6675 4582943.6955, 426955.7895 4583022.3995))","POLYGON ((2.12623736269297 41.3954213195213, 2.12621372062143 41.3954395692946, 2.12573877675646 41.3951284009063, 2.12536791423477 41.3949343804765, 2.12453378751263 41.3943718524714, 2.12392048484337 41.3940545335984, 2.12331998967535 41.3937388051806, 2.1233748164255 41.3936831332907, 2.12392331077898 41.3930770626157, 2.12466354746927 41.3934242153409, 2.12478875811138 41.3934869051493, 2.12598216428972 41.3940373987177, 2.12637677822294 41.3942610069756, 2.12698111227491 41.3946167057902, 2.12714244515675 41.3947192640171, 2.12623736269297 41.3954213195213))"
"05","Sarrià-Sant Gervasi","23","Sarrià","096","017","POLYGON ((426714.5335 4582831.8455, 426710.0125 4582838.0725, 426545.7055 4582726.7455, 426550.4675 4582715.0415, 426555.3995 4582704.2915, 426564.1815 4582689.1355, 426603.7195 4582633.6315, 426570.9315 4582599.8955, 426555.0975 4582584.2215, 426548.0115 4582578.7775, 426481.7235 4582542.3915, 426470.5335 4582536.0265, 426462.698 4582531.0837, 426475.2875 4582514.6155, 426489.9295 4582484.3995, 426503.4785 4582435.1175, 426618.7135 4582492.9185, 426896.4661 4582581.7638, 426885.3095 4582615.7615, 426864.3475 4582683.5975, 426853.7995 4582714.3695, 426843.9615 4582753.3135, 426838.7475 4582777.0555, 426832.5195 4582808.8655, 426821.9815 4582802.0115, 426759.7075 4582764.0965, 426714.5335 4582831.8455))","POLYGON ((2.1233748164255 41.3936831332907, 2.12331998967535 41.3937388051806, 2.12136830658298 41.392721141629, 2.1214266807584 41.3926161637383, 2.12148697229319 41.3925197935987, 2.12159384468034 41.3923840920537, 2.12207345334675 41.3918878008699, 2.12168539528274 41.3915809626369, 2.12149792044743 41.3914383480113, 2.12141383190472 41.3913886691835, 2.12062544294177 41.3910548999679, 2.12049238375996 41.3909965502914, 2.12039927173863 41.3909513163012, 2.1205518403856 41.3908041453799, 2.12073062447058 41.3905333414052, 2.12089864841494 41.3900907180967, 2.12226983124507 41.3906218281264, 2.12558099784911 41.3914473125037, 2.12544346037809 41.3917525011546, 2.12518456139175 41.3923615651011, 2.12505468867251 41.39263775605, 2.12493231953595 41.3929876130987, 2.12486709033187 41.3932009727761, 2.12478875811138 41.3934869051493, 2.12466354746927 41.3934242153409, 2.12392331077898 41.3930770626157, 2.1233748164255 41.3936831332907))"
"05","Sarrià-Sant Gervasi","23","Sarrià","096","018","POLYGON ((426940.7035 4582873.2775, 426940.3475 4582874.6295, 426932.9055 4582868.9735, 426832.5195 4582808.8655, 426838.7475 4582777.0555, 426843.9615 4582753.3135, 426853.7995 4582714.3695, 426864.3475 4582683.5975, 426885.3095 4582615.7615, 426896.4661 4582581.7638, 427021.0109 4582621.6023, 426975.1375 4582760.2035, 426962.0375 4582809.1015, 426942.6695 4582866.6835, 426940.7035 4582873.2775))","POLYGON ((2.1260749131723 41.3940768714429, 2.12607049211939 41.3940890159856, 2.12598216428972 41.3940373987177, 2.12478875811138 41.3934869051493, 2.12486709033187 41.3932009727761, 2.12493231953595 41.3929876130987, 2.12505468867251 41.39263775605, 2.12518456139175 41.3923615651011, 2.12544346037809 41.3917525011546, 2.12558099784911 41.3914473125037, 2.12706575899448 41.3918174314405, 2.12650039638347 41.3930615896828, 2.12633781883949 41.3935008034963, 2.12609922304157 41.3940176607139, 2.1260749131723 41.3940768714429))"
"05","Sarrià-Sant Gervasi","23","Sarrià","096","019","POLYGON ((427042.4775 4582931.1795, 427030.6675 4582943.6955, 427017.0655 4582932.4455, 426966.1455 4582893.4655, 426940.3475 4582874.6295, 426942.6695 4582866.6835, 426962.0375 4582809.1015, 426975.1375 4582760.2035, 427021.0109 4582621.6023, 427211.1901 4582682.4354, 427232.4773 4582697.5797, 427236.289 4582701.4627, 427241.7075 4582705.5552, 427246.5284 4582708.4477, 427251.9586 4582710.739, 427239.5805 4582724.2955, 427218.5775 4582748.3375, 427093.9135 4582878.1515, 427042.4775 4582931.1795))","POLYGON ((2.12728520826181 41.3946076092479, 2.12714244515675 41.3947192640171, 2.12698111227491 41.3946167057902, 2.12637677822294 41.3942610069756, 2.12607049211939 41.3940890159856, 2.12609922304157 41.3940176607139, 2.12633781883949 41.3935008034963, 2.12650039638347 41.3930615896828, 2.12706575899448 41.3918174314405, 2.12933301387962 41.3923825636898, 2.12958579402577 41.3925208883418, 2.12963091640096 41.392556205761, 2.1296952314094 41.3925935554038, 2.12975254318484 41.3926200430543, 2.12981721461701 41.392641171033, 2.12966754050511 41.3927621490188, 2.12941344921452 41.3929767848325, 2.1279067990729 41.39413467324, 2.12728520826181 41.3946076092479))"
"05","Sarrià-Sant Gervasi","24","les Tres Torres","097","020","POLYGON ((427239.5805 4582724.2955, 427251.9586 4582710.739, 427257.879 4582713.2102, 427265.4197 4582715.3533, 427274.2875 4582715.0552, 427281.3741 4582712.5752, 427286.2958 4582709.0648, 427322.9655 4582690.7715, 427474.0843 4582658.7207, 427508.2625 4582682.7115, 427424.4425 4582802.2875, 427446.8535 4582817.7295, 427467.4815 4582832.8035, 427482.3975 4582845.5075, 427490.3464 4582853.1244, 427480.5615 4582869.7155, 427455.1295 4582904.9695, 427440.2045 4582892.0034, 427453.367979 4582876.9659825, 427444.4311 4582869.3521, 427401.6691 4582833.6771, 427390.699 4582846.848, 427387.0133 4582847.3805, 427239.5805 4582724.2955))","POLYGON ((2.12966754050511 41.3927621490188, 2.12981721461701 41.392641171033, 2.12988772741237 41.3926639635966, 2.12997765890668 41.392683947594, 2.13008375609393 41.3926820646576, 2.13016881160088 41.392660369112, 2.13022809796426 41.3926291973928, 2.13066887280376 41.392467751742, 2.13248012928157 41.3921927249484, 2.13288603590916 41.3924118815605, 2.13186919935225 41.3934812937352, 2.13213539468866 41.3936223955269, 2.13238030970724 41.3937600214818, 2.13255719110846 41.3938757862771, 2.13265135201548 41.3939451052658, 2.13253233275481 41.3940936521621, 2.13222392896878 41.3944088766149, 2.1320469704973 41.3942907498717, 2.13220621478461 41.3941565016515, 2.13210023692578 41.3940871203466, 2.13159305675259 41.3937619513946, 2.13146026991186 41.3938795858577, 2.1314161232279 41.3938840490927, 2.12966754050511 41.3927621490188))"
"05","Sarrià-Sant Gervasi","24","les Tres Torres","097","021","POLYGON ((427624.6169 4583032.7816, 427614.0731 4583033.7027, 427569.8845 4583004.5985, 427535.4275 4582974.9855, 427520.8295 4582961.9775, 427485.3595 4582931.4865, 427455.1295 4582904.9695, 427480.5615 4582869.7155, 427490.3464 4582853.1244, 427482.3975 4582845.5075, 427467.4815 4582832.8035, 427446.8535 4582817.7295, 427424.4425 4582802.2875, 427508.2625 4582682.7115, 427474.0843 4582658.7207, 427803.1027 4582588.9391, 427774.6495 4582625.7575, 427751.3941 4582659.6637, 427736.9595 4582705.7135, 427667.8475 4582932.5135, 427659.7495 4582957.0715, 427656.0175 4582967.2635, 427651.7095 4582980.4925, 427641.7347 4583006.429, 427634.403 4583022.8119, 427624.6169 4583032.7816))","POLYGON ((2.13423582602567 41.3955752986133, 2.13410960337075 41.3955826455781, 2.13358455238136 41.3953165373499, 2.13317596358258 41.3950467211626, 2.13300291781666 41.3949282479585, 2.13258232285778 41.3946504306118, 2.13222392896878 41.3944088766149, 2.13253233275481 41.3940936521621, 2.13265135201548 41.3939451052658, 2.13255719110846 41.3938757862771, 2.13238030970724 41.3937600214818, 2.13213539468866 41.3936223955269, 2.13186919935225 41.3934812937352, 2.13288603590916 41.3924118815605, 2.13248012928157 41.3921927249484, 2.13642357624372 41.3915938322757, 2.13607888251478 41.3919228862121, 2.13579669953347 41.3922261769936, 2.13561856415054 41.3926396321356, 2.13476487633071 41.3946761145281, 2.13466508526413 41.3948965699712, 2.13461923034498 41.394988029419, 2.13456612307482 41.3951067900387, 2.13444371794557 41.3953394919958, 2.1343540672753 41.3954863863131, 2.13423582602567 41.3955752986133))"
"05","Sarrià-Sant Gervasi","24","les Tres Torres","098","022","POLYGON ((427102.1015 4582870.8635, 427101.5705 4582870.0915, 427105.3055 4582866.1595, 427218.5775 4582748.3375, 427239.5805 4582724.2955, 427387.0133 4582847.3805, 427390.699 4582846.848, 427401.6691 4582833.6771, 427453.3684 4582876.9655, 427440.2045 4582892.0034, 427485.3595 4582931.4865, 427520.8295 4582961.9775, 427535.4275 4582974.9855, 427569.8845 4583004.5985, 427614.0731 4583033.7027, 427601.3745 4583063.6695, 427597.3495 4583071.9025, 427594.6875 4583076.5315, 427585.1005 4583090.4735, 427529.4515 4583167.7495, 427501.1015 4583142.4925, 427489.5155 4583132.9655, 427479.5035 4583123.9185, 427448.4335 4583097.5555, 427377.3395 4583036.1475, 427338.3955 4583003.2715, 427303.5785 4582973.2885, 427287.3535 4582993.0915, 427253.6355 4583032.8875, 427244.0895 4583043.7365, 427231.9735 4583028.2435, 427148.8855 4582910.6235, 427145.8155 4582907.2765, 427143.1015 4582904.8595, 427107.6115 4582877.1415, 427105.3695 4582875.0615, 427102.1015 4582870.8635))","POLYGON ((2.12800560927028 41.3940697755572, 2.1279993511579 41.3940627743489, 2.12804449701901 41.3940276990439, 2.12941344921452 41.3929767848325, 2.12966754050511 41.3927621490188, 2.1314161232279 41.3938840490927, 2.13146026991186 41.3938795858577, 2.13159305675259 41.3937619513946, 2.13220621987781 41.3941564973438, 2.1320469704973 41.3942907498717, 2.13258232285778 41.3946504306118, 2.13300291781666 41.3949282479585, 2.13317596358258 41.3950467211626, 2.13358455238136 41.3953165373499, 2.13410960337075 41.3955826455781, 2.13395413482397 41.3958514010363, 2.13390500790919 41.3959251898866, 2.13387261452782 41.3959666416995, 2.13375627812696 41.3960913482728, 2.13308141649871 41.3967823279212, 2.13274534497498 41.3965522932252, 2.13260790567722 41.3964654428843, 2.13248923582186 41.3963830574894, 2.13212076724777 41.3961428144145, 2.13127778218276 41.3955833210816, 2.13081592498268 41.3952837029134, 2.13040308656842 41.395010512029, 2.13020664623749 41.3951874024634, 2.1297985732462 41.3955427788255, 2.12968309191164 41.395639627587, 2.1295400363492 41.3954989924383, 2.12856038773606 41.3944321163691, 2.12852407135581 41.3944016932508, 2.12849190109218 41.3943796784885, 2.128070756142 41.3941268182681, 2.12804419097652 41.3941078813791, 2.12800560927028 41.3940697755572))"
"05","Sarrià-Sant Gervasi","24","les Tres Torres","098","023","POLYGON ((427110.6685 4583199.0135, 427073.3285 4583242.4425, 426967.1195 4583152.7535, 426951.2875 4583138.8295, 426938.7175 4583125.9335, 426928.1275 4583112.5355, 426920.2975 4583100.4935, 426914.7955 4583090.3435, 426910.3675 4583080.4975, 426904.8598 4583063.6635, 426902.9085 4583054.3555, 426933.7775 4583045.0315, 426958.2755 4583019.8615, 427042.4775 4582931.1795, 427101.5705 4582870.0915, 427104.6835 4582874.2475, 427107.0295 4582876.6455, 427143.1015 4582904.8595, 427145.8155 4582907.2765, 427148.8855 4582910.6235, 427231.9735 4583028.2435, 427244.0895 4583043.7365, 427145.9175 4583158.6045, 427155.8375 4583167.1895, 427156.7135 4583168.7435, 427157.1155 4583170.4795, 427157.0135 4583172.2595, 427156.4135 4583173.9395, 427155.6055 4583175.1175, 427127.2155 4583207.4675, 427125.9995 4583208.4015, 427124.5435 4583208.8845, 427123.0115 4583208.8595, 427121.5735 4583208.3315, 427110.6685 4583199.0135))","POLYGON ((2.12806857629328 41.3970260590509, 2.12761671931499 41.3974138198836, 2.12635715649668 41.396596390757, 2.12616946990147 41.3964695452996, 2.12602067658829 41.3963522546652, 2.1258956270096 41.3962306224645, 2.12580342631986 41.3961214538588, 2.12573884250817 41.3960295371842, 2.12568706815242 41.3959404560848, 2.12562322332754 41.3957883389344, 2.12560100773797 41.3957043284442, 2.12597135141431 41.3956231565125, 2.1262674033032 41.3953986866495, 2.12728520826181 41.3946076092479, 2.1279993511579 41.3940627743489, 2.12803608402887 41.3941004878473, 2.12806385480881 41.3941222982555, 2.12849190109218 41.3943796784885, 2.12852407135581 41.3944016932508, 2.12856038773606 41.3944321163691, 2.1295400363492 41.3954989924383, 2.12968309191164 41.395639627587, 2.12849505407845 41.3966653067766, 2.12861267449077 41.3967435268726, 2.12862296540051 41.3967576024391, 2.12862756489341 41.396773274264, 2.12862613073606 41.3967892967235, 2.12861875201342 41.3968043734144, 2.12860894578335 41.3968149099634, 2.12826547871797 41.3971037003015, 2.12825082162734 41.397112002241, 2.1282333481515 41.3971162204649, 2.12821502677218 41.3971158564602, 2.1281978902764 41.3971109706667, 2.12806857629328 41.3970260590509))"
"05","Sarrià-Sant Gervasi","24","les Tres Torres","098","024","POLYGON ((427123.2925 4583281.3715, 427117.6075 4583281.6235, 427101.9075 4583266.7695, 427073.3285 4583242.4425, 427110.6685 4583199.0135, 427121.5735 4583208.3315, 427123.0115 4583208.8595, 427124.5435 4583208.8845, 427125.9995 4583208.4015, 427127.2155 4583207.4675, 427155.6055 4583175.1175, 427156.4135 4583173.9395, 427157.0135 4583172.2595, 427157.1155 4583170.4795, 427156.7135 4583168.7435, 427155.8375 4583167.1895, 427145.9175 4583158.6045, 427253.6355 4583032.8875, 427287.3535 4582993.0915, 427303.5785 4582973.2885, 427338.3955 4583003.2715, 427377.3395 4583036.1475, 427448.4335 4583097.5555, 427479.5035 4583123.9185, 427489.5155 4583132.9655, 427501.1015 4583142.4925, 427529.4515 4583167.7495, 427523.9615 4583175.5115, 427520.5475 4583181.0605, 427514.7285 4583192.7095, 427510.3175 4583204.9615, 427507.3805 4583217.6345, 427506.4265 4583226.6185, 427505.9235 4583235.6505, 427505.8755 4583244.6945, 427506.2785 4583253.7315, 427507.9945 4583269.1355, 427511.1505 4583277.9615, 427380.8115 4583279.0775, 427146.3535 4583280.3495, 427123.2925 4583281.3715))","POLYGON ((2.12820966037393 41.3977689663676, 2.12814163057074 41.3977707207742, 2.12795562796021 41.3976355140433, 2.12761671931499 41.3974138198836, 2.12806857629328 41.3970260590509, 2.1281978902764 41.3971109706667, 2.12821502677218 41.3971158564602, 2.1282333481515 41.3971162204649, 2.12825082162734 41.397112002241, 2.12826547871797 41.3971037003015, 2.12860894578335 41.3968149099634, 2.12861875201342 41.3968043734144, 2.12862613073606 41.3967892967235, 2.12862756489341 41.396773274264, 2.12862296540051 41.3967576024391, 2.12861267449077 41.3967435268726, 2.12849505407845 41.3966653067766, 2.1297985732462 41.3955427788255, 2.13020664623749 41.3951874024634, 2.13040308656842 41.395010512029, 2.13081592498268 41.3952837029134, 2.13127778218276 41.3955833210816, 2.13212076724777 41.3961428144145, 2.13248923582186 41.3963830574894, 2.13260790567722 41.3964654428843, 2.13274534497498 41.3965522932252, 2.13308141649871 41.3967823279212, 2.13301482131201 41.3968517422332, 2.13297332205601 41.3969014120554, 2.13290232612549 41.397005805231, 2.13284809900816 41.3971157562547, 2.13281145199791 41.3972296319027, 2.13279896547463 41.3973104610293, 2.13279186765223 41.3973917631278, 2.13279021070551 41.3974732143234, 2.13279394908491 41.3975546431305, 2.13281263023723 41.3976935352077, 2.13284932316425 41.3977733118029, 2.13129017578974 41.397771602882, 2.12848562078939 41.3977618513293, 2.12820966037393 41.3977689663676))"
"05","Sarrià-Sant Gervasi","24","les Tres Torres","099","025","POLYGON ((427554.2635 4583569.6005, 427553.6485 4583570.6675, 427418.1465 4583493.5695, 427397.9715 4583521.4965, 427364.9105 4583492.5455, 427313.892 4583449.542, 427306.0175 4583442.2955, 427253.6855 4583396.9335, 427230.7455 4583378.0635, 427214.4675 4583363.1175, 427162.4835 4583319.3355, 427142.1195 4583301.4895, 427117.6075 4583281.6235, 427146.3535 4583280.3495, 427380.8115 4583279.0775, 427511.1505 4583277.9615, 427516.6345 4583291.6735, 427522.9905 4583303.2265, 427555.2195 4583354.9115, 427591.7855 4583408.8735, 427608.6795 4583432.8445, 427622.1365 4583450.9355, 427614.3395 4583463.7395, 427574.0695 4583534.2025, 427554.2635 4583569.6005))","POLYGON ((2.13333011078117 41.4004038672065, 2.13332262664705 41.4004134218124, 2.13171103466966 41.3997068123996, 2.13146636090646 41.399956517577, 2.13107437119288 41.3996927823462, 2.13046927273646 41.3993008578159, 2.13037595200715 41.3992348798134, 2.12975543407663 41.398821590829, 2.12948330739793 41.3986495610991, 2.12929039689475 41.398513475582, 2.12867386517781 41.3981144427297, 2.12843243325161 41.3979518666123, 2.12814163057074 41.3977707207742, 2.12848562078939 41.3977618513293, 2.13129017578974 41.397771602882, 2.13284932316425 41.3977733118029, 2.13291327703117 41.3978973043922, 2.13298791980243 41.3980019303339, 2.1333672353559 41.3984703397617, 2.13379816077297 41.3989596465014, 2.13399737128218 41.3991770644124, 2.13415617428439 41.399341213911, 2.13406137950465 41.3994558323012, 2.13357125909186 41.400086836641, 2.13333011078117 41.4004038672065))"
"05","Sarrià-Sant Gervasi","24","les Tres Torres","099","026","POLYGON ((427411.9775 4583819.2775, 427399.4715 4583841.1875, 427359.0675 4583819.5275, 427288.2895 4583779.4955, 427233.6845 4583747.9525, 427311.4135 4583640.6055, 427338.5215 4583602.5895, 427356.1995 4583578.5555, 427366.7475 4583564.8655, 427381.3125 4583544.1005, 427418.1465 4583493.5695, 427553.6485 4583570.6675, 427411.9775 4583819.2775))","POLYGON ((2.13159818978528 41.4026397683189, 2.13144596383849 41.4028359730532, 2.13096524449079 41.4026372411927, 2.13012339892071 41.4022702922659, 2.12947400343202 41.4019812578966, 2.13041668618537 41.4010214608443, 2.13074550984071 41.4006815172988, 2.13095985359491 41.4004666507294, 2.13108766819045 41.4003443036747, 2.13126438096756 41.4001585977744, 2.13171103466966 41.3997068123996, 2.13332262664705 41.4004134218124, 2.13159818978528 41.4026397683189))"
"05","Sarrià-Sant Gervasi","24","les Tres Torres","099","027","POLYGON ((427300.4055 4583655.7895, 427295.3495 4583662.7495, 427258.8795 4583638.0375, 427210.2675 4583604.0695, 427172.0355 4583578.3415, 426998.7225 4583458.7605, 427107.4015 4583308.3195, 427117.6075 4583281.6235, 427142.1195 4583301.4895, 427162.4835 4583319.3355, 427214.4675 4583363.1175, 427230.7455 4583378.0635, 427253.6855 4583396.9335, 427306.0175 4583442.2955, 427313.892 4583449.542, 427364.9105 4583492.5455, 427397.9715 4583521.4965, 427381.3125 4583544.1005, 427366.7475 4583564.8655, 427356.1995 4583578.5555, 427338.5215 4583602.5895, 427300.4055 4583655.7895))","POLYGON ((2.13028318713885 41.401157221336, 2.13022187221629 41.4012194498799, 2.12978859299354 41.4009935808779, 2.12921118997221 41.4006832463396, 2.12875696354511 41.4004480633118, 2.12669826500813 41.3993553325873, 2.12801634060355 41.3980102350474, 2.12814163057074 41.3977707207742, 2.12843243325161 41.3979518666123, 2.12867386517781 41.3981144427297, 2.12929039689475 41.398513475582, 2.12948330739793 41.3986495610991, 2.12975543407663 41.398821590829, 2.13037595200715 41.3992348798134, 2.13046927273646 41.3993008578159, 2.13107437119288 41.3996927823462, 2.13146636090646 41.399956517577, 2.13126438096756 41.4001585977744, 2.13108766819045 41.4003443036747, 2.13095985359491 41.4004666507294, 2.13074550984071 41.4006815172988, 2.13028318713885 41.401157221336))"
"05","Sarrià-Sant Gervasi","24","les Tres Torres","099","028","POLYGON ((426836.3855 4583683.6735, 426815.5435 4583712.4805, 426711.6635 4583637.3155, 426680.6635 4583613.1135, 426737.1975 4583543.0205, 426765.1995 4583509.0815, 426783.9715 4583487.7175, 426797.2415 4583473.3715, 426821.8135 4583448.3995, 426861.2995 4583409.1835, 426873.506 4583396.4194, 426891.2666 4583380.0719, 426937.2055 4583335.1325, 426948.3535 4583324.9975, 426964.3155 4583313.5375, 426973.8795 4583307.7595, 426982.4035 4583303.2335, 426994.1435 4583297.9475, 427002.0675 4583294.9095, 427009.2895 4583292.3615, 427019.3175 4583289.4415, 427029.8895 4583287.0715, 427039.4975 4583285.5675, 427074.5835 4583283.1895, 427117.6075 4583281.6235, 427107.4015 4583308.3195, 426836.3855 4583683.6735))","POLYGON ((2.12472929174359 41.4013662696064, 2.12447650019988 41.4016238245965, 2.1232429975931 41.4009373847445, 2.12287511375284 41.4007165818711, 2.12355984067286 41.4000904387457, 2.12389889540809 41.3997873162058, 2.12412602152593 41.3995966096768, 2.12428648561852 41.3994686098194, 2.12458342212866 41.3992459347024, 2.12506047004041 41.3988963260474, 2.12520801858427 41.3987824755981, 2.12542243392144 41.3986368558413, 2.12597734858485 41.3982362817682, 2.12611191582888 41.3981460130961, 2.12630422401105 41.3980442478238, 2.12641931831666 41.3979930765125, 2.1265218217742 41.3979530868672, 2.12666288406004 41.3979065441278, 2.12675803110619 41.3978799015647, 2.12684472223023 41.3978576084184, 2.12696502130848 41.3978322194379, 2.12709176091094 41.3978118333084, 2.12720686547801 41.3977991592592, 2.12762682296782 41.3977809243609, 2.12814163057074 41.3977707207742, 2.12801634060355 41.3980102350474, 2.12472929174359 41.4013662696064))"
"05","Sarrià-Sant Gervasi","24","les Tres Torres","099","029","POLYGON ((427034.0025 4583835.0595, 427016.3915 4583858.6305, 426815.5435 4583712.4805, 426998.7225 4583458.7605, 427172.0355 4583578.3415, 427210.2675 4583604.0695, 427258.8795 4583638.0375, 427295.3495 4583662.7495, 427233.6845 4583747.9525, 427153.6695 4583703.2335, 427136.8105 4583694.1345, 427071.8135 4583784.0555, 427034.0025 4583835.0595))","POLYGON ((2.127074911892 41.4027476952014, 2.12686140512634 41.4029583902954, 2.12447650019988 41.4016238245965, 2.12669826500813 41.3993553325873, 2.12875696354511 41.4004480633118, 2.12921118997221 41.4006832463396, 2.12978859299354 41.4009935808779, 2.13022187221629 41.4012194498799, 2.12947400343202 41.4019812578966, 2.12852224664192 41.401571247557, 2.12832167603206 41.4014877691619, 2.12753335626565 41.402291755269, 2.127074911892 41.4027476952014))"
"05","Sarrià-Sant Gervasi","24","les Tres Torres","099","030","POLYGON ((427289.3155 4584035.4115, 427280.9465 4584050.3655, 427150.9755 4583956.0755, 427106.61 4583922.858, 427071.2215 4583898.0395, 427016.3915 4583858.6305, 427071.8135 4583784.0555, 427136.8105 4583694.1345, 427153.6695 4583703.2335, 427228.0375 4583744.6955, 427288.2895 4583779.4955, 427359.0675 4583819.5275, 427399.4715 4583841.1875, 427336.3655 4583951.8895, 427289.3155 4584035.4115))","POLYGON ((2.13010493109685 41.404575309319, 2.13000302064234 41.4047092364951, 2.12845959295492 41.4038482408338, 2.12793287871661 41.4035450440516, 2.12751254223562 41.4033183053531, 2.12686140512634 41.4029583902954, 2.12753335626565 41.402291755269, 2.12832167603206 41.4014877691619, 2.12852224664192 41.401571247557, 2.12940684563871 41.4019514124055, 2.13012339892071 41.4022702922659, 2.13096524449079 41.4026372411927, 2.13144596383849 41.4028359730532, 2.13067779167357 41.4038273169736, 2.13010493109685 41.404575309319))"
"05","Sarrià-Sant Gervasi","25","Sant Gervasi - la Bonanova","100","031","POLYGON ((427151.0842 4584407.7984, 427147.878 4584413.1044, 426950.9845 4584276.0095, 426887.1555 4584230.884, 426977.6935 4584103.1765, 426806.0775 4583976.3455, 426777.8805 4583956.2001, 426775.4804 4583946.9038, 426774.5952 4583946.2312, 426777.3362 4583942.2599, 426790.3232 4583925.6919, 426802.6732 4583909.0252, 426820.9162 4583890.3019, 426824.9094 4583885.4043, 426831.2607 4583886.5034, 426837.698105 4583880.9830815, 426840.3992 4583871.0132, 426828.975127 4583863.8477425, 426832.2072 4583856.9812, 426836.0582 4583846.1119, 426839.8322 4583827.5799, 426841.6202 4583812.7979, 426841.7781 4583793.291845, 426845.2982 4583788.6762, 426849.3049 4583785.1032, 426854.2419 4583782.3502, 426859.3022 4583778.6619, 426863.6739 4583776.6199, 426868.2649 4583770.9112, 426877.2705 4583757.4975, 427034.6235 4583871.7835, 427071.2215 4583898.0395, 427106.61 4583922.858, 427150.9755 4583956.0755, 427522.5375 4584226.2215, 427542.1305 4584237.7984, 427547.8852 4584238.5922, 427556.8481 4584231.7702, 427599.5315 4584275.8675, 427580.2415 4584286.5735, 427561.1027 4584292.8853, 427459.6195 4584331.4075, 427301.9645 4584396.5175, 427151.0842 4584407.7984))","POLYGON ((2.12840652197315 41.4079167190846, 2.12836752723075 41.4079642172872, 2.12602862369899 41.4067115964448, 2.12527049894231 41.4062993685942, 2.12636899173237 41.4051573935801, 2.12433136345744 41.4039994769553, 2.1239964983794 41.4038154687419, 2.1239689122452 41.4037315225472, 2.12395840459405 41.403725384116, 2.1239916736255 41.4036898660532, 2.12414903161151 41.403541828248, 2.12429878087742 41.4033928432739, 2.12451927133473 41.4032258716383, 2.12456763083697 41.4031821246084, 2.12464347343748 41.4031926017669, 2.12472114612702 41.4031434685669, 2.12475466208514 41.4030539200975, 2.1246188715769 41.4029883443737, 2.12465836411382 41.4029267946439, 2.12470574405986 41.4028292501736, 2.12475312888627 41.4026626841531, 2.12477630359757 41.4025297119712, 2.12478054979853 41.4023540439935, 2.12482321516062 41.4023127932353, 2.12487157519513 41.4022809773731, 2.1249309643667 41.4022566315027, 2.12499194141768 41.4022238729869, 2.12504448246765 41.402205879291, 2.12510008972739 41.402154881181, 2.12520943503075 41.4020348890453, 2.12707791370803 41.403078508441, 2.12751254223562 41.4033183053531, 2.12793287871661 41.4035450440516, 2.12845959295492 41.4038482408338, 2.1328719929402 41.406314912617, 2.1331049939059 41.4064209470223, 2.13317374126627 41.406428615121, 2.13328177933212 41.4063679800759, 2.13378711717531 41.4067689908609, 2.13355507220437 41.406863677586, 2.13332536131322 41.4069188008, 2.13210671060367 41.4072566020328, 2.13021286935247 41.4078287766834, 2.12840652197315 41.4079167190846))"
"05","Sarrià-Sant Gervasi","25","Sant Gervasi - la Bonanova","100","032","POLYGON ((427207.9327 4585449.2303, 427204.9598 4585450.9333, 427197.2365 4585437.4875, 427192.3995 4585428.0675, 427185.2015 4585412.6435, 427173.9955 4585387.6815, 427166.6815 4585379.3535, 427162.1795 4585376.3375, 427154.7635 4585372.7855, 427149.7215 4585371.8975, 427128.3655 4585371.1575, 427114.1295 4585372.0455, 427094.7015 4585374.5615, 427072.3505 4585380.3075, 427056.8115 4585386.0945, 427044.1315 4585389.6375, 427034.1155 4585390.7765, 427026.0015 4585390.5235, 427021.6536 4585389.5748, 427016.356 4585387.2666, 427010.8197 4585383.4264, 427008.7197 4585380.92, 427006.9487 4585377.5875, 426991.0975 4585326.6595, 426985.8885 4585311.5835, 426981.7365 4585303.5915, 426972.6895 4585294.7115, 426963.3455 4585289.6795, 426929.3855 4585274.4355, 426923.1575 4585270.1435, 426916.4055 4585261.6735, 426909.5135 4585248.5355, 426889.9555 4585202.4415, 426884.8955 4585191.2595, 426883.4115 4585181.0475, 426886.4015 4585166.3335, 426896.7755 4585127.6475, 426901.5635 4585118.0735, 426916.1055 4585100.6755, 426917.0045 4585086.3105, 426891.4155 4585081.1455, 426865.8235 4585077.5215, 426854.0195 4585073.7195, 426834.8295 4585065.2375, 426827.2675 4585060.7955, 426814.7915 4585051.4955, 426804.4275 4585045.8475, 426795.1155 4585043.3315, 426778.9515 4585045.4035, 426763.5115 4585049.0315, 426746.0275 4585056.7995, 426738.7615 4585063.3135, 426731.7035 4585071.3335, 426727.3415 4585077.0775, 426724.6735 4585082.5535, 426722.7455 4585090.6935, 426722.5955 4585098.8335, 426724.1755 4585108.7915, 426732.9375 4585143.3335, 426741.0785 4585181.2415, 426741.4315 4585188.2995, 426738.6135 4585196.8835, 426729.8635 4585215.9735, 426725.1415 4585235.6435, 426721.8555 4585238.1755, 426715.4775 4585239.0635, 426707.9155 4585235.5115, 426683.5955 4585210.9415, 426676.0315 4585204.4295, 426667.7255 4585202.8015, 426662.8315 4585205.4655, 426659.8655 4585208.2775, 426658.383500001 4585213.6055, 426657.5785 4585219.7415, 426655.7145 4585253.5675, 426650.7965 4585264.2455, 426644.8885 4585271.4755, 426641.9215 4585281.7595, 426640.8835 4585292.5635, 426642.6635 4585308.8455, 426642.3675 4585316.8375, 426639.2535 4585321.1295, 426631.0955 4585324.6815, 426622.4935 4585327.9375, 426616.4135 4585332.1375, 426609.2965 4585338.4455, 426605.5875 4585343.4775, 426602.9195 4585348.9535, 426601.3755 4585354.3555, 426600.1575 4585366.9095, 426600.5465 4585375.0015, 426603.8435 4585385.0435, 426604.1715 4585387.6115, 426604.0855 4585396.9995, 426602.5465 4585401.0975, 426599.3815 4585407.3275, 426596.1315 4585412.1075, 426592.0275 4585413.8995, 426589.2905 4585414.1555, 426585.6985 4585412.7895, 426582.5335 4585410.3995, 426569.7055 4585391.7935, 426565.7695 4585385.4275, 426555.3135 4585366.4175, 426550.4195 4585356.5015, 426548.3435 4585350.5815, 426546.1195 4585339.7775, 426539.8915 4585318.9095, 426534.4035 4585310.7695, 426530.2515 4585306.1815, 426527.1435 4585305.2815, 426522.4495 4585303.3755, 426518.5075 4585303.3755, 426514.5655 4585303.9715, 426500.7075 4585311.1255, 426481.5955 4585323.4055, 426474.3095 4585326.0275, 426471.0845 4585326.5055, 426467.1415 4585324.5975, 426463.5575 4585319.8275, 426461.0495 4585314.2255, 426458.8995 4585303.9715, 426459.4975 4585270.7095, 426461.0495 4585260.2175, 426463.9175 4585247.5795, 426472.0395 4585229.2195, 426479.9235 4585214.6755, 426481.5955 4585208.7135, 426481.4755 4585202.9915, 426478.8475 4585196.0755, 426473.4715 4585191.7835, 426465.3495 4585189.1615, 426459.1385 4585189.3995, 426445.2815 4585192.6195, 426423.8975 4585196.7915, 426413.2675 4585197.2695, 426407.5335 4585196.9115, 426386.0315 4585192.8575, 426371.2175 4585189.6395, 426362.8575 4585185.2275, 426359.5481 4585180.9433, 426358.3581 4585177.7225, 426357.9595 4585168.7755, 426360.8255 4585150.1755, 426367.3955 4585130.0275, 426384.2395 4585094.1435, 426396.7835 4585039.7775, 426402.8755 4585026.6635, 426415.9675 4585006.1575, 426420.8955 4584996.6895, 426422.8675 4584988.3295, 426422.6215 4584975.9115, 426418.9255 4584937.9195, 426417.4475 4584929.1895, 426415.3375 4584921.5615, 426412.1275 4584917.5975, 426409.9995 4584916.7135, 426417.0602 4584904.4002, 426474.7702 4584807.9202, 426476.7702 4584805.5802, 426479.5502 4584803.5202, 426487.2602 4584794.5802, 426490.9502 4584792.3602, 426492.9602 4584789.6402, 426507.8702 4584776.9602, 426531.6702 4584755.4202, 426535.0102 4584750.7602, 426536.8702 4584745.7402, 426539.3702 4584742.5802, 426540.4702 4584737.2202, 426541.9102 4584726.3802, 426543.4302 4584724.0202, 426546.6602 4584721.2402, 426553.2602 4584713.2002, 426558.1102 4584699.2402, 426563.1502 4584692.8202, 426566.8802 4584686.8602, 426579.5802 4584674.4802, 426593.5314 4584663.0117, 426600.6880365 4584655.825942, 426606.6113 4584647.4056, 426609.4113 4584644.4836, 426613.7542 4584640.7785, 426616.00812 4584636.6116385, 426616.8432 4584634.0955, 426617.2992 4584629.9155, 426616.7931 4584622.7895, 426615.5130185 4584612.1897545, 426616.061961 4584604.2788935, 426613.7500075 4584597.2978595, 426614.7608 4584584.7324, 426615.3308 4584581.3384, 426612.9201 4584569.0601, 426608.7744 4584532.4104, 426606.9824 4584526.5664, 426614.7302 4584498.1802, 426623.2402 4584462.9802, 426642.3602 4584416.1002, 426648.0921925 4584408.1252105, 426666.9065 4584391.0915, 426640.7955 4584358.4325, 426636.3215 4584353.4495, 426628.5405 4584345.1765, 426610.2645 4584326.8795, 426598.0225 4584315.5255, 426621.9155 4584279.0115, 426642.008500001 4584246.3355, 426668.7595 4584201.9675, 426676.5205 4584188.5065, 426678.3195 4584176.4657, 426679.2599 4584172.1002, 426686.7802 4584155.1002, 426690.120192 4584142.3999325, 426695.3301055 4584132.9400715, 426706.43 4584076.54, 426708.9702 4584069.4199, 426717.9999 4584047.3999, 426734.325189 4584013.182124, 426731.580209 4584012.4459025, 426742.496133 4583992.597119, 426748.4409 4583983.1989, 426758.3360325 4583976.238788, 426759.8219 4583966.6182, 426775.4801505 4583946.9041145, 426777.8805 4583956.2001, 426806.0775 4583976.3455, 426977.6935 4584103.1765, 426887.1555 4584230.884, 426950.9845 4584276.0095, 427147.878 4584413.1044, 427151.0842 4584407.7984, 427301.9645 4584396.5175, 427459.6195 4584331.4075, 427561.1027 4584292.8853, 427580.2415 4584286.5735, 427599.5315 4584275.8675, 427627.6255 4584340.7795, 427641.0375 4584369.3235, 427645.0085 4584380.6495, 427646.8675 4584387.9175, 427648.0025 4584393.8105, 427648.8725 4584402.0695, 427649.4655 4584412.4335, 427649.5495 4584416.5855, 427647.6415 4584476.8775, 427648.4575 4584481.6715, 427649.7875 4584486.3515, 427651.6115 4584490.8615, 427653.7975 4584494.9565, 427630.7205 4584515.5295, 427441.8515 4584681.3655, 427406.2489 4584712.2526, 427397.2572 4584718.2478, 427372.1079 4584740.9149, 427357.1235 4584752.7855, 427283.5815 4584817.6535, 427264.629 4584834.8854, 427253.0135 4584822.3855, 427242.6275 4584822.0855, 427224.3295 4584820.9995, 427177.3755 4584817.7055, 427159.1836 4584817.561, 427151.7125 4584825.8699, 427257.1385 4584929.1515, 427298.5859 4584970.0984, 427309.017 4584981.2274, 427281.545101 4585005.613099, 427264.1702265 4585020.5199915, 427257.6601 4585021.0601, 427251.5141 4585022.4863, 427247.6052 4585024.5013, 427230.7832 4585034.9284, 427214.3352 4585042.5276, 427208.5933 4585045.6296, 427201.2202 4585051.9802, 427202.4212 4585058.0952, 427191.0402 4585071.9962, 427179.9872 4585088.3482, 427171.2372 4585106.3662, 427169.0192 4585112.6012, 427167.4162 4585118.7772, 427165.235204 4585133.9211715, 427172.8562015 4585140.3221985, 427177.118 4585144.551, 427205.4445 4585170.5205, 427204.2205 4585172.2395, 427200.7095 4585179.7855, 427198.8195 4585185.7135, 427196.3895 4585196.4935, 427193.9595 4585211.7195, 427193.4195 4585223.3075, 427195.5795 4585236.3785, 427197.3355 4585243.9915, 427223.6635 4585306.6315, 427230.1115 4585318.8315, 427237.0615 4585333.8235, 427238.5935 4585341.7795, 427240.2935 4585354.2615, 427239.8555 4585364.6075, 427245.3315 4585378.9455, 427247.0495 4585381.8575, 427250.4735 4585385.7035, 427253.3695 4585388.2955, 427259.1515 4585391.9795, 427268.1655 4585392.8695, 427272.8505 4585392.4735, 427280.9555 4585390.8975, 427286.9135 4585389.2975, 427293.008500001 4585387.1535, 427307.2015 4585379.9315, 427313.6575 4585377.8375, 427321.8615 4585374.4775, 427330.1015 4585370.3615, 427344.4015 4585364.7655, 427355.6635 4585359.7735, 427369.4515 4585352.6855, 427383.5935 4585344.0835, 427396.5395 4585337.0625, 427397.8985 4585339.4799, 427351.9442 4585366.4892, 427328.3802 4585379.6802, 427207.9327 4585449.2303))","POLYGON ((2.12896130876315 41.4173015761412, 2.12892553368093 41.4173166449716, 2.12883474426661 41.4171948451346, 2.12877800448894 41.417109565277, 2.12869373883587 41.4169699961847, 2.12856266730213 41.4167441594208, 2.12847616028527 41.4166684900724, 2.12842265847459 41.416640918292, 2.12833435622084 41.4166082548321, 2.12827413732588 41.4165997999507, 2.12801870914376 41.4165911987713, 2.12784827324737 41.4165979054912, 2.12761552058585 41.4166188035775, 2.12734740565244 41.416668527045, 2.12716078878296 41.416719237521, 2.12700864931885 41.4167499965901, 2.12688867363235 41.416759345639, 2.12679162267912 41.4167563301876, 2.1267397158728 41.4167473908385, 2.12667661024902 41.4167261208259, 2.12661083355242 41.4166910310842, 2.12658601017169 41.4166682663569, 2.12656522286701 41.416638091209, 2.12638171521966 41.4161779663416, 2.12632121139093 41.4160417105283, 2.12627249924195 41.4159693530323, 2.12616532803864 41.4158885528961, 2.12605413905323 41.4158423828209, 2.12564966542914 41.4157019999932, 2.12557566906396 41.4156627776213, 2.12549590815265 41.4155858782431, 2.12541503640199 41.4154669235697, 2.12518660637014 41.4150499972643, 2.12512741811772 41.4149488258366, 2.12511089725988 41.4148567160781, 2.12514844888836 41.4147244659398, 2.12527724133961 41.4143769828043, 2.12533568295451 41.4142911897397, 2.12551176852543 41.4141358165733, 2.12552425964751 41.4140065194096, 2.12521873246112 41.4139576732337, 2.12491298357044 41.4139227050506, 2.12477221829599 41.4138873879362, 2.12454365196508 41.4138092476796, 2.12445371639701 41.4137685521731, 2.12430557690085 41.4136836553743, 2.12418226413504 41.4136318426107, 2.12407115882489 41.4136083340099, 2.12387752034496 41.4136255230404, 2.12369235542405 41.4136567918878, 2.12348223440659 41.4137251611776, 2.12339451430839 41.4137831674107, 2.12330910021036 41.4138547563763, 2.12325621694376 41.4139060922153, 2.12322363334339 41.4139551687331, 2.1231995805116 41.4140283061163, 2.12319679995107 41.4141016056126, 2.12321449725519 41.4141914367235, 2.12331514434884 41.4145033392136, 2.12340795492847 41.4148455009843, 2.12341132363989 41.4149091012633, 2.12337656860663 41.4149861564379, 2.12326956842657 41.4151572933923, 2.12321069008272 41.4153340213095, 2.12317106831306 41.4153565262181, 2.12309465167958 41.4153639424152, 2.12300460708057 41.4153312615863, 2.12271661029501 41.4151077527589, 2.12262690108096 41.4150484121285, 2.12252772245181 41.4150329916102, 2.12246884594087 41.415056538406, 2.12243301874174 41.4150815940909, 2.1224146416138 41.4151294456263, 2.1224042663866 41.4151846362194, 2.12237786369397 41.4154891209297, 2.12231772787209 41.4155848437663, 2.12224616514731 41.4156494216931, 2.12220941947341 41.4157417739834, 2.12219569016005 41.4158389857486, 2.12221501253101 41.4159857925114, 2.12221050186623 41.4160577456539, 2.12217272377612 41.4160961173962, 2.12207468616389 41.4161273637938, 2.12197137209837 41.4161559036332, 2.12189811806258 41.4161931758485, 2.12181220093147 41.416249339066, 2.12176721378466 41.4162943211592, 2.12173462784579 41.4163433972124, 2.12171549905101 41.4163919094372, 2.12169940287254 41.4165048661013, 2.12170307523599 41.4165777824315, 2.12174130421031 41.4166685270936, 2.12174491703159 41.4166916858072, 2.12174274898393 41.4167762312057, 2.12172383810999 41.4168129993758, 2.12168521392914 41.4168688209319, 2.12164574863745 41.4169115752495, 2.12159642804474 41.4169273400455, 2.12156364958843 41.4169293956824, 2.1215208381654 41.4169167646168, 2.12148325996872 41.4168949498671, 2.12133203547489 41.4167262023832, 2.12128571537466 41.4166685071789, 2.12116292104566 41.4164963375974, 2.12110557020447 41.4164065816049, 2.12108145051773 41.4163530732332, 2.12105615316272 41.4162555634664, 2.12098417192722 41.4160670460272, 2.12091949908691 41.4159932312282, 2.12087037958758 41.4159515297107, 2.12083330317005 41.4159431396843, 2.12077737323167 41.4159255440695, 2.12073020911335 41.4159251836243, 2.12068297259537 41.4159301910477, 2.12051629912739 41.4159933563552, 2.12028614068137 41.4161022082, 2.12019864830951 41.4161251566999, 2.12016000453515 41.4161291667387, 2.1201130602435 41.4161116215042, 2.1200707591609 41.4160683324375, 2.12004143311292 41.4160176483964, 2.12001695594966 41.4159250987709, 2.12002815430595 41.4156255785611, 2.12004799859085 41.4155312241537, 2.12008384886053 41.4154176621659, 2.12018325542831 41.4152530455722, 2.12027935021364 41.4151227760038, 2.12030007917682 41.4150692320705, 2.12029933882965 41.4150176857633, 2.12026873703192 41.4149551562236, 2.12020493841173 41.4149160083778, 2.12010808285158 41.4148916501309, 2.12003374350882 41.4148932253379, 2.11986756237989 41.4149209581664, 2.11961120980136 41.4149565758694, 2.11948397079493 41.4149599076955, 2.11941541085593 41.4149561582925, 2.11915864708883 41.4149176765318, 2.11898179924073 41.4148873364312, 2.11888231457281 41.4148468336793, 2.11884324138416 41.4148079446972, 2.11882939592618 41.4147788274504, 2.11882571606574 41.4146982095837, 2.11886226975919 41.414530950915, 2.11894332714703 41.4143500895113, 2.11914921892148 41.4140284425768, 2.11930591148073 41.4135399428666, 2.11938039189121 41.4134223892134, 2.11953951928689 41.4132389002179, 2.11959962942445 41.4131540776246, 2.11962423911206 41.4130789636123, 2.11962280614294 41.4129670980594, 2.11958320776042 41.4126245837635, 2.11956658682798 41.4125458214759, 2.11954227073861 41.4124769265131, 2.11950434881245 41.4124409307401, 2.11947899721353 41.412432774127, 2.11956496801636 41.4123225205386, 2.12026712599845 41.411458852179, 2.12029133772546 41.411437959857, 2.12032484709022 41.4114196607079, 2.12041817328026 41.4113398475559, 2.12046258893639 41.4113201905521, 2.12048696635007 41.4112958766206, 2.12066688470692 41.4111830372908, 2.12095423483987 41.4109912124641, 2.12099475908439 41.4109495473194, 2.1210176208634 41.4109045045364, 2.12104791349167 41.4108762723927, 2.12106172416289 41.4108280979164, 2.12108026770236 41.4107305987141, 2.12109873881686 41.4107094822146, 2.12113771858373 41.4106847392431, 2.1212176539501 41.4106129298508, 2.12127737148832 41.4104876418222, 2.12133844677907 41.4104302803808, 2.12138379395508 41.4103769422282, 2.1215372325321 41.4102666015275, 2.12170552869523 41.4101645843419, 2.12179201846842 41.4101005191283, 2.12186390243177 41.410025221903, 2.12189775444599 41.4099991604723, 2.12195015977627 41.4099661868846, 2.1219776297087 41.4099288636813, 2.12198792525646 41.4099062782312, 2.12199388748472 41.4098686725424, 2.12198869698222 41.4098044457606, 2.1219746683209 41.4097088618999, 2.12198219488854 41.4096376625608, 2.12195538276755 41.409574576544, 2.12196899908108 41.4094614975596, 2.12197622977523 41.4094309814145, 2.12194887882942 41.4093201763584, 2.1219037274318 41.4089897109645, 2.12188299806672 41.4089369131403, 2.12197912917715 41.4086819591536, 2.12208520401262 41.4083657058936, 2.12231962184157 41.4079452244663, 2.1223891606191 41.4078739204851, 2.122616301075 41.4077222223123, 2.12230789362977 41.4074256952112, 2.12225497540364 41.4073804073087, 2.12216289466405 41.4073051860236, 2.12194647882016 41.4071387250073, 2.12180140599263 41.4070353469973, 2.12209166240014 41.4067086635294, 2.12233599216245 41.4064161996297, 2.1226613841573 41.4060190380464, 2.12275585748586 41.4058985088865, 2.12277883703428 41.4057902269751, 2.12279061557183 41.4057509946774, 2.12288263753863 41.4055985692862, 2.12292413092218 41.4054844883458, 2.12298760079461 41.4053997627679, 2.12312721402906 41.4048928049981, 2.12315846333001 41.4048289090725, 2.12326914702256 41.4046314080656, 2.12346857936587 41.4043247119939, 2.12343583194747 41.4043178310135, 2.12356881481869 41.4041400567543, 2.12364106563357 41.4040559529187, 2.12376027682902 41.4039941678665, 2.12377921535535 41.403907654929, 2.12396890922256 41.403731525357, 2.1239964983794 41.4038154687419, 2.12433136345744 41.4039994769553, 2.12636899173237 41.4051573935801, 2.12527049894231 41.4062993685942, 2.12602862369899 41.4067115964448, 2.12836752723075 41.4079642172872, 2.12840652197315 41.4079167190846, 2.13021286935247 41.4078287766834, 2.13210671060367 41.4072566020328, 2.13332536131322 41.4069188008, 2.13355507220437 41.406863677586, 2.13378711717531 41.4067689908609, 2.13411543981347 41.4073561551146, 2.13427247453116 41.407614446031, 2.13431862561182 41.4077168118784, 2.13433999598996 41.4077824389519, 2.13435286953097 41.4078356168229, 2.13436229001022 41.4079100803819, 2.13436814507008 41.4080034778343, 2.1343686535842 41.4080408806678, 2.13433861954346 41.408583732934, 2.13434780835828 41.4086269838682, 2.13436315991314 41.4086692543176, 2.13438444164978 41.408710038112, 2.13441010372001 41.4087471167585, 2.13413156769129 41.4089303314943, 2.1318521921631 41.4104069166375, 2.13142255358919 41.4106818883321, 2.13131426126148 41.4107350722768, 2.13101066449197 41.4109369526622, 2.13082997152105 41.4110425117244, 2.12994234509535 41.4116200986554, 2.12971353056946 41.4117735837222, 2.12957606814324 41.4116599514668, 2.12945184860315 41.4116563093751, 2.12923306636272 41.4116448716253, 2.1286717166412 41.4116109510998, 2.12845409072565 41.4116080011506, 2.12836370799666 41.411682158531, 2.12961258250074 41.4126219182208, 2.13010353635412 41.4129944588985, 2.13022699699856 41.4130956363289, 2.12989539151067 41.4133127821204, 2.129685725244 41.4134454694792, 2.1296077725759 41.4134497447744, 2.12953406979313 41.4134620336035, 2.12948706105248 41.4134798279564, 2.12928454690679 41.4135722171497, 2.12908684699036 41.4136391702368, 2.1290177769767 41.413666588501, 2.1289288001132 41.4137231176333, 2.12894243324106 41.4137783014554, 2.12880459634751 41.4139024704618, 2.12867038816553 41.4140487440587, 2.12856353242718 41.414210231099, 2.12853624517289 41.4142661859039, 2.12851632298506 41.4143216650511, 2.12848840579229 41.4144578622449, 2.12857881491032 41.4145162040368, 2.12862929523087 41.4145546771232, 2.12896507682383 41.4147911389278, 2.12895022563181 41.4148065103063, 2.12890731078839 41.4148741556498, 2.12888398479408 41.4149273752344, 2.12885361408972 41.415024245647, 2.12882270821834 41.4151611591446, 2.12881485281515 41.4152654780546, 2.1288391228924 41.4153833982784, 2.12885921625965 41.4154521241801, 2.12916668057515 41.4160186788134, 2.12924236044761 41.4161291425676, 2.12932371096736 41.4162647979968, 2.12934108377121 41.4163365927735, 2.1293599222789 41.416449166374, 2.12935343732975 41.4165423084131, 2.12941723130241 41.4166719400311, 2.12943743639242 41.4166983226266, 2.12947794093081 41.4167332717783, 2.12951227895979 41.4167568789122, 2.12958101582328 41.4167905824293, 2.12968875863868 41.4167994141566, 2.1297448608883 41.4167962715889, 2.1298420242729 41.4167828107673, 2.12991350229446 41.4167689394353, 2.12998668483624 41.4167501808939, 2.13015736765305 41.4166864196627, 2.13023486327625 41.416668143945, 2.13033342522149 41.4166386239832, 2.13043250862777 41.4166022982428, 2.13060427555073 41.4165531906589, 2.13073962106761 41.4165092481411, 2.13090544076289 41.4164466560493, 2.13107567736873 41.4163704597907, 2.13123141414393 41.4163083945724, 2.13124738392536 41.4163302897839, 2.13069431439485 41.4165693971727, 2.13041079432456 41.4166860718773, 2.12896130876315 41.4173015761412))"
"05","Sarrià-Sant Gervasi","25","Sant Gervasi - la Bonanova","101","033","POLYGON ((427199.3235 4585741.2615, 427196.5415 4585741.5395, 427190.9795 4585740.9835, 427188.0595 4585739.3175, 427184.025500001 4585734.5995, 427170.3955 4585720.8575, 427164.1385 4585716.6935, 427159.1315 4585715.8615, 427149.1175 4585719.3315, 427141.4695 4585720.9955, 427135.4875 4585719.3315, 427117.7035 4585705.0095, 427095.096 4585694.1715, 427084.1819 4585680.7396, 427084.8306 4585666.7797, 427122.8655 4585639.7555, 427131.4675 4585632.7995, 427140.4155 4585618.2035, 427143.1695 4585612.1935, 427144.2015 4585605.6685, 427143.1695 4585600.6875, 427136.4575 4585591.4135, 427125.6175 4585580.4235, 427121.1455 4585573.8995, 427120.4575 4585565.9995, 427121.1455 4585559.6455, 427123.8975 4585554.8375, 427129.9195 4585548.1395, 427140.5875 4585540.6695, 427159.5155 4585525.9015, 427179.6455 4585505.9815, 427199.6915 4585478.2475, 427205.0255 4585469.7475, 427205.9715 4585464.1675, 427205.324702 4585462.5892055, 427247.8262 4585438.1872, 427260.8652 4585431.0902, 427265.1082 4585428.2642, 427268.6399 4585428.1602, 427283.1802 4585420.2202, 427369.4772 4585367.9322, 427379.9131495 4585361.910229, 427381.4270505 4585364.230971, 427400.2706 4585353.5722, 427401.0930595 4585354.967965, 427405.048132 4585352.63924, 427396.5395 4585337.0625, 427383.5935 4585344.0835, 427369.4515 4585352.6855, 427350.0695 4585362.3615, 427330.1015 4585370.3615, 427321.8615 4585374.4775, 427313.6575 4585377.8375, 427307.2015 4585379.9315, 427293.008500001 4585387.1535, 427286.9135 4585389.2975, 427280.9555 4585390.8975, 427272.8505 4585392.4735, 427268.1655 4585392.8695, 427259.1515 4585391.9795, 427253.3695 4585388.2955, 427250.4735 4585385.7035, 427247.0495 4585381.8575, 427245.3315 4585378.9455, 427239.8555 4585364.6075, 427240.2935 4585354.2615, 427238.5935 4585341.7795, 427237.0615 4585333.8235, 427230.1115 4585318.8315, 427223.6635 4585306.6315, 427197.3355 4585243.9915, 427195.5795 4585236.3785, 427193.4195 4585223.3075, 427193.9595 4585211.7195, 427196.3895 4585196.4935, 427198.8195 4585185.7135, 427200.7095 4585179.7855, 427204.2205 4585172.2395, 427205.4445 4585170.5205, 427177.1182 4585144.5512, 427172.8562015 4585140.3221985, 427165.2352 4585133.9212, 427167.4162 4585118.7772, 427169.0192 4585112.6012, 427171.2372 4585106.3662, 427179.9872 4585088.3482, 427191.0402 4585071.9962, 427202.4212 4585058.0952, 427201.2202 4585051.9802, 427208.5933 4585045.6296, 427214.3352 4585042.5276, 427230.7832 4585034.9284, 427247.6052 4585024.5013, 427251.5141 4585022.4863, 427257.6601 4585021.0601, 427264.1701 4585020.5201, 427281.545101 4585005.613099, 427309.017 4584981.2274, 427298.5859 4584970.0984, 427257.1385 4584929.1515, 427151.7125 4584825.8699, 427159.1836 4584817.561, 427177.3755 4584817.7055, 427224.3295 4584820.9995, 427242.6275 4584822.0855, 427253.0135 4584822.3855, 427264.629 4584834.8854, 427283.5815 4584817.6535, 427357.1235 4584752.7855, 427372.1079 4584740.9149, 427397.2572 4584718.2478, 427406.2489 4584712.2526, 427441.8515 4584681.3655, 427630.7205 4584515.5295, 427653.7975 4584494.9565, 427656.6595 4584499.1635, 427664.8125 4584509.2295, 427684.5555 4584532.1685, 427750.9795 4584611.6695, 427774.1576 4584630.5013, 427882.5125 4584659.2855, 427875.6155 4584663.3135, 427864.0875 4584674.3015, 427859.8315 4584681.0615, 427842.8855 4584715.5975, 427688.5615 4585001.0665, 427756.7935 4585028.9655, 427831.0695 4585051.8175, 427904.5355 4585073.0875, 427936.6235 4585087.5605, 427894.8575 4585112.5115, 427878.6685 4585126.8685, 427806.5338 4585212.4857, 427801.5315 4585226.6595, 427800.5551 4585235.0491, 427799.4895 4585253.1375, 427803.4943 4585266.6935, 427811.1995 4585284.6435, 427821.0103 4585297.2268, 427733.894 4585402.8705, 427656.3335 4585489.8115, 427644.5315 4585499.8695, 427626.0555 4585511.5315, 427602.6675 4585523.9875, 427528.6225 4585556.8995, 427511.7035 4585568.3505, 427492.7655 4585585.1055, 427486.5195 4585588.1635, 427478.3235 4585588.7915, 427469.7355 4585585.9735, 427448.6355 4585570.9635, 427429.8895 4585560.5135, 427419.1985 4585556.3115, 427407.9875 4585552.9095, 427399.7935 4585550.9775, 427391.4255 4585550.0275, 427385.1855 4585550.2255, 427378.5935 4585551.5115, 427351.8075 4585559.9375, 427347.0595 4585560.0735, 427341.4148 4585557.0606, 427314.680100001 4585599.5201, 427301.6901 4585649.2801, 427308.0401 4585693.2201, 427308.5501 4585699.7601, 427308.0701 4585704.0001, 427304.5801 4585708.7001, 427300.9201 4585710.2401, 427296.9801 4585709.8401, 427293.0901 4585707.4401, 427289.6901 4585704.4201, 427283.6701 4585697.5201, 427276.5801 4585691.1001, 427272.0701 4585688.3401, 427267.6101 4585686.6001, 427263.3701 4585685.4801, 427259.2301 4585685.2201, 427255.5601 4585685.8401, 427252.2501 4585686.9601, 427246.9703 4585690.0399, 427240.1538 4585695.2578, 427230.9455 4585698.0475, 427226.5835 4585700.0375, 427219.6295 4585703.9235, 427215.8735 4585708.5035, 427206.8345 4585734.0435, 427204.1915 4585737.6535, 427201.9655 4585739.8735, 427199.3235 4585741.2615))","POLYGON ((2.12882315204355 41.4199309865432, 2.12878983118188 41.419933238292, 2.12872334724931 41.4199277266735, 2.12868860921343 41.4199124571813, 2.12864090932915 41.4198695987756, 2.12847947755334 41.4197445956372, 2.12840511250056 41.4197065252592, 2.12834530277919 41.4196985779301, 2.12822506498385 41.4197289227328, 2.12813335440034 41.4197432161502, 2.12806197880876 41.4197276868264, 2.12785091490217 41.419597082316, 2.12758171780553 41.4194974185516, 2.12745274781409 41.4193754533374, 2.12746219256062 41.4192497818855, 2.12792054193885 41.4190098380568, 2.1280243037986 41.4189479687234, 2.12813312569993 41.4188173207273, 2.12816680144029 41.4187634411547, 2.12817993534225 41.418704767073, 2.12816818739867 41.41865981194, 2.1280889952473 41.4185756767046, 2.12796061849057 41.418475711831, 2.12790789706088 41.4184165475968, 2.12790061702166 41.4183453335552, 2.1279096145182 41.4182881684193, 2.12794312140926 41.4182451145827, 2.12801598135795 41.4181853349297, 2.12814452328729 41.4181190234594, 2.12837277413067 41.4179877309245, 2.12861602610852 41.4178101451634, 2.12885921216824 41.4175621741526, 2.12892405557206 41.4174861017846, 2.1289360458177 41.4174359309848, 2.12892849693652 41.4174216574179, 2.12943995450104 41.4172057288, 2.12959681666706 41.4171429897607, 2.12964792298271 41.4171179213341, 2.1296901914389 41.4171173043155, 2.12986511717712 41.4170471082698, 2.13090391761588 41.4165839784922, 2.13102950323594 41.4165306844887, 2.13104733794413 41.4165517231706, 2.13127407390303 41.4164574270691, 2.13128374682693 41.4164700723975, 2.13133134734737 41.4164494559276, 2.13123141414393 41.4163083945724, 2.13107567736873 41.4163704597907, 2.13090544076289 41.4164466560493, 2.13067237997484 41.4165320513675, 2.13043250862777 41.4166022982428, 2.13033342522149 41.4166386239832, 2.13023486327625 41.416668143945, 2.13015736765305 41.4166864196627, 2.12998668483624 41.4167501808939, 2.12991350229446 41.4167689394353, 2.1298420242729 41.4167828107673, 2.1297448608883 41.4167962715889, 2.12968875863868 41.4167994141566, 2.12958101582328 41.4167905824293, 2.12951227895979 41.4167568789122, 2.12947794093081 41.4167332717783, 2.12943743639242 41.4166983226266, 2.12941723130241 41.4166719400311, 2.12935343732975 41.4165423084131, 2.1293599222789 41.416449166374, 2.12934108377121 41.4163365927735, 2.12932371096736 41.4162647979968, 2.12924236044761 41.4161291425676, 2.12916668057515 41.4160186788134, 2.12885921625965 41.4154521241801, 2.1288391228924 41.4153833982784, 2.12881485281515 41.4152654780546, 2.12882270821834 41.4151611591446, 2.12885361408972 41.415024245647, 2.12888398479408 41.4149273752344, 2.12890731078839 41.4148741556498, 2.12895022563181 41.4148065103063, 2.12896507682383 41.4147911389278, 2.12862929759965 41.4145546789426, 2.12857881491032 41.4145162040368, 2.128488405741 41.4144578625013, 2.12851632298506 41.4143216650511, 2.12853624517289 41.4142661859039, 2.12856353242718 41.414210231099, 2.12867038816553 41.4140487440587, 2.12880459634751 41.4139024704618, 2.12894243324106 41.4137783014554, 2.1289288001132 41.4137231176333, 2.1290177769767 41.413666588501, 2.12908684699036 41.4136391702368, 2.12928454690679 41.4135722171497, 2.12948706105248 41.4134798279564, 2.12953406979313 41.4134620336035, 2.1296077725759 41.4134497447744, 2.1296857237175 41.413445470445, 2.12989539151067 41.4133127821204, 2.13022699699856 41.4130956363289, 2.13010353635412 41.4129944588985, 2.12961258250074 41.4126219182208, 2.12836370799666 41.411682158531, 2.12845409072565 41.4116080011506, 2.1286717166412 41.4116109510998, 2.12923306636272 41.4116448716253, 2.12945184860315 41.4116563093751, 2.12957606814324 41.4116599514668, 2.12971353056946 41.4117735837222, 2.12994234509535 41.4116200986554, 2.13082997152105 41.4110425117244, 2.13101066449197 41.4109369526622, 2.13131426126148 41.4107350722768, 2.13142255358919 41.4106818883321, 2.1318521921631 41.4104069166375, 2.13413156769129 41.4089303314943, 2.13441010372001 41.4087471167585, 2.1344438395859 41.4087852649759, 2.1345401727317 41.408876658823, 2.13477362225042 41.4090850369392, 2.13555878092655 41.409807041433, 2.13583382299543 41.4099787344133, 2.13712669358384 41.4102477106886, 2.13704370103867 41.4102833702984, 2.13690447553612 41.4103812999729, 2.13685275274021 41.4104418024128, 2.13664589985111 41.4107513321739, 2.1347655100366 41.413308557476, 2.13557851184251 41.4135659678872, 2.13646443369768 41.4137784592453, 2.13734085894407 41.4139766227777, 2.13772304259093 41.4141098527609, 2.13722037056335 41.4143308293652, 2.13702496937847 41.4144586839449, 2.13615171134231 41.4152233237889, 2.13609017005859 41.4153505315915, 2.1360774866754 41.4154260053147, 2.1360625784659 41.4155888238532, 2.13610887606046 41.4157112765906, 2.13619892308415 41.4158736365544, 2.13631480352675 41.4159878500645, 2.13525987340073 41.4169315066941, 2.13432148387709 41.4177075667038, 2.13417907115958 41.4177970919988, 2.13395661227304 41.4179004625381, 2.13367528587643 41.4180105412982, 2.13278539878373 41.4183002901829, 2.13258159080631 41.4184018980594, 2.13235298898763 41.4185510941109, 2.13227788877304 41.4185780724959, 2.13217974802071 41.4185829889301, 2.13207733018497 41.4185568333374, 2.13182666841085 41.4184197402271, 2.1316036261604 41.418323929027, 2.13147621268214 41.4182851179138, 2.13134248155899 41.4182534649203, 2.13124467244114 41.418235323986, 2.13114466359336 41.4182260116735, 2.13106997840858 41.4182272310944, 2.13099095092351 41.4182382177748, 2.1306694451706 41.4183116856353, 2.13061261908836 41.4183124812433, 2.1305454422653 41.4182848350369, 2.13022045978142 41.4186648304401, 2.13005905294466 41.4191118207842, 2.13012975053047 41.4195081426774, 2.13013506676156 41.4195670915904, 2.13012881386217 41.4196052358965, 2.13008649033179 41.4196472508917, 2.13004251248966 41.4196607898229, 2.12999541756553 41.4196568307145, 2.12994916133504 41.4196348630318, 2.12990884262971 41.419607355617, 2.12983764158098 41.4195446657112, 2.12975358019372 41.4194862020586, 2.1296999490356 41.4194609358078, 2.12964679351966 41.4194448607284, 2.12959619580949 41.4194343895943, 2.12954669120418 41.4194316731147, 2.1295027043998 41.4194369249191, 2.1294629649167 41.4194467125697, 2.12939942064823 41.4194739728693, 2.1293172321932 41.4195203508619, 2.12920671738108 41.4195446425094, 2.12915428571001 41.4195621704656, 2.12907061202711 41.4195965400173, 2.12902511951866 41.4196374497369, 2.12891389197153 41.4198666578597, 2.12888183327271 41.4198989320094, 2.12885493137012 41.4199187248446, 2.12882315204355 41.4199309865432))"
"05","Sarrià-Sant Gervasi","25","Sant Gervasi - la Bonanova","101","034","POLYGON ((427934.5872 4585082.1238, 427936.6235 4585087.5605, 427904.5355 4585073.0875, 427831.0695 4585051.8175, 427756.7935 4585028.9655, 427688.5615 4585001.0665, 427842.8855 4584715.5975, 427859.8315 4584681.0615, 427864.0875 4584674.3015, 427875.6155 4584663.3135, 427882.5125 4584659.2855, 427894.7875 4584664.6715, 427929.8775 4584682.8455, 427935.3975 4584687.0175, 427947.9275 4584699.4055, 427955.4935 4584708.3615, 427962.2615 4584717.9315, 427970.6755 4584735.0915, 427973.2715 4584740.9075, 427976.8635 4584752.6975, 427979.7375 4584764.6915, 427980.4375 4584769.3815, 427980.8415 4584779.8445, 427979.5085 4584802.4995, 427977.5655 4584815.1215, 427971.3125 4584846.4865, 427960.7875 4584908.7095, 427944.7675 4584998.8815, 427940.4015 4585021.0855, 427936.3505 4585038.6175, 427932.0065 4585062.5935, 427934.5872 4585082.1238))","POLYGON ((2.1376993274324 41.4140607041619, 2.13772304259093 41.4141098527609, 2.13734085894407 41.4139766227777, 2.13646443369768 41.4137784592453, 2.13557851184251 41.4135659678872, 2.1347655100366 41.413308557476, 2.13664589985111 41.4107513321739, 2.13685275274021 41.4104418024128, 2.13690447553612 41.4103812999729, 2.13704370103867 41.4102833702984, 2.13712669358384 41.4102477106886, 2.13727290405577 41.4102973213605, 2.137690539923 41.4104641539531, 2.13775608194395 41.4105022243139, 2.13790451041936 41.4106149210772, 2.13799396064552 41.4106962621591, 2.13807379102223 41.4107830616864, 2.13817241025023 41.4109383685598, 2.13820277558395 41.4109909834306, 2.13824434569434 41.4110974928123, 2.13827730171648 41.4112057751821, 2.13828511807714 41.4112480787331, 2.13828870604899 41.4113423507047, 2.13827006179507 41.411546275159, 2.13824531375883 41.4116597820024, 2.13816677035708 41.4119417127632, 2.13803344239281 41.4125011852998, 2.13783104100186 41.4133118895543, 2.13777616116888 41.4135114799422, 2.13772560620093 41.4136690198553, 2.13767077785457 41.4138845717845, 2.1376993274324 41.4140607041619))"
"05","Sarrià-Sant Gervasi","25","Sant Gervasi - la Bonanova","102","035","POLYGON ((427888.9865 4584641.0355, 427882.5125 4584659.2855, 427774.1576 4584630.5013, 427750.9795 4584611.6695, 427877.2175 4584468.8675, 427884.2745 4584460.7375, 427885.8715 4584457.8655, 427886.3515 4584456.0475, 427886.5515 4584451.5525, 427881.2695 4584451.3035, 427877.1895 4584450.6595, 427872.0135 4584448.9835, 427867.9155 4584446.6995, 427825.9375 4584396.1435, 427834.6675 4584388.6135, 427894.1855 4584339.6175, 427934.5595 4584304.9975, 427970.6738 4584325.2056, 427983.3525 4584329.6415, 427961.4055 4584388.7655, 427949.2755 4584420.1935, 427939.8575 4584446.2935, 427900.3735 4584550.1915, 427887.4275 4584588.0515, 427889.6135 4584589.1875, 427892.0955 4584591.0055, 427894.2365 4584593.2175, 427895.9705 4584595.7595, 427897.2515 4584598.5575, 427898.0515 4584601.3015, 427898.9975 4584606.1355, 427899.2635 4584609.3975, 427898.8455 4584612.9865, 427897.7205 4584617.6135, 427888.9865 4584641.0355))","POLYGON ((2.13720632031747 41.4100839216008, 2.13712669358384 41.4102477106886, 2.13583382299543 41.4099787344133, 2.13555878092655 41.409807041433, 2.13708604181807 41.4085322219848, 2.13717143503752 41.4084596316978, 2.13719088250797 41.4084339080915, 2.13719684148215 41.4084175772017, 2.13719976976365 41.408377110591, 2.13713660990866 41.408374394069, 2.13708787687915 41.4083682277661, 2.13702615521694 41.4083526683126, 2.13697740235708 41.4083317295661, 2.13648124175328 41.4078726251731, 2.13658657743805 41.4078055894671, 2.13730443359155 41.4073696443678, 2.13779155019302 41.4070614572133, 2.13822117841614 41.4072466998946, 2.13837232557252 41.4072877881608, 2.13810273606713 41.4078183265632, 2.13795388212107 41.4081002981043, 2.1378381054658 41.4083345255164, 2.13735337263033 41.4092667499914, 2.13719398341364 41.4096065774979, 2.13722000005044 41.4096170050818, 2.13724947659672 41.4096336016971, 2.13727482668442 41.4096537163043, 2.13729526835392 41.4096767665648, 2.13731026010253 41.4097020818684, 2.13731950388682 41.4097268676678, 2.13733024531198 41.4097704903003, 2.13733303891398 41.4097998936019, 2.13732761055606 41.409832180696, 2.13731360034677 41.4098737531914, 2.13720632031747 41.4100839216008))"
"05","Sarrià-Sant Gervasi","25","Sant Gervasi - la Bonanova","102","036","POLYGON ((427788.2295 4584569.4635, 427750.9795 4584611.6695, 427684.5555 4584532.1685, 427664.8125 4584509.2295, 427656.6595 4584499.1635, 427653.4135 4584494.3115, 427650.4575 4584488.1795, 427648.6835 4584482.6195, 427647.6415 4584476.8775, 427648.8505 4584437.1555, 427774.2145 4584333.5635, 427781.4195 4584342.6455, 427867.9155 4584446.6995, 427872.0135 4584448.9835, 427877.1895 4584450.6595, 427881.2695 4584451.3035, 427886.5515 4584451.5525, 427886.1535 4584456.9675, 427885.2995 4584459.1575, 427883.9735 4584461.1015, 427788.2295 4584569.4635))","POLYGON ((2.13600945570538 41.4094302575611, 2.13555878092655 41.409807041433, 2.13477362225042 41.4090850369392, 2.1345401727317 41.408876658823, 2.1344438395859 41.4087852649759, 2.13440558694605 41.4087412729607, 2.13437095672679 41.408685778629, 2.13435039870415 41.4086355424366, 2.13433861954346 41.408583732934, 2.13435783211316 41.4082260828643, 2.13586994365457 41.4073043481025, 2.13595505316734 41.4073867931397, 2.13697740235708 41.4083317295661, 2.13702615521694 41.4083526683126, 2.13708787687915 41.4083682277661, 2.13713660990866 41.408374394069, 2.13719976976365 41.408377110591, 2.13719436313866 41.408425845487, 2.13718388559839 41.4084454932689, 2.13716779073758 41.4084628830861, 2.13600945570538 41.4094302575611))"
"05","Sarrià-Sant Gervasi","25","Sant Gervasi - la Bonanova","102","037","POLYGON ((427834.6675 4584388.6135, 427825.9375 4584396.1435, 427781.4195 4584342.6455, 427774.2145 4584333.5635, 427852.2915 4584268.6995, 427865.3715 4584257.0355, 427966.6495 4584153.8155, 427974.2945 4584146.7025, 427978.6115 4584153.9255, 427981.2215 4584157.0115, 427983.3555 4584158.6295, 427987.2365 4584160.1535, 427996.1015 4584151.1415, 428006.4815 4584143.0235, 428007.3335 4584138.8505, 428071.5765 4584086.1375, 428082.0795 4584093.5475, 428070.4355 4584113.2655, 428061.4645 4584130.5815, 428058.7975 4584136.3935, 428042.7755 4584178.3315, 428036.6875 4584188.8815, 428030.4735 4584204.0815, 428020.2455 4584230.6575, 427983.3525 4584329.6415, 427970.6738 4584325.2056, 427934.5595 4584304.9975, 427894.1855 4584339.6175, 427834.6675 4584388.6135))","POLYGON ((2.13658657743805 41.4078055894671, 2.13648124175328 41.4078726251731, 2.13595505316734 41.4073867931397, 2.13586994365457 41.4073043481025, 2.13681171013305 41.4067271569904, 2.13696957480947 41.4066232781157, 2.13819343472157 41.4057027006232, 2.13828573599471 41.4056393218073, 2.13833651939396 41.4057047631212, 2.1383673748217 41.40573279126, 2.13839271070276 41.4057475550865, 2.13843895662831 41.4057616287873, 2.13854607815727 41.4056812555491, 2.13867121653841 41.4056090697708, 2.13868190511075 41.4055715616025, 2.13945668761905 41.4051025481867, 2.13958145022506 41.4051702266545, 2.13943981437462 41.4053467767356, 2.1393304394544 41.4055019320177, 2.13929784420684 41.4055540396187, 2.13910119227645 41.4059303237364, 2.13902710870549 41.4060247982155, 2.13895096466365 41.4061611419711, 2.13882544863529 41.4063995851378, 2.13837232557252 41.4072877881608, 2.13822117841614 41.4072466998946, 2.13779155019302 41.4070614572133, 2.13730443359155 41.4073696443678, 2.13658657743805 41.4078055894671))"
"05","Sarrià-Sant Gervasi","25","Sant Gervasi - la Bonanova","102","038","POLYGON ((427865.3715 4584257.0355, 427855.9645 4584265.4245, 427806.4935 4584197.6815, 427798.3255 4584186.1075, 427795.4455 4584181.3785, 427799.9155 4584178.7035, 427816.9535 4584166.8215, 427917.5355 4584094.8015, 427948.6675 4584073.4155, 428012.0235 4584028.6695, 428039.6735 4584009.6115, 428060.7215 4583994.5095, 428067.3135 4583990.5395, 428110.5175 4583973.2855, 428164.7465 4584003.0515, 428177.6635 4584009.1125, 428122.4455 4584052.9015, 428100.3135 4584071.8795, 428095.9875 4584076.0035, 428090.9295 4584081.5055, 428086.2855 4584087.3635, 428082.0795 4584093.5475, 428071.5765 4584086.1375, 428007.3335 4584138.8505, 428006.4815 4584143.0235, 427996.1015 4584151.1415, 427987.2365 4584160.1535, 427983.3555 4584158.6295, 427981.2215 4584157.0115, 427978.6115 4584153.9255, 427974.2945 4584146.7025, 427966.6495 4584153.8155, 427865.3715 4584257.0355))","POLYGON ((2.13696957480947 41.4066232781157, 2.1368560401819 41.4066979900996, 2.13627230562811 41.4060834162746, 2.13617597454581 41.4059784405863, 2.13614208602734 41.4059355898132, 2.13619587854436 41.4059118987018, 2.13640111659198 41.4058064126214, 2.1376129272717 41.4051667838974, 2.13798789262867 41.4049769599889, 2.13875111464785 41.4045796272109, 2.1390841433049 41.4044104551712, 2.13933772409854 41.4042763214546, 2.13941705228263 41.4042411551589, 2.139935926433 41.4040896200474, 2.14058110313635 41.4043625576036, 2.14073490300073 41.4044183006377, 2.14006915953072 41.4048077550704, 2.13980215028144 41.404976702961, 2.13974991029503 41.4050134592055, 2.1396887499257 41.4050625610245, 2.13963249967896 41.4051149061886, 2.13958145022506 41.4051702266545, 2.13945668761905 41.4051025481867, 2.13868190511075 41.4055715616025, 2.13867121653841 41.4056090697708, 2.13854607815727 41.4056812555491, 2.13843895662831 41.4057616287873, 2.13839271070276 41.4057475550865, 2.1383673748217 41.40573279126, 2.13833651939396 41.4057047631212, 2.13828573599471 41.4056393218073, 2.13819343472157 41.4057027006232, 2.13696957480947 41.4066232781157))"
"05","Sarrià-Sant Gervasi","25","Sant Gervasi - la Bonanova","102","039","POLYGON ((427774.2145 4584333.5635, 427648.8505 4584437.1555, 427649.5495 4584416.5855, 427649.0335 4584404.1395, 427647.7475 4584392.3315, 427646.1815 4584384.9955, 427644.5785 4584379.2115, 427641.0375 4584369.3235, 427627.6255 4584340.7795, 427599.5315 4584275.8675, 427621.6555 4584257.5135, 427627.5625 4584253.4835, 427637.9195 4584247.3215, 427711.9235 4584213.8295, 427775.8415 4584191.3175, 427795.4455 4584181.3785, 427798.3255 4584186.1075, 427806.4935 4584197.6815, 427855.9645 4584265.4245, 427774.2145 4584333.5635))","POLYGON ((2.13586994365457 41.4073043481025, 2.13435783211316 41.4082260828643, 2.1343686535842 41.4080408806678, 2.13436396859086 41.4079287384704, 2.13434999576957 41.4078222731553, 2.13433213867535 41.4077560600104, 2.13431365342659 41.407703821727, 2.13427247453116 41.407614446031, 2.13411543981347 41.4073561551146, 2.13378711717531 41.4067689908609, 2.13405397885867 41.4066056765844, 2.13412512531309 41.4065699119367, 2.13424976121595 41.4065153458241, 2.13513905906383 41.4062203559011, 2.13590638260619 41.4060233451094, 2.13614208602734 41.4059355898132, 2.13617597454581 41.4059784405863, 2.13627230562811 41.4060834162746, 2.1368560401819 41.4066979900996, 2.13586994365457 41.4073043481025))"
"05","Sarrià-Sant Gervasi","25","Sant Gervasi - la Bonanova","102","040","POLYGON ((427621.6555 4584257.5135, 427599.5315 4584275.8675, 427556.8481 4584231.7702, 427573.9555 4584218.4815, 427672.4255 4584145.7495, 427699.2295 4584125.4195, 427710.9375 4584113.1575, 427746.3315 4584070.8795, 427778.2965 4584031.1555, 427816.7095 4583984.4255, 427832.7935 4583963.8775, 427920.9665 4584092.4585, 427816.9535 4584166.8215, 427799.9155 4584178.7035, 427795.4455 4584181.3785, 427775.8415 4584191.3175, 427711.9235 4584213.8295, 427637.9195 4584247.3215, 427627.5625 4584253.4835, 427621.6555 4584257.5135))","POLYGON ((2.13405397885867 41.4066056765844, 2.13378711717531 41.4067689908609, 2.13328177933212 41.4063679800759, 2.1334880220063 41.4062498359738, 2.13467468897893 41.405603635643, 2.13499776484116 41.4054229431374, 2.13513928788656 41.4053135574217, 2.13556773967223 41.40493595934, 2.13595486240524 41.4045810543483, 2.13641995008547 41.4041636268714, 2.13661480332803 41.4039800036413, 2.13765424995828 41.4051459891119, 2.13640111659198 41.4058064126214, 2.13619587854436 41.4059118987018, 2.13614208602734 41.4059355898132, 2.13590638260619 41.4060233451094, 2.13513905906383 41.4062203559011, 2.13424976121595 41.4065153458241, 2.13412512531309 41.4065699119367, 2.13405397885867 41.4066056765844))"
"05","Sarrià-Sant Gervasi","25","Sant Gervasi - la Bonanova","102","041","POLYGON ((427935.0905 4584082.8145, 427920.9665 4584092.4585, 427832.7935 4583963.8775, 427867.1695 4583922.4235, 427885.4835 4583899.2135, 427932.0465 4583842.1535, 427940.9925 4583832.9785, 427950.1375 4583842.8995, 427980.2875 4583872.4735, 428009.2635 4583897.0355, 428039.7475 4583922.3355, 428075.5445 4583951.0315, 428102.3325 4583968.4825, 428110.5175 4583973.2855, 428067.3135 4583990.5395, 428060.7215 4583994.5095, 428039.6735 4584009.6115, 428012.0235 4584028.6695, 427935.0905 4584082.8145))","POLYGON ((2.13782435785849 41.4050603958852, 2.13765424995828 41.4051459891119, 2.13661480332803 41.4039800036413, 2.13703096195007 41.4036097298966, 2.13725280482098 41.4034023300913, 2.13781659749272 41.4028925897091, 2.13792470334503 41.402810756159, 2.1380329164789 41.4029009300936, 2.13839005761864 41.4031699922676, 2.13873375407191 41.4033938072132, 2.13909540432494 41.403624402987, 2.13952020963172 41.4038860593523, 2.13983858466159 41.4040456294482, 2.139935926433 41.4040896200474, 2.13941705228263 41.4042411551589, 2.13933772409854 41.4042763214546, 2.1390841433049 41.4044104551712, 2.13875111464785 41.4045796272109, 2.13782435785849 41.4050603958852))"
"05","Sarrià-Sant Gervasi","25","Sant Gervasi - la Bonanova","103","042","POLYGON ((427833.2295 4583963.3585, 427832.7935 4583963.8775, 427798.5555 4583913.9895, 427789.8535 4583900.4895, 427758.6405 4583856.1585, 427759.5055 4583855.1085, 427724.9775 4583825.9475, 427707.0635 4583811.9535, 427677.8535 4583787.8635, 427692.3215 4583770.6615, 427726.7525 4583727.4605, 427771.9155 4583764.8415, 427809.4545 4583795.1015, 427829.9155 4583769.3675, 427859.8555 4583733.3825, 427909.0215 4583794.1395, 427928.6875 4583819.6315, 427940.9925 4583832.9785, 427932.0465 4583842.1535, 427885.4835 4583899.2135, 427867.1695 4583922.4235, 427833.2295 4583963.3585))","POLYGON ((2.13662008080135 41.4039753683643, 2.13661480332803 41.4039800036413, 2.13621118632199 41.4035276092315, 2.13610870095176 41.4034052388475, 2.13574061338977 41.403003164069, 2.13575108599485 41.4029937848852, 2.13534153727489 41.4027280407865, 2.1351289187505 41.4026003921096, 2.13478238346997 41.4023807965807, 2.13495750553063 41.4022271667398, 2.13537452858571 41.4018411693084, 2.1359103073277 41.4021819028599, 2.13635574180589 41.4024578135481, 2.1366035662705 41.402227875099, 2.13696599849931 41.4019064601715, 2.13754688646808 41.4024580832707, 2.13777909802713 41.4026894422963, 2.13792470334503 41.402810756159, 2.13781659749272 41.4028925897091, 2.13725280482098 41.4034023300913, 2.13703096195007 41.4036097298966, 2.13662008080135 41.4039753683643))"
"05","Sarrià-Sant Gervasi","25","Sant Gervasi - la Bonanova","103","043","POLYGON ((427699.2295 4584125.4195, 427696.5235 4584127.5465, 427655.3725 4584078.7235, 427614.9615 4584031.6165, 427758.6405 4583856.1585, 427789.8535 4583900.4895, 427798.5555 4583913.9895, 427832.7935 4583963.8775, 427816.7095 4583984.4255, 427778.2965 4584031.1555, 427746.3315 4584070.8795, 427710.9375 4584113.1575, 427699.2295 4584125.4195))","POLYGON ((2.13499776484116 41.4054229431374, 2.1349651398624 41.4054418567453, 2.13447870110418 41.4049984266111, 2.13400091595701 41.4045705163595, 2.13574061338977 41.403003164069, 2.13610870095176 41.4034052388475, 2.13621118632199 41.4035276092315, 2.13661480332803 41.4039800036413, 2.13641995008547 41.4041636268714, 2.13595486240524 41.4045810543483, 2.13556773967223 41.40493595934, 2.13513928788656 41.4053135574217, 2.13499776484116 41.4054229431374))"
"05","Sarrià-Sant Gervasi","25","Sant Gervasi - la Bonanova","103","044","POLYGON ((427614.9615 4584031.6165, 427614.4005 4584032.3005, 427589.7255 4584019.3135, 427535.0575 4583989.2935, 427521.9575 4583981.7515, 427529.4315 4583971.7715, 427548.8215 4583948.3435, 427561.0335 4583932.6415, 427575.2235 4583915.0925, 427601.5875 4583883.1965, 427677.8535 4583787.8635, 427707.0635 4583811.9535, 427724.9775 4583825.9475, 427759.5055 4583855.1085, 427614.9615 4584031.6165))","POLYGON ((2.13400091595701 41.4045705163595, 2.13399412320883 41.4045766263432, 2.13370050280022 41.404457435864, 2.13305013353695 41.4041821327582, 2.13289432918954 41.4041130242878, 2.13298493095731 41.4040238124788, 2.13321968555631 41.4038145541652, 2.13336764869362 41.4036742334028, 2.13353949357949 41.4035174554908, 2.13385868205309 41.4032325563709, 2.13478238346997 41.4023807965807, 2.1351289187505 41.4026003921096, 2.13534153727489 41.4027280407865, 2.13575108599485 41.4029937848852, 2.13400091595701 41.4045705163595))"
"05","Sarrià-Sant Gervasi","25","Sant Gervasi - la Bonanova","103","045","POLYGON ((427556.8481 4584231.7702, 427547.8852 4584238.5922, 427542.1305 4584237.7984, 427522.5375 4584226.2215, 427399.0245 4584136.4635, 427466.5815 4584053.9155, 427495.8895 4584015.3435, 427506.6975 4584002.0575, 427521.9575 4583981.7515, 427535.0575 4583989.2935, 427589.7255 4584019.3135, 427614.4005 4584032.3005, 427614.9615 4584031.6165, 427655.3725 4584078.7235, 427696.5235 4584127.5465, 427672.4255 4584145.7495, 427573.9555 4584218.4815, 427556.8481 4584231.7702))","POLYGON ((2.13328177933212 41.4063679800759, 2.13317374126627 41.406428615121, 2.1331049939059 41.4064209470223, 2.1328719929402 41.406314912617, 2.13140520010514 41.4054953559519, 2.13222325242539 41.4047579800805, 2.13257846989918 41.4044132224443, 2.13270935119367 41.4042945358199, 2.13289432918954 41.4041130242878, 2.13305013353695 41.4041821327582, 2.13370050280022 41.404457435864, 2.13399412320883 41.4045766263432, 2.13400091595701 41.4045705163595, 2.13447870110418 41.4049984266111, 2.1349651398624 41.4054418567453, 2.13467468897893 41.405603635643, 2.1334880220063 41.4062498359738, 2.13328177933212 41.4063679800759))"
"05","Sarrià-Sant Gervasi","25","Sant Gervasi - la Bonanova","103","046","POLYGON ((427422.7475 4584107.7295, 427399.0245 4584136.4635, 427280.9465 4584050.3655, 427336.3655 4583951.8895, 427430.3135 4583787.0765, 427464.7035 4583805.7815, 427504.4195 4583827.8935, 427601.5875 4583883.1965, 427575.2235 4583915.0925, 427561.0335 4583932.6415, 427548.8215 4583948.3435, 427529.4315 4583971.7715, 427506.6975 4584002.0575, 427495.8895 4584015.3435, 427466.5815 4584053.9155, 427422.7475 4584107.7295))","POLYGON ((2.13169243528447 41.4052387033724, 2.13140520010514 41.4054953559519, 2.13000302064234 41.4047092364951, 2.13067779167357 41.4038273169736, 2.13182138742328 41.4023514029932, 2.13223052137683 41.4025229743095, 2.13270295975614 41.4027257098499, 2.13385868205309 41.4032325563709, 2.13353949357949 41.4035174554908, 2.13336764869362 41.4036742334028, 2.13321968555631 41.4038145541652, 2.13298493095731 41.4040238124788, 2.13270935119367 41.4042945358199, 2.13257846989918 41.4044132224443, 2.13222325242539 41.4047579800805, 2.13169243528447 41.4052387033724))"
"05","Sarrià-Sant Gervasi","25","Sant Gervasi - la Bonanova","103","047","POLYGON ((427617.1415 4583863.6755, 427601.5875 4583883.1965, 427504.4195 4583827.8935, 427464.7035 4583805.7815, 427430.3135 4583787.0765, 427520.0425 4583629.6275, 427544.8435 4583644.0755, 427627.0405 4583690.9565, 427628.7745 4583688.0055, 427638.0015 4583694.6955, 427671.6015 4583722.2115, 427706.8005 4583752.3745, 427692.3215 4583770.6615, 427677.8535 4583787.8635, 427617.1415 4583863.6755))","POLYGON ((2.13404707683663 41.4030581395287, 2.13385868205309 41.4032325563709, 2.13270295975614 41.4027257098499, 2.13223052137683 41.4025229743095, 2.13182138742328 41.4023514029932, 2.13291358258065 41.4009414208796, 2.13320851812958 41.4010737832346, 2.13418614025259 41.4015034236956, 2.13420723499635 41.4014770013665, 2.13431680784056 41.4015380858716, 2.13471544077062 41.401788934254, 2.13513288792102 41.4020637654702, 2.13495750553063 41.4022271667398, 2.13478238346997 41.4023807965807, 2.13404707683663 41.4030581395287))"
"05","Sarrià-Sant Gervasi","25","Sant Gervasi - la Bonanova","103","048","POLYGON ((427817.3475 4583785.0155, 427809.4545 4583795.1015, 427771.9155 4583764.8415, 427726.7525 4583727.4605, 427706.8005 4583752.3745, 427671.6015 4583722.2115, 427638.0015 4583694.6955, 427628.7745 4583688.0055, 427627.0405 4583690.9565, 427544.8435 4583644.0755, 427520.0425 4583629.6275, 427554.2635 4583569.6005, 427574.0695 4583534.2025, 427614.3395 4583463.7395, 427622.1365 4583450.9355, 427663.1095 4583504.6685, 427677.9875 4583523.3075, 427693.5025 4583542.0275, 427713.5795 4583565.4945, 427758.1085 4583615.0945, 427809.6155 4583671.3595, 427859.8555 4583733.3825, 427829.9155 4583769.3675, 427817.3475 4583785.0155))","POLYGON ((2.13645136129787 41.40236768184, 2.13635574180589 41.4024578135481, 2.1359103073277 41.4021819028599, 2.13537452858571 41.4018411693084, 2.13513288792102 41.4020637654702, 2.13471544077062 41.401788934254, 2.13431680784056 41.4015380858716, 2.13420723499635 41.4014770013665, 2.13418614025259 41.4015034236956, 2.13320851812958 41.4010737832346, 2.13291358258065 41.4009414208796, 2.13333011078117 41.4004038672065, 2.13357125909186 41.400086836641, 2.13406137950465 41.3994558323012, 2.13415617428439 41.399341213911, 2.13463985347459 41.3998288517152, 2.13481559169102 41.3999980637623, 2.13499894072588 41.4001680623626, 2.13523629319803 41.400381225076, 2.13576301747917 41.4008319537107, 2.13637242422391 41.401343335416, 2.13696599849931 41.4019064601715, 2.1366035662705 41.402227875099, 2.13645136129787 41.40236768184))"
"05","Sarrià-Sant Gervasi","26","Sant Gervasi - Galvany","104","049","POLYGON ((427781.1895 4583594.1395, 427758.1085 4583615.0945, 427713.5795 4583565.4945, 427693.5025 4583542.0275, 427677.9875 4583523.3075, 427663.1095 4583504.6685, 427622.1365 4583450.9355, 427608.6795 4583432.8445, 427591.7855 4583408.8735, 427555.2195 4583354.9115, 427522.9905 4583303.2265, 427516.6345 4583291.6735, 427511.1505 4583277.9615, 427642.6295 4583277.4525, 427892.4455 4583275.7625, 427892.8615 4583337.8445, 427892.6815 4583393.2195, 427893.0795 4583440.4075, 427892.8595 4583491.1915, 427893.3015 4583527.3935, 427893.4135 4583595.3195, 427838.6265 4583594.4725, 427781.1895 4583594.1395))","POLYGON ((2.13604160743385 41.4006452942338, 2.13576301747917 41.4008319537107, 2.13523629319803 41.400381225076, 2.13499894072588 41.4001680623626, 2.13481559169102 41.3999980637623, 2.13463985347459 41.3998288517152, 2.13415617428439 41.399341213911, 2.13399737128218 41.3991770644124, 2.13379816077297 41.3989596465014, 2.1333672353559 41.3984703397617, 2.13298791980243 41.3980019303339, 2.13291327703117 41.3978973043922, 2.13284932316425 41.3977733118029, 2.13442203424564 41.3977805691749, 2.13741034393839 41.397787788627, 2.1374079263586 41.3983469731421, 2.13739917841676 41.3988456969557, 2.13739831910089 41.39927073561, 2.13738963917372 41.3997281065053, 2.13739061446835 41.400054202662, 2.13738386387151 41.4006659941892, 2.13672861548476 41.400653450394, 2.13604160743385 41.4006452942338))"
"05","Sarrià-Sant Gervasi","26","Sant Gervasi - Galvany","104","050","POLYGON ((427946.633500001 4583827.1945, 427940.9925 4583832.9785, 427928.6875 4583819.6315, 427905.0535 4583789.1795, 427809.6155 4583671.3595, 427758.1085 4583615.0945, 427781.1895 4583594.1395, 427838.6265 4583594.4725, 427893.4135 4583595.3195, 428004.4915 4583596.0285, 428005.2145 4583625.9655, 428006.4575 4583632.0155, 428009.6195 4583637.3235, 428013.8195 4583640.9735, 428018.3175 4583643.0415, 428024.3595 4583643.5315, 428029.6435 4583642.1575, 428032.3595 4583640.7285, 428082.5675 4583690.7255, 428020.3515 4583753.7675, 427991.5095 4583781.9115, 427946.633500001 4583827.1945))","POLYGON ((2.13799287038907 41.4027591676435, 2.13792470334503 41.402810756159, 2.13777909802713 41.4026894422963, 2.1375000115894 41.4024130548009, 2.13637242422391 41.401343335416, 2.13576301747917 41.4008319537107, 2.13604160743385 41.4006452942338, 2.13672861548476 41.400653450394, 2.13738386387151 41.4006659941892, 2.13871246924465 41.4006823337738, 2.13871755741876 41.4009520288051, 2.13873170649182 41.4010066299754, 2.13876889860592 41.4010547200791, 2.13881870433141 41.4010879701802, 2.13887226284548 41.4011069985134, 2.13894447811301 41.4011119526422, 2.13900784790499 41.4011000505906, 2.13904050617822 41.4010874232852, 2.13963514733432 41.4015422183722, 2.13888342766297 41.4021044442276, 2.13853507076859 41.4023553429565, 2.13799287038907 41.4027591676435))"
"05","Sarrià-Sant Gervasi","26","Sant Gervasi - Galvany","104","051","POLYGON ((428107.3335 4583665.7575, 428082.5675 4583690.7255, 428032.3595 4583640.7285, 428037.1978 4583635.9686, 428183.8915 4583474.29, 428166.8655 4583457.7675, 428150.4525 4583441.0745, 428150.8415 4583394.8895, 428151.1454915 4583388.3677725, 428126.9723 4583365.1873, 428125.7633 4583363.7753, 428125.5133 4583363.0353, 428125.5933 4583362.2348, 428126.3833 4583361.0353, 428140.5293 4583346.4023, 428189.9505 4583300.5245, 428222.0495 4583310.7735, 428245.6355 4583319.4015, 428272.1355 4583330.5615, 428299.634 4583343.5715, 428322.5975 4583356.2015, 428350.4895 4583372.3875, 428377.7325 4583392.6145, 428310.8285 4583459.9185, 428206.3095 4583565.9555, 428150.1855 4583622.1755, 428107.3335 4583665.7575))","POLYGON ((2.13993436181542 41.4013195566789, 2.13963514733432 41.4015422183722, 2.13904050617822 41.4010874232852, 2.13909894702 41.4010449858731, 2.14087285378809 41.3996019282261, 2.14067115621706 41.3994515958479, 2.14047681222657 41.3992997822725, 2.14048694612152 41.3988838473439, 2.14049135623428 41.3988251359324, 2.14020496177715 41.3986141984058, 2.14019066806189 41.3986013730243, 2.14018776555807 41.3985946857959, 2.14018881749772 41.3985874831657, 2.14019840939269 41.3985767503666, 2.14036935200983 41.3984462211333, 2.140965938602 41.3980374332505, 2.14134866933675 41.3981326078295, 2.14162976646608 41.3982124218288, 2.14194541970293 41.3983152998042, 2.14227279829633 41.3984349281714, 2.14254597814931 41.398550728867, 2.14287769001921 41.3986989955783, 2.14320116239083 41.3988835992222, 2.14239292363004 41.3994838174002, 2.14113013838003 41.4004295244456, 2.14045212559733 41.4009308618603, 2.13993436181542 41.4013195566789))"
"05","Sarrià-Sant Gervasi","26","Sant Gervasi - Galvany","104","052","POLYGON ((428029.6435 4583642.1575, 428024.3595 4583643.5315, 428018.3175 4583643.0415, 428013.8195 4583640.9735, 428009.6195 4583637.3235, 428006.4575 4583632.0155, 428005.2145 4583625.9655, 428004.4915 4583596.0285, 427893.4135 4583595.3195, 427893.3015 4583527.3935, 427892.8595 4583491.1915, 427893.0795 4583440.4075, 427892.6815 4583393.2195, 427892.8615 4583337.8445, 427892.4455 4583275.7625, 427998.4655 4583274.9315, 428011.1255 4583275.3895, 428043.9515 4583275.8495, 428057.3995 4583276.5455, 428077.2675 4583278.0755, 428093.3395 4583279.6615, 428106.1555 4583281.3015, 428118.9265 4583283.2715, 428141.9215 4583287.4055, 428152.133500001 4583289.5735, 428164.7915 4583292.7455, 428189.9505 4583300.5245, 428140.5293 4583346.4023, 428126.3833 4583361.0353, 428125.5933 4583362.2348, 428125.5133 4583363.0353, 428125.7633 4583363.7753, 428126.9719995 4583365.1870005, 428151.1455 4583388.3676, 428150.8415 4583394.8895, 428150.4525 4583441.0745, 428166.8655 4583457.7675, 428183.8915 4583474.29, 428037.1978 4583635.9686, 428032.3595 4583640.7285, 428029.6435 4583642.1575))","POLYGON ((2.13900784790499 41.4011000505906, 2.13894447811301 41.4011119526422, 2.13887226284548 41.4011069985134, 2.13881870433141 41.4010879701802, 2.13876889860592 41.4010547200791, 2.13873170649182 41.4010066299754, 2.13871755741876 41.4009520288051, 2.13871246924465 41.4006823337738, 2.13738386387151 41.4006659941892, 2.13739061446835 41.400054202662, 2.13738963917372 41.3997281065053, 2.13739831910089 41.39927073561, 2.13739917841676 41.3988456969557, 2.1374079263586 41.3983469731421, 2.13741034393839 41.397787788627, 2.13867857384968 41.3977898043068, 2.13882994876854 41.3977950628209, 2.13922253402386 41.3978021439524, 2.13938330621434 41.3978096158227, 2.1396207706251 41.397825173223, 2.13981282356973 41.3978408950611, 2.13996592433187 41.3978568118311, 2.14011844773848 41.3978756965528, 2.14039300643895 41.3979149850678, 2.14051489770961 41.3979354238879, 2.14066592723832 41.3979651237225, 2.140965938602 41.3980374332505, 2.14036935200983 41.3984462211333, 2.14019840939269 41.3985767503666, 2.14018881749772 41.3985874831657, 2.14018776555807 41.3985946857959, 2.14019066806189 41.3986013730243, 2.1402049582183 41.3986141956814, 2.14049135635642 41.3988251343795, 2.14048694612152 41.3988838473439, 2.14047681222657 41.3992997822725, 2.14067115621706 41.3994515958479, 2.14087285378809 41.3996019282261, 2.13909894702 41.4010449858731, 2.13904050617822 41.4010874232852, 2.13900784790499 41.4011000505906))"
"05","Sarrià-Sant Gervasi","26","Sant Gervasi - Galvany","105","053","POLYGON ((428108.7575 4583269.6005, 428100.0075 4583280.4745, 428080.4855 4583278.3515, 428050.6775 4583276.1535, 428033.8555 4583275.5535, 428017.0215 4583275.4895, 427993.3975 4583274.8895, 427978.1975 4583275.2455, 427867.2435 4583275.7355, 427786.3315 4583276.5795, 427511.1505 4583277.9615, 427507.9945 4583269.1355, 427506.2785 4583253.7315, 427505.8755 4583244.6945, 427505.9235 4583235.6505, 427506.4265 4583226.6185, 427507.3805 4583217.6345, 427510.3175 4583204.9615, 427514.7285 4583192.7095, 427520.5475 4583181.0605, 427523.9615 4583175.5115, 427529.9965 4583166.9795, 427587.1945 4583087.5255, 427761.9595 4583187.8565, 427892.682 4583186.919, 427919.2495 4583185.9875, 427938.2555 4583185.9475, 427992.8475 4583184.7425, 428101.3375 4583183.4335, 428108.9215 4583183.8055, 428115.1835 4583184.7115, 428123.5405 4583186.6015, 428130.7595 4583188.7975, 428139.1915 4583192.1095, 428148.5755 4583196.7655, 428152.2195 4583199.2935, 428155.6115 4583202.2035, 428159.7095 4583206.5915, 428156.1175 4583211.4175, 428108.7575 4583269.6005))","POLYGON ((2.13999843683802 41.3977516582623, 2.13989248469992 41.3978488136733, 2.13965922916046 41.3978279468664, 2.13930294926502 41.3978054838043, 2.13910180843344 41.3977985744982, 2.13890046039308 41.3977964913017, 2.13861795925285 41.3977889722184, 2.1384361059864 41.3977908172986, 2.13710889997231 41.3977852851116, 2.13614099165792 41.3977856244343, 2.13284932316425 41.3977733118029, 2.13281263023723 41.3976935352077, 2.13279394908491 41.3975546431305, 2.13279021070551 41.3974732143234, 2.13279186765223 41.3973917631278, 2.13279896547463 41.3973104610293, 2.13281145199791 41.3972296319027, 2.13284809900816 41.3971157562547, 2.13290232612549 41.397005805231, 2.13297332205601 41.3969014120554, 2.13301482131201 41.3968517422332, 2.13308802742335 41.3967754419681, 2.133781676826 41.3960649854194, 2.13586005740685 41.3969843437537, 2.13742375296632 41.3969876326299, 2.13774164025115 41.3969816248658, 2.13796897758168 41.3969829680238, 2.13862210107953 41.3969770054121, 2.13991991617054 41.3969749232773, 2.14001058498775 41.3969789517884, 2.14008537784497 41.396987671575, 2.14018511243234 41.3970054410679, 2.1402711990123 41.3970258647872, 2.14037166203341 41.3970564482076, 2.1404833526545 41.397099221476, 2.14052663902609 41.3971223157539, 2.14056686589767 41.3971488280224, 2.14061536200762 41.3971887151061, 2.14057182497397 41.3972318600457, 2.13999843683802 41.3977516582623))"
"05","Sarrià-Sant Gervasi","26","Sant Gervasi - Galvany","105","054","POLYGON ((428168.7135 4583194.5055, 428159.7095 4583206.5915, 428155.6115 4583202.2035, 428150.0715 4583197.7215, 428146.2435 4583195.4775, 428137.8055 4583191.5075, 428130.7595 4583188.7975, 428122.0785 4583186.2255, 428112.6875 4583184.2855, 428105.133500001 4583183.5215, 427992.8475 4583184.7425, 427938.2555 4583185.9475, 427919.2495 4583185.9875, 427892.682 4583186.919, 427771.2185 4583187.7995, 427876.6955 4583003.3635, 427913.2395 4582941.1375, 427917.9807 4582934.5714, 427921.6452 4582937.6652, 427925.0965 4582939.6182, 427929.3855 4582940.6375, 427939.1927 4582940.9954, 427943.6792 4582940.5795, 427948.4224 4582939.6, 427956.6604 4582936.1932, 427961.1659 4582933.7939, 427964.6875 4582931.4145, 427998.1655 4582979.9185, 428010.6835 4582998.9255, 428098.6295 4583129.3155, 428112.1975 4583150.1555, 428114.9955 4583152.9055, 428121.1615 4583157.5605, 428155.2415 4583179.9655, 428171.1615 4583191.6645, 428168.7135 4583194.5055))","POLYGON ((2.14072449389704 41.3970806656866, 2.14061536200762 41.3971887151061, 2.14056686589767 41.3971488280224, 2.14050113305679 41.3971079654558, 2.14045561215585 41.3970874126015, 2.14035515537222 41.3970509023747, 2.1402711990123 41.3970258647872, 2.14016766992854 41.3970019239067, 2.14005557350802 41.3969836116331, 2.13996531005801 41.3969760552527, 2.13862210107953 41.3969770054121, 2.13796897758168 41.3969829680238, 2.13774164025115 41.3969816248658, 2.13742375296632 41.3969876326299, 2.13597081193132 41.3969846620875, 2.1372543996837 41.3953329890802, 2.13769890223865 41.3947758212037, 2.13775639182744 41.3947171079609, 2.13779985350006 41.39474530102, 2.1378409009678 41.3947632002286, 2.1378920790507 41.3947727650356, 2.13800933734329 41.3947768673366, 2.13806304847147 41.3947735234954, 2.13811989696099 41.3947651265091, 2.13821883441612 41.3947351808628, 2.13827300869696 41.3947139749374, 2.13831541246601 41.3946928600864, 2.13871006495341 41.3951327142377, 2.13885753017814 41.3953050233532, 2.13989395169749 41.3964872620001, 2.1400537645549 41.3966761725823, 2.14008690509005 41.3967011908584, 2.14016010434796 41.3967436677555, 2.14056507886965 41.3969485061826, 2.14075411174075 41.3970552966031, 2.14072449389704 41.3970806656866))"
"05","Sarrià-Sant Gervasi","26","Sant Gervasi - Galvany","105","055","POLYGON ((427771.2185 4583187.7995, 427761.9595 4583187.8565, 427587.1945 4583087.5255, 427594.6875 4583076.5315, 427597.3495 4583071.9025, 427601.3745 4583063.6695, 427614.0731 4583033.7027, 427624.6169 4583032.7816, 427634.403 4583022.8119, 427641.7347 4583006.429, 427651.7095 4582980.4925, 427667.8475 4582932.5135, 427697.0355 4582836.7575, 427909.9882 4582904.8762, 427909.2947 4582906.7537, 427908.8579 4582912.1087, 427910.2247 4582920.2721, 427913.6484 4582928.3042, 427915.113 4582930.8913, 427917.9807 4582934.5714, 427913.2395 4582941.1375, 427876.6955 4583003.3635, 427771.2185 4583187.7995))","POLYGON ((2.13597081193132 41.3969846620875, 2.13586005740685 41.3969843437537, 2.133781676826 41.3960649854194, 2.13387261452782 41.3959666416995, 2.13390500790919 41.3959251898866, 2.13395413482397 41.3958514010363, 2.13410960337075 41.3955826455781, 2.13423582602567 41.3955752986133, 2.1343540672753 41.3954863863131, 2.13444371794557 41.3953394919958, 2.13456612307482 41.3951067900387, 2.13476487633071 41.3946761145281, 2.13512541668365 41.3938163040194, 2.13766433109257 41.3944489388243, 2.13765581289261 41.3944657865453, 2.13764995100819 41.39451397772, 2.13766532702603 41.3945876247009, 2.13770532060662 41.3946602734899, 2.13772253024759 41.3946837057394, 2.13775639182744 41.3947171079609, 2.13769890223865 41.3947758212037, 2.1372543996837 41.3953329890802, 2.13597081193132 41.3969846620875))"
"05","Sarrià-Sant Gervasi","26","Sant Gervasi - Galvany","106","056","POLYGON ((427939.1927 4582940.9954, 427929.3855 4582940.6375, 427925.0965 4582939.6182, 427921.6452 4582937.6652, 427919.1236 4582935.6437, 427916.8756 4582933.3259, 427913.6484 4582928.3042, 427910.2247 4582920.2721, 427908.8579 4582912.1087, 427909.2947 4582906.7537, 427909.9882 4582904.8762, 427697.0355 4582836.7575, 427749.0128 4582666.9265, 427761.2655 4582670.1685, 427798.6235 4582682.1555, 427947.2525 4582730.7475, 428102.7295 4582782.4695, 428194.3762 4582813.3605, 428189.2215 4582825.0355, 428184.4055 4582829.8795, 428178.1115 4582832.8515, 428042.9775 4582884.2585, 428035.7805 4582887.5695, 427975.5175 4582911.8015, 427974.6875 4582915.1835, 427971.3655 4582922.6095, 427968.3635 4582927.2135, 427964.6875 4582931.4145, 427961.1659 4582933.7939, 427956.6604 4582936.1932, 427948.4224 4582939.6, 427943.6792 4582940.5795, 427939.1927 4582940.9954))","POLYGON ((2.13800933734329 41.3947768673366, 2.1378920790507 41.3947727650356, 2.1378409009678 41.3947632002286, 2.13779985350006 41.39474530102, 2.1377699340538 41.3947268681748, 2.13774332233507 41.3947057911909, 2.13770532060662 41.3946602734899, 2.13766532702603 41.3945876247009, 2.13764995100819 41.39451397772, 2.13765581289261 41.3944657865453, 2.13766433109257 41.3944489388243, 2.13512541668365 41.3938163040194, 2.13576735225874 41.3922913761857, 2.13591351066576 41.3923216761918, 2.13635889213278 41.3924329928757, 2.13813075268753 41.3928839708073, 2.13998417160951 41.393363724552, 2.14107664389107 41.3936501354544, 2.14101360675487 41.3937548273365, 2.14095543050014 41.3937980252965, 2.14087979851763 41.3938242308666, 2.13925741719491 41.3942751536979, 2.13917094327991 41.3943043305721, 2.13844727925959 41.3945171836628, 2.13843694968474 41.3945475696472, 2.13839633314702 41.3946141551258, 2.1383598796089 41.3946553526281, 2.13831541246601 41.3946928600864, 2.13827300869696 41.3947139749374, 2.13821883441612 41.3947351808628, 2.13811989696099 41.3947651265091, 2.13806304847147 41.3947735234954, 2.13800933734329 41.3947768673366))"
"05","Sarrià-Sant Gervasi","26","Sant Gervasi - Galvany","106","057","POLYGON ((428149.8124 4582769.6286, 428127.5113 4582790.786, 427902.4615 4582716.0835, 427761.2655 4582670.1685, 427749.0128 4582666.9265, 427751.3941 4582659.6637, 427774.6495 4582625.7575, 427803.1027 4582588.9391, 427998.6658 4582547.5257, 428296.3082 4582643.9475, 428149.8124 4582769.6286))","POLYGON ((2.14054882721807 41.3932522793519, 2.14027958584274 41.3934408430448, 2.13759678261889 41.3927478839663, 2.13591351066576 41.3923216761918, 2.13576735225874 41.3922913761857, 2.13579669953347 41.3922261769936, 2.13607888251478 41.3919228862121, 2.13642357624372 41.3915938322757, 2.13876745513521 41.3912383690523, 2.14231585884974 41.3921333929573, 2.14054882721807 41.3932522793519))"
"05","Sarrià-Sant Gervasi","26","Sant Gervasi - Galvany","106","058","POLYGON ((428099.0475 4583128.8235, 428098.6295 4583129.3155, 428010.6835 4582998.9255, 427998.1655 4582979.9185, 427964.6875 4582931.4145, 427968.3635 4582927.2135, 427971.3655 4582922.6095, 427974.6875 4582915.1835, 427975.5175 4582911.8015, 428035.7805 4582887.5695, 428042.9775 4582884.2585, 428178.1115 4582832.8515, 428184.4055 4582829.8795, 428189.2215 4582825.0355, 428194.3762 4582813.3605, 428127.5113 4582790.786, 428149.8124 4582769.6286, 428241.2325 4582691.1979, 428247.5935 4582699.9475, 428275.6315 4582740.7555, 428316.6455 4582800.6495, 428335.8155 4582829.2545, 428284.2895 4582865.1685, 428283.8935 4582868.2235, 428274.0975 4582904.6555, 428269.9535 4582918.9275, 428268.7595 4582922.1075, 428266.1555 4582927.2905, 428253.1515 4582941.7955, 428236.6255 4582961.7495, 428176.1765 4583036.3035, 428160.6915 4583055.9615, 428157.0555 4583059.6995, 428150.2795 4583065.3215, 428145.9915 4583069.5775, 428099.0475 4583128.8235))","POLYGON ((2.13989900982086 41.3964828681274, 2.13989395169749 41.3964872620001, 2.13885753017814 41.3953050233532, 2.13871006495341 41.3951327142377, 2.13831541246601 41.3946928600864, 2.1383598796089 41.3946553526281, 2.13839633314702 41.3946141551258, 2.13843694968474 41.3945475696472, 2.13844727925959 41.3945171836628, 2.13917094327991 41.3943043305721, 2.13925741719491 41.3942751536979, 2.14087979851763 41.3938242308666, 2.14095543050014 41.3937980252965, 2.14101360675487 41.3937548273365, 2.14107664389107 41.3936501354544, 2.14027958584274 41.3934408430448, 2.14054882721807 41.3932522793519, 2.14165154310757 41.3925540468388, 2.14172658595211 41.392633418599, 2.14205709631884 41.3930034613025, 2.14254055008431 41.3935465599236, 2.14276644754593 41.3938059024724, 2.14214591648492 41.3941247727301, 2.14214081831261 41.3941522526069, 2.14201933738243 41.3944795077405, 2.14196808196335 41.3946076804399, 2.14195342424813 41.3946362149539, 2.14192166469172 41.3946826639315, 2.14176440942651 41.3948121447199, 2.14156438209996 41.394990387999, 2.14083252468192 41.3956564698204, 2.14064497861496 41.3958321384464, 2.14060104532456 41.3958654803017, 2.14051933120494 41.395915510036, 2.14046753781212 41.3959534590043, 2.13989900982086 41.3964828681274))"
"05","Sarrià-Sant Gervasi","26","Sant Gervasi - Galvany","106","059","POLYGON ((428329.2415 4582998.7535, 428321.4995 4583007.0055, 428266.1555 4582927.2905, 428268.7595 4582922.1075, 428269.9535 4582918.9275, 428274.0975 4582904.6555, 428283.8935 4582868.2235, 428284.2895 4582865.1685, 428335.8155 4582829.2545, 428316.6455 4582800.6495, 428275.6315 4582740.7555, 428247.5935 4582699.9475, 428241.2325 4582691.1979, 428296.3082 4582643.9475, 428442.1378 4582691.4911, 428445.6315 4582685.7715, 428449.7215 4582680.7895, 428452.8455 4582677.8355, 428458.9675 4582673.4715, 428466.1795 4582670.0975, 428470.9035 4582668.6975, 428475.1355 4582667.9315, 428480.7695 4582667.6755, 428486.0735 4582668.1395, 428492.3015 4582669.5575, 428498.2475 4582671.8855, 428503.4172 4582674.9272, 428507.2905 4582677.9255, 428511.9435 4582682.6415, 428516.1075 4582688.4395, 428518.5155 4582693.2275, 428520.4795 4582699.1615, 428521.4935 4582705.3295, 428521.5835 4582710.6895, 428521.0275 4582716.0735, 428519.6895 4582721.8605, 428568.8753 4582737.8547, 428562.4595 4582754.648, 428528.4655 4582788.4695, 428513.8535 4582803.7455, 428443.1735 4582878.2955, 428421.6795 4582901.4315, 428398.8355 4582924.6655, 428349.9115 4582977.2295, 428329.2415 4582998.7535))","POLYGON ((2.14266775879069 41.3953319279284, 2.14257418145008 41.3954055604344, 2.14192166469172 41.3946826639315, 2.14195342424813 41.3946362149539, 2.14196808196335 41.3946076804399, 2.14201933738243 41.3944795077405, 2.14214081831261 41.3941522526069, 2.14214591648492 41.3941247727301, 2.14276644754593 41.3938059024724, 2.14254055008431 41.3935465599236, 2.14205709631884 41.3930034613025, 2.14172658595211 41.392633418599, 2.14165154310757 41.3925540468388, 2.14231585884974 41.3921333929573, 2.14405439621879 41.3925745878885, 2.14409685768933 41.3925233844869, 2.14414636387326 41.3924788773978, 2.14418407678332 41.3924525497698, 2.14425781313543 41.3924137894834, 2.1443444691654 41.3923840426478, 2.14440113483706 41.3923718535366, 2.14445184116304 41.3923653308382, 2.14451925555101 41.3923635261657, 2.1445826380309 41.3923681768754, 2.14465695917422 41.392381502017, 2.14472780011797 41.3924029980623, 2.14478927209057 41.3924308530773, 2.14483524392231 41.392458201934, 2.14489033848209 41.3925010907452, 2.14493945681778 41.3925536812281, 2.14496769212536 41.3925970189375, 2.14499048183303 41.3926506387631, 2.14500188164398 41.3927062817018, 2.14500232547772 41.3927545651718, 2.14499504009213 41.3928030073866, 2.1449783541293 41.3928550097652, 2.14556474766738 41.3930034334516, 2.14548603132529 41.393154114437, 2.14507545753751 41.3934557114798, 2.14489888797387 41.3935919978665, 2.1440447115903 41.3942571552487, 2.1437848955589 41.394463619466, 2.14350891936494 41.3946708455268, 2.14291753541361 41.3951399115712, 2.14266775879069 41.3953319279284))"
"05","Sarrià-Sant Gervasi","26","Sant Gervasi - Galvany","106","060","POLYGON ((428188.4335 4583171.6275, 428171.1615 4583191.6645, 428155.2415 4583179.9655, 428121.1615 4583157.5605, 428114.9955 4583152.9055, 428112.1975 4583150.1555, 428098.6295 4583129.3155, 428145.9915 4583069.5775, 428150.2795 4583065.3215, 428157.0555 4583059.6995, 428160.6915 4583055.9615, 428176.1765 4583036.3035, 428236.6255 4582961.7495, 428253.1515 4582941.7955, 428266.1555 4582927.2905, 428321.4995 4583007.0055, 428319.4285 4583009.2115, 428269.4435 4583071.3175, 428234.4915 4583114.1255, 428219.2935 4583133.5135, 428188.4335 4583171.6275))","POLYGON ((2.1409630804978 41.3968763739505, 2.14075411174075 41.3970552966031, 2.14056507886965 41.3969485061826, 2.14016010434796 41.3967436677555, 2.14008690509005 41.3967011908584, 2.1400537645549 41.3966761725823, 2.13989395169749 41.3964872620001, 2.14046753781212 41.3959534590043, 2.14051933120494 41.395915510036, 2.14060104532456 41.3958654803017, 2.14064497861496 41.3958321384464, 2.14083252468192 41.3956564698204, 2.14156438209996 41.394990387999, 2.14176440942651 41.3948121447199, 2.14192166469172 41.3946826639315, 2.14257418145008 41.3954055604344, 2.14254914946313 41.3954252444157, 2.14194393092225 41.3959801517247, 2.14152079929552 41.3963625880031, 2.14133671782132 41.3965358515635, 2.1409630804978 41.3968763739505))"
"05","Sarrià-Sant Gervasi","26","Sant Gervasi - Galvany","107","061","POLYGON ((428441.5125 4583034.8015, 428440.9315 4583035.4145, 428356.3975 4582970.2725, 428398.8355 4582924.6655, 428421.6795 4582901.4315, 428443.1735 4582878.2955, 428513.8535 4582803.7455, 428528.4655 4582788.4695, 428562.4595 4582754.648, 428568.8753 4582737.8547, 428766.6069 4582802.1531, 428679.0475 4582892.4235, 428622.2115 4582846.5955, 428592.6855 4582874.8475, 428584.1275 4582884.5635, 428555.7175 4582914.8935, 428466.4315 4583007.9255, 428441.5125 4583034.8015))","POLYGON ((2.14400635113452 41.3956665962643, 2.14399932942766 41.3956720656169, 2.14299593606162 41.3950778304411, 2.14350891936494 41.3946708455268, 2.1437848955589 41.394463619466, 2.1440447115903 41.3942571552487, 2.14489888797387 41.3935919978665, 2.14507545753751 41.3934557114798, 2.14548603132529 41.393154114437, 2.14556474766738 41.3930034334516, 2.14792213288394 41.3936000826046, 2.14686424724896 41.3944053536311, 2.1461898532756 41.3939875558484, 2.14583337418523 41.3942393897182, 2.14572986944119 41.3943261380872, 2.14538648968859 41.3945967853743, 2.14430757899456 41.3954267515691, 2.14400635113452 41.3956665962643))"
"05","Sarrià-Sant Gervasi","26","Sant Gervasi - Galvany","107","062","POLYGON ((428225.8125 4583263.0735, 428189.9505 4583300.5245, 428167.3075 4583293.4415, 428149.5875 4583288.9995, 428122.1115 4583283.8155, 428100.0075 4583280.4745, 428156.1175 4583211.4175, 428168.7135 4583194.5055, 428188.4335 4583171.6275, 428219.2935 4583133.5135, 428234.4915 4583114.1255, 428269.4435 4583071.3175, 428319.4285 4583009.2115, 428356.3975 4582970.2725, 428440.9315 4583035.4145, 428422.1695 4583055.1975, 428397.5455 4583081.8535, 428356.4115 4583124.6855, 428318.7255 4583164.8845, 428287.5195 4583197.3105, 428225.8125 4583263.0735))","POLYGON ((2.14139933417957 41.3977033288488, 2.140965938602 41.3980374332505, 2.1406959392568 41.3979716170787, 2.14048451241086 41.3979300266092, 2.14015647979096 41.3978808808488, 2.13989248469992 41.3978488136733, 2.14057182497397 41.3972318600457, 2.14072449389704 41.3970806656866, 2.1409630804978 41.3968763739505, 2.14133671782132 41.3965358515635, 2.14152079929552 41.3963625880031, 2.14194393092225 41.3959801517247, 2.14254914946313 41.3954252444157, 2.14299593606162 41.3950778304411, 2.14399932942766 41.3956720656169, 2.14377258109226 41.3958485736385, 2.14347490380909 41.3960864616907, 2.14297783451565 41.3964685690873, 2.14252231291759 41.3968272672256, 2.14214521512265 41.3971165330689, 2.14139933417957 41.3977033288488))"
"05","Sarrià-Sant Gervasi","26","Sant Gervasi - Galvany","107","063","POLYGON ((428377.8455 4583392.5015, 428350.4895 4583372.3875, 428322.5975 4583356.2015, 428299.634 4583343.5715, 428272.1355 4583330.5615, 428245.6355 4583319.4015, 428222.0495 4583310.7735, 428189.9505 4583300.5245, 428225.8125 4583263.0735, 428287.5195 4583197.3105, 428318.7255 4583164.8845, 428356.4115 4583124.6855, 428397.5455 4583081.8535, 428545.6115 4583222.0145, 428410.7815 4583358.4115, 428377.8455 4583392.5015))","POLYGON ((2.14320252740326 41.3988825915412, 2.14287769001921 41.3986989955783, 2.14254597814931 41.398550728867, 2.14227279829633 41.3984349281714, 2.14194541970293 41.3983152998042, 2.14162976646608 41.3982124218288, 2.14134866933675 41.3981326078295, 2.140965938602 41.3980374332505, 2.14139933417957 41.3977033288488, 2.14214521512265 41.3971165330689, 2.14252231291759 41.3968272672256, 2.14297783451565 41.3964685690873, 2.14347490380909 41.3960864616907, 2.14522937435139 41.3973620075749, 2.14360052089758 41.3985784894082, 2.14320252740326 41.3988825915412))"
"05","Sarrià-Sant Gervasi","26","Sant Gervasi - Galvany","107","064","POLYGON ((428555.8455 4583211.1875, 428545.6115 4583222.0145, 428397.5455 4583081.8535, 428466.4315 4583007.9255, 428532.6275 4582939.1655, 428593.7905 4582986.9075, 428676.6675 4583051.0095, 428696.9105 4583066.3295, 428555.8455 4583211.1875))","POLYGON ((2.14535306265212 41.3972654023176, 2.14522937435139 41.3973620075749, 2.14347490380909 41.3960864616907, 2.14430757899456 41.3954267515691, 2.14510745310926 41.3948133423201, 2.14583337717305 41.3952487692852, 2.14681710266652 41.3958334661281, 2.14705742347955 41.3959732426456, 2.14535306265212 41.3972654023176))"
"05","Sarrià-Sant Gervasi","26","Sant Gervasi - Galvany","107","065","POLYGON ((428712.6605 4583050.6635, 428696.9105 4583066.3295, 428676.6675 4583051.0095, 428593.7905 4582986.9075, 428532.6275 4582939.1655, 428584.1275 4582884.5635, 428592.6855 4582874.8475, 428622.2115 4582846.5955, 428679.0475 4582892.4235, 428766.6069 4582802.1531, 428908.7955 4582848.39, 428782.6275 4582977.2755, 428712.6605 4583050.6635))","POLYGON ((2.14724765255195 41.3958335413209, 2.14705742347955 41.3959732426456, 2.14681710266652 41.3958334661281, 2.14583337717305 41.3952487692852, 2.14510745310926 41.3948133423201, 2.14572986944119 41.3943261380872, 2.14583337418523 41.3942393897182, 2.1461898532756 41.3939875558484, 2.14686424724896 41.3944053536311, 2.14792213288394 41.3936000826046, 2.1496173533844 41.3940291026395, 2.14809315288833 41.3951787627777, 2.14724765255195 41.3958335413209))"
"05","Sarrià-Sant Gervasi","26","Sant Gervasi - Galvany","108","066","POLYGON ((428813.4395 4583155.1715, 428775.0245 4583208.9335, 428651.0155 4583113.5375, 428696.9105 4583066.3295, 428712.6605 4583050.6635, 428782.6275 4582977.2755, 428908.7955 4582848.39, 429050.5998 4582894.502, 428993.2535 4582951.0295, 428885.7435 4583061.4025, 428813.4395 4583155.1715))","POLYGON ((2.14844077567167 41.396783732646, 2.14797496642135 41.3972645448466, 2.14650291380495 41.3963943562788, 2.14705742347955 41.3959732426456, 2.14724765255195 41.3958335413209, 2.14809315288833 41.3951787627777, 2.1496173533844 41.3940291026395, 2.15130801469858 41.3944569390458, 2.15061548627695 41.39496099991, 2.14931662299872 41.3959455881393, 2.14844077567167 41.396783732646))"
"05","Sarrià-Sant Gervasi","26","Sant Gervasi - Galvany","108","067","POLYGON ((429167.7485 4583165.7275, 429103.0755 4583241.5895, 429000.9645 4583154.6295, 428885.7435 4583061.4025, 428993.2535 4582951.0295, 429050.5998 4582894.502, 429335.9965 4582987.3074, 429261.5745 4583066.5665, 429167.7485 4583165.7275))","POLYGON ((2.1526774665929 41.3969100937211, 2.15189502212483 41.3975876551497, 2.15068384386578 41.3967954298072, 2.14931662299872 41.3959455881393, 2.15061548627695 41.39496099991, 2.15130801469858 41.3944569390458, 2.154710724293 41.3953179314467, 2.15381131580144 41.3960252461918, 2.1526774665929 41.3969100937211))"
"05","Sarrià-Sant Gervasi","26","Sant Gervasi - Galvany","108","068","POLYGON ((429216.4276 4583338.8049, 429117.3554 4583473.4357, 429080.5355 4583444.3675, 429012.0955 4583391.6935, 429027.0295 4583366.7285, 429050.6465 4583315.9465, 429062.1255 4583297.2775, 429081.1295 4583270.2765, 429103.0755 4583241.5895, 429167.7485 4583165.7275, 429261.5745 4583066.5665, 429335.9965 4582987.3074, 429419.8677 4583014.5806, 429382.9465 4583101.7835, 429356.0055 4583149.1305, 429216.4276 4583338.8049))","POLYGON ((2.15323949019805 41.398473224104, 2.15203868466759 41.3996770658224, 2.15160166358664 41.3994120127873, 2.15078918897337 41.3989315586496, 2.15097074838842 41.3987080266273, 2.15125919276775 41.3982527364895, 2.15139868461997 41.3980856045826, 2.15162916051983 41.3978440929995, 2.15189502212483 41.3975876551497, 2.1526774665929 41.3969100937211, 2.15381131580144 41.3960252461918, 2.154710724293 41.3953179314467, 2.15571071586077 41.3955709367329, 2.15525893594167 41.39635310026, 2.15493116993589 41.3967771711222, 2.15323949019805 41.398473224104))"
"05","Sarrià-Sant Gervasi","26","Sant Gervasi - Galvany","108","069","POLYGON ((429027.0295 4583366.7285, 429012.0955 4583391.6935, 428864.3875 4583277.3335, 428775.0245 4583208.9335, 428813.4395 4583155.1715, 428885.7435 4583061.4025, 429000.9645 4583154.6295, 429103.0755 4583241.5895, 429081.1295 4583270.2765, 429062.1255 4583297.2775, 429050.6465 4583315.9465, 429027.0295 4583366.7285))","POLYGON ((2.15097074838842 41.3987080266273, 2.15078918897337 41.3989315586496, 2.14903581747455 41.3978885079068, 2.14797496642135 41.3972645448466, 2.14844077567167 41.396783732646, 2.14931662299872 41.3959455881393, 2.15068384386578 41.3967954298072, 2.15189502212483 41.3975876551497, 2.15162916051983 41.3978440929995, 2.15139868461997 41.3980856045826, 2.15125919276775 41.3982527364895, 2.15097074838842 41.3987080266273))"
"05","Sarrià-Sant Gervasi","26","Sant Gervasi - Galvany","109","070","POLYGON ((428985.3285 4583423.8255, 428959.6365 4583450.2425, 428888.3215 4583379.1115, 428792.4155 4583305.2995, 428733.4815 4583260.4595, 428699.4455 4583233.5015, 428604.9775 4583160.7795, 428651.0155 4583113.5375, 428701.6775 4583152.6995, 428864.3875 4583277.3335, 429012.0955 4583391.6935, 428985.3285 4583423.8255))","POLYGON ((2.15046524684055 41.3992185958294, 2.15015483115554 41.3994542542052, 2.14931014537399 41.398807300543, 2.14817165025156 41.3981340167434, 2.14747199862045 41.3977249390432, 2.14706805965934 41.397479121484, 2.14594668252586 41.3968157606691, 2.14650291380495 41.3963943562788, 2.14710427155902 41.3967515668191, 2.14903581747455 41.3978885079068, 2.15078918897337 41.3989315586496, 2.15046524684055 41.3992185958294))"
"05","Sarrià-Sant Gervasi","26","Sant Gervasi - Galvany","109","071","POLYGON ((428815.8555 4583647.5235, 428803.9195 4583647.8165, 428793.2675 4583647.2855, 428770.2235 4583645.3615, 428746.4955 4583642.1575, 428722.4515 4583637.2955, 428671.0505 4583624.2685, 428779.2475 4583503.7975, 428804.7895 4583476.0175, 428845.8915 4583426.1835, 428885.5495 4583377.0265, 428888.3215 4583379.1115, 428911.0335 4583401.4995, 428959.6365 4583450.2425, 428985.3285 4583423.8255, 429012.0955 4583391.6935, 429080.5355 4583444.3675, 429117.3554 4583473.4357, 429050.2895 4583564.5725, 429013.1945 4583588.4925, 428985.3965 4583603.8755, 428969.8815 4583611.0825, 428952.5555 4583618.4765, 428915.7795 4583631.7625, 428886.5615 4583638.8365, 428869.3965 4583641.9375, 428853.4885 4583644.0615, 428827.7315 4583646.8675, 428815.8555 4583647.5235))","POLYGON ((2.14841178634903 41.4012183719126, 2.1482689746008 41.4012199540017, 2.14814161885557 41.4012142281819, 2.14786619515733 41.4011948582727, 2.14758274035468 41.4011638986271, 2.14729570108962 41.4011179773126, 2.14668238332432 41.400996089811, 2.14799079330911 41.3999206455904, 2.14829958500084 41.3996727038708, 2.14879708838187 41.3992275064689, 2.14927723308963 41.3987882765893, 2.14931014537399 41.398807300543, 2.14957918549401 41.3990109490062, 2.15015483115554 41.3994542542052, 2.15046524684055 41.3992185958294, 2.15078918897337 41.3989315586496, 2.15160166358664 41.3994120127873, 2.15203868466759 41.3996770658224, 2.15122578656141 41.4004919853783, 2.1507792595862 41.400704149522, 2.15044494051917 41.4008402436011, 2.15025850695791 41.4009037838035, 2.15005038815618 41.4009688479104, 2.14960891864143 41.4010852592626, 2.14925858536539 41.401146388336, 2.14905289510246 41.4011727994643, 2.14886235561124 41.4011905219928, 2.14855392305569 41.4012135149346, 2.14841178634903 41.4012183719126))"
"05","Sarrià-Sant Gervasi","26","Sant Gervasi - Galvany","109","072","POLYGON ((428809.7215 4583470.0695, 428804.7895 4583476.0175, 428761.8555 4583432.9055, 428732.2375 4583404.1935, 428671.4735 4583343.5775, 428632.1135 4583309.1235, 428589.8975 4583270.3875, 428575.7065 4583255.328, 428545.6115 4583222.0145, 428566.5395 4583200.1015, 428604.9775 4583160.7795, 428699.4455 4583233.5015, 428733.4815 4583260.4595, 428792.4155 4583305.2995, 428885.5495 4583377.0265, 428845.8915 4583426.1835, 428809.7215 4583470.0695))","POLYGON ((2.14835927912295 41.3996195692124, 2.14829958500084 41.3996727038708, 2.14779109759555 41.3992806080256, 2.14744020025625 41.3990193855403, 2.14672051303483 41.3984680527542, 2.14625377374193 41.398154246494, 2.14575338255464 41.397801618431, 2.14558541662982 41.3976647229985, 2.14522937435139 41.3973620075749, 2.14548228327196 41.3971665050729, 2.14594668252586 41.3968157606691, 2.14706805965934 41.397479121484, 2.14747199862045 41.3977249390432, 2.14817165025156 41.3981340167434, 2.14927723308963 41.3987882765893, 2.14879708838187 41.3992275064689, 2.14835927912295 41.3996195692124))"
"05","Sarrià-Sant Gervasi","26","Sant Gervasi - Galvany","109","073","POLYGON ((428672.1655 4583623.0395, 428671.0505 4583624.2685, 428654.3375 4583614.3375, 428620.1555 4583592.1915, 428599.5845 4583574.6135, 428515.0215 4583504.3265, 428543.0195 4583472.4895, 428586.6675 4583424.8975, 428627.1015 4583379.9525, 428665.5475 4583338.3895, 428671.4735 4583343.5775, 428732.2375 4583404.1935, 428761.8555 4583432.9055, 428804.7895 4583476.0175, 428779.2475 4583503.7975, 428672.1655 4583623.0395))","POLYGON ((2.1466958656 41.4009851196052, 2.14668238332432 41.400996089811, 2.14648363517316 41.4009051623179, 2.14607736671673 41.4007026681057, 2.14583337362989 41.4005425234615, 2.14483014972754 41.3999019623338, 2.1451688097458 41.3996177076732, 2.1456965234228 41.3991929429487, 2.14618547408836 41.3987917309295, 2.14665024104828 41.3984208007509, 2.14672051303483 41.3984680527542, 2.14744020025625 41.3990193855403, 2.14779109759555 41.3992806080256, 2.14829958500084 41.3996727038708, 2.14799079330911 41.3999206455904, 2.1466958656 41.4009851196052))"
"05","Sarrià-Sant Gervasi","26","Sant Gervasi - Galvany","109","074","POLYGON ((428520.1055 4583498.4755, 428515.0215 4583504.3265, 428498.3295 4583490.9475, 428419.4015 4583425.3575, 428392.4615 4583403.5355, 428377.7325 4583392.6145, 428410.7815 4583358.4115, 428545.6115 4583222.0145, 428575.7065 4583255.328, 428589.8975 4583270.3875, 428632.1135 4583309.1235, 428665.5475 4583338.3895, 428627.1015 4583379.9525, 428586.6675 4583424.8975, 428543.0195 4583472.4895, 428520.1055 4583498.4755))","POLYGON ((2.14489165357557 41.3998497166601, 2.14483014972754 41.3999019623338, 2.14463206593125 41.3997799787711, 2.14369571338562 41.399182212991, 2.14337605109749 41.3989832721696, 2.14320116239083 41.3988835992222, 2.14360052089758 41.3985784894082, 2.14522937435139 41.3973620075749, 2.14558541662982 41.3976647229985, 2.14575338255464 41.397801618431, 2.14625377374193 41.398154246494, 2.14665024104828 41.3984208007509, 2.14618547408836 41.3987917309295, 2.1456965234228 41.3991929429487, 2.1451688097458 41.3996177076732, 2.14489165357557 41.3998497166601))"
"05","Sarrià-Sant Gervasi","26","Sant Gervasi - Galvany","110","075","POLYGON ((428484.5295 4583831.1715, 428483.3315 4583831.6645, 428460.0215 4583795.4495, 428451.8665 4583781.9905, 428463.0915 4583765.9835, 428481.9875 4583740.6615, 428494.7675 4583726.6655, 428536.282 4583683.19, 428432.5375 4583606.1475, 428393.3995 4583573.0035, 428384.7815 4583565.1825, 428397.6725 4583487.5755, 428438.6855 4583441.3055, 428599.5845 4583574.6135, 428620.1555 4583592.1915, 428654.3375 4583614.3375, 428671.0505 4583624.2685, 428722.4515 4583637.2955, 428746.4955 4583642.1575, 428710.8315 4583674.8795, 428651.1435 4583718.5035, 428535.2315 4583805.6915, 428526.0405 4583811.7035, 428516.0435 4583817.0895, 428500.9055 4583824.0935, 428484.5295 4583831.1715))","POLYGON ((2.14442680343275 41.4028430139693, 2.14441241448347 41.4028473476573, 2.14413785581382 41.4025190997765, 2.14404189543063 41.4023971542538, 2.14417806172146 41.4022539844506, 2.14440708884064 41.402027600381, 2.14456161694436 41.401902680697, 2.14506334651299 41.401514805195, 2.14383146831634 41.400811686149, 2.14336722710554 41.4005096866872, 2.14326506584456 41.4004384785028, 2.14342844330482 41.3997406511905, 2.14392449426766 41.3993275668006, 2.14583337362989 41.4005425234615, 2.14607736671673 41.4007026681057, 2.14648363517316 41.4009051623179, 2.14668238332432 41.400996089811, 2.14729570108962 41.4011179773126, 2.14758274035468 41.4011638986271, 2.14715227812161 41.401455451507, 2.14643315213394 41.4018430611746, 2.14503631860155 41.4026180342238, 2.14492566461897 41.4026713648852, 2.14480544287234 41.4027189856418, 2.14462353228972 41.4027807217684, 2.14442680343275 41.4028430139693))"
"05","Sarrià-Sant Gervasi","26","Sant Gervasi - Galvany","110","076","POLYGON ((428327.3895 4583699.2735, 428324.7415 4583704.8645, 428309.5475 4583697.6715, 428256.3155 4583671.5035, 428238.1435 4583661.8055, 428217.1815 4583649.9925, 428170.8295 4583625.5795, 428155.4615 4583616.9235, 428245.5595 4583526.3575, 428310.8285 4583459.9185, 428377.7325 4583392.6145, 428392.4615 4583403.5355, 428438.6855 4583441.3055, 428397.6725 4583487.5755, 428384.7815 4583565.1825, 428388.6665 4583568.7095, 428357.2175 4583634.3815, 428342.3635 4583667.6655, 428327.3895 4583699.2735))","POLYGON ((2.14256268214151 41.4016410684629, 2.14253034488668 41.4016911882934, 2.14234944650736 41.4016250491831, 2.14171578873898 41.4013846163029, 2.14149956645502 41.4012956486077, 2.14125022190611 41.4011873824743, 2.14069866168144 41.4009633648425, 2.14051585947919 41.4008840306858, 2.14160432985753 41.4000763848984, 2.14239292363004 41.3994838174002, 2.14320116239083 41.3988835992222, 2.14337605109749 41.3989832721696, 2.14392449426766 41.3993275668006, 2.14342844330482 41.3997406511905, 2.14326506584456 41.4004384785028, 2.14331112002738 41.4004705908113, 2.14292716323703 41.4010592706619, 2.14274554203199 41.4013577225992, 2.14256268214151 41.4016410684629))"
"05","Sarrià-Sant Gervasi","26","Sant Gervasi - Galvany","110","077","POLYGON ((428194.9105 4584000.8595, 428177.6635 4584009.1125, 428164.7465 4584003.0515, 428113.9065 4583975.2735, 428102.3325 4583968.4825, 428075.5445 4583951.0315, 428064.2615 4583941.9875, 428141.194 4583889.2588, 428167.4068 4583896.3589, 428188.6985 4583893.5455, 428217.0435 4583878.7995, 428224.8035 4583872.6395, 428251.3055 4583840.6815, 428260.6195 4583828.2935, 428272.7235 4583808.0535, 428286.9435 4583838.3035, 428293.0365 4583848.5785, 428297.7785 4583852.8955, 428316.8225 4583862.3305, 428318.6255 4583859.0735, 428320.8955 4583856.1195, 428323.6095 4583853.5605, 428326.3975 4583851.6975, 428336.0115 4583847.2335, 428422.1495 4583803.2855, 428442.3795 4583793.2915, 428451.8665 4583781.9905, 428460.0215 4583795.4495, 428483.3315 4583831.6645, 428467.6235 4583838.0275, 428414.1835 4583858.6835, 428394.3315 4583867.5835, 428384.2255 4583873.0655, 428374.6765 4583879.4735, 428362.3055 4583889.1395, 428356.3795 4583894.2895, 428315.2355 4583932.8815, 428309.7145 4583937.4955, 428295.9435 4583947.6795, 428289.3315 4583951.9635, 428275.6535 4583959.7915, 428194.9105 4584000.8595))","POLYGON ((2.14094219874466 41.4043455098992, 2.14073490300073 41.4044183006377, 2.14058110313635 41.4043625576036, 2.13997623092215 41.4041078281874, 2.13983858466159 41.4040456294482, 2.13952020963172 41.4038860593523, 2.13938631307855 41.4038035942714, 2.14031286643621 41.4033355686163, 2.1406255884122 41.4034018588145, 2.14088061948444 41.4033784217757, 2.14122143894925 41.4032481419051, 2.14131499646334 41.4031933541209, 2.14163580785947 41.402907886977, 2.14174869186983 41.4027971444422, 2.14189588030174 41.4026159309241, 2.14206239825923 41.4028896489423, 2.14213406671506 41.4029827351692, 2.14219028014896 41.4030220395706, 2.14241697129256 41.4031087150205, 2.14243892488761 41.4030795412962, 2.1424664289409 41.4030531382022, 2.14249919742457 41.4030303322908, 2.14253276867908 41.4030138015575, 2.14264830191169 41.4029744531413, 2.14368389950853 41.402586304667, 2.14392707502676 41.4024980935186, 2.14404189543063 41.4023971542538, 2.14413785581382 41.4025190997765, 2.14441241448347 41.4028473476573, 2.14422376047225 41.4029032592085, 2.14358205776924 41.4030845429667, 2.14334353073986 41.4031629338009, 2.14322199171034 41.4032114078042, 2.14310700591101 41.4032682714092, 2.14295787679736 41.403354226935, 2.14288637878756 41.4034000828395, 2.14238963213794 41.4037439977906, 2.14232304153984 41.4037850619116, 2.14215710153408 41.4038755569424, 2.14207749879564 41.4039135514344, 2.14191294980231 41.4039828348671, 2.14094219874466 41.4043455098992))"
"05","Sarrià-Sant Gervasi","26","Sant Gervasi - Galvany","110","078","POLYGON ((428141.194 4583889.2588, 428064.2615 4583941.9875, 428039.7475 4583922.3355, 428009.2635 4583897.0355, 427980.2875 4583872.4735, 427950.1375 4583842.8995, 427940.9925 4583832.9785, 427991.5095 4583781.9115, 428020.3515 4583753.7675, 428155.4615 4583616.9235, 428170.8295 4583625.5795, 428217.1815 4583649.9925, 428238.1435 4583661.8055, 428256.3155 4583671.5035, 428309.5475 4583697.6715, 428326.0205 4583705.4695, 428315.6475 4583728.5235, 428298.8155 4583763.6875, 428289.5255 4583780.1875, 428260.6195 4583828.2935, 428251.3055 4583840.6815, 428224.8035 4583872.6395, 428217.0435 4583878.7995, 428188.6985 4583893.5455, 428167.4068 4583896.3589, 428141.194 4583889.2588))","POLYGON ((2.14031286643621 41.4033355686163, 2.13938631307855 41.4038035942714, 2.13909540432494 41.403624402987, 2.13873375407191 41.4033938072132, 2.13839005761864 41.4031699922676, 2.1380329164789 41.4029009300936, 2.13792470334503 41.402810756159, 2.13853507076859 41.4023553429565, 2.13888342766297 41.4021044442276, 2.14051585947919 41.4008840306858, 2.14069866168144 41.4009633648425, 2.14125022190611 41.4011873824743, 2.14149956645502 41.4012956486077, 2.14171578873898 41.4013846163029, 2.14234944650736 41.4016250491831, 2.1425455726193 41.4016967513041, 2.14241876110613 41.4019034646213, 2.14221325152746 41.40221867167, 2.14210016928922 41.4023664519516, 2.14174869186983 41.4027971444422, 2.14163580785947 41.402907886977, 2.14131499646334 41.4031933541209, 2.14122143894925 41.4032481419051, 2.14088061948444 41.4033784217757, 2.1406255884122 41.4034018588145, 2.14031286643621 41.4033355686163))"
"05","Sarrià-Sant Gervasi","26","Sant Gervasi - Galvany","110","079","POLYGON ((428317.6765 4583860.6995, 428316.8225 4583862.3305, 428297.7785 4583852.8955, 428293.0365 4583848.5785, 428286.9435 4583838.3035, 428272.7235 4583808.0535, 428289.5255 4583780.1875, 428298.8155 4583763.6875, 428315.6475 4583728.5235, 428325.9575 4583705.7555, 428326.0205 4583705.4695, 428324.7415 4583704.8645, 428342.3635 4583667.6655, 428357.2175 4583634.3815, 428388.6665 4583568.7095, 428432.5375 4583606.1475, 428536.282 4583683.19, 428494.7675 4583726.6655, 428481.9875 4583740.6615, 428463.0915 4583765.9835, 428451.8665 4583781.9905, 428442.3795 4583793.2915, 428422.1495 4583803.2855, 428336.0115 4583847.2335, 428326.3975 4583851.6975, 428324.0835 4583853.1835, 428321.3055 4583855.6795, 428319.3055 4583858.0755, 428317.6765 4583860.6995))","POLYGON ((2.14242738018269 41.4030941014073, 2.14241697129256 41.4031087150205, 2.14219028014896 41.4030220395706, 2.14213406671506 41.4029827351692, 2.14206239825923 41.4028896489423, 2.14189588030174 41.4026159309241, 2.14210016928922 41.4023664519516, 2.14221325152746 41.40221867167, 2.14241876110613 41.4019034646213, 2.14254478515304 41.4016993215748, 2.1425455726193 41.4016967513041, 2.14253034488668 41.4016911882934, 2.14274554203199 41.4013577225992, 2.14292716323703 41.4010592706619, 2.14331112002738 41.4004705908113, 2.14383146831634 41.400811686149, 2.14506334651299 41.401514805195, 2.14456161694436 41.401902680697, 2.14440708884064 41.402027600381, 2.14417806172146 41.4022539844506, 2.14404189543063 41.4023971542538, 2.14392707502676 41.4024980935186, 2.14368389950853 41.402586304667, 2.14264830191169 41.4029744531413, 2.14253276867908 41.4030138015575, 2.14250491215641 41.4030269790627, 2.1424713855543 41.4030492118543, 2.14244717738278 41.4030706133422, 2.14242738018269 41.4030941014073))"
"05","Sarrià-Sant Gervasi","27","el Putxet i el Farró","111","080","POLYGON ((428599.5785 4583993.4495, 428598.7315 4583994.2495, 428586.7035 4583980.2055, 428561.0155 4583952.4735, 428555.6915 4583945.8035, 428501.7935 4583860.8275, 428490.5575 4583842.6515, 428483.3315 4583831.6645, 428514.0575 4583818.0715, 428523.3195 4583813.2675, 428531.3575 4583808.3675, 428543.5735 4583799.4895, 428601.3695 4583755.7315, 428613.2495 4583747.2515, 428631.1395 4583733.4265, 428666.8685 4583772.5215, 428693.2515 4583800.0145, 428747.4985 4583858.7415, 428599.5785 4583993.4495))","POLYGON ((2.1457838998921 41.4043148131023, 2.14577367331426 41.4043219431575, 2.14563144573259 41.4041943860923, 2.14532742759127 41.4039423327727, 2.1452645270766 41.4038817856322, 2.14462981586008 41.4031116492152, 2.14449755534334 41.4029469459282, 2.14441241448347 41.4028473476573, 2.14478157003773 41.4027276535408, 2.14489293090715 41.4026852093078, 2.14498966128926 41.4026417915265, 2.14513683897462 41.402562916742, 2.14583336410273 41.4021739404727, 2.14597647353474 41.4020986193781, 2.14619210468345 41.4019756913088, 2.14661488945204 41.4023309753831, 2.14692724706832 41.4025809344087, 2.14756924520651 41.4031146749277, 2.1457838998921 41.4043148131023))"
"05","Sarrià-Sant Gervasi","27","el Putxet i el Farró","111","081","POLYGON ((428783.0415 4583826.1415, 428747.4985 4583858.7415, 428693.2515 4583800.0145, 428666.8685 4583772.5215, 428631.1395 4583733.4265, 428710.8315 4583674.8795, 428746.4955 4583642.1575, 428770.2235 4583645.3615, 428793.2675 4583647.2855, 428803.9195 4583647.8165, 428827.7315 4583646.8675, 428853.4885 4583644.0615, 428869.3965 4583641.9375, 428886.5615 4583638.8365, 428915.7795 4583631.7625, 428952.5555 4583618.4765, 428969.8815 4583611.0825, 428985.3965 4583603.8755, 429013.1945 4583588.4925, 429050.2895 4583564.5725, 429044.9991 4583590.5941, 429029.7195 4583603.9515, 428977.9545 4583651.4555, 428922.5875 4583701.3915, 428902.3535 4583720.2475, 428876.4295 4583742.8735, 428864.4595 4583754.0935, 428833.3245 4583781.9665, 428824.6355 4583788.3755, 428783.0415 4583826.1415))","POLYGON ((2.14799825489873 41.4028242087461, 2.14756924520651 41.4031146749277, 2.14692724706832 41.4025809344087, 2.14661488945204 41.4023309753831, 2.14619210468345 41.4019756913088, 2.14715227812161 41.401455451507, 2.14758274035468 41.4011638986271, 2.14786619515733 41.4011948582727, 2.14814161885557 41.4012142281819, 2.1482689746008 41.4012199540017, 2.14855392305569 41.4012135149346, 2.14886235561124 41.4011905219928, 2.14905289510246 41.4011727994643, 2.14925858536539 41.401146388336, 2.14960891864143 41.4010852592626, 2.15005038815618 41.4009688479104, 2.15025850695791 41.4009037838035, 2.15044494051917 41.4008402436011, 2.1507792595862 41.400704149522, 2.15122578656141 41.4004919853783, 2.15115945412212 41.4007258851854, 2.15097511636697 41.4008448416448, 2.15035033853009 41.4012681211114, 2.14968217993991 41.4017129827399, 2.14943792628194 41.4018810224252, 2.14912516430817 41.4020825131723, 2.1489806599133 41.4021825083735, 2.14860494362386 41.4024307942806, 2.14850025113549 41.4024877484729, 2.14799825489873 41.4028242087461))"
"05","Sarrià-Sant Gervasi","27","el Putxet i el Farró","111","082","POLYGON ((428856.1835 4583975.6835, 428854.7125 4583977.6285, 428818.9325 4583935.2835, 428807.7645 4583924.3165, 428747.4985 4583858.7415, 428824.6355 4583788.3755, 428833.3245 4583781.9665, 428864.4595 4583754.0935, 428876.4295 4583742.8735, 428902.3535 4583720.2475, 428922.5875 4583701.3915, 428977.9545 4583651.4555, 429029.7195 4583603.9515, 429044.9991 4583590.5941, 429046.0879 4583610.334, 429050.8063 4583626.8295, 429051.3175 4583637.7855, 429050.1595 4583656.8575, 429045.4835 4583675.6755, 429038.5935 4583691.0235, 428958.8535 4583830.9675, 428951.7215 4583845.6375, 428944.3615 4583867.1195, 428929.6155 4583891.6855, 428892.8595 4583961.8415, 428876.6675 4583952.7135, 428872.5195 4583955.9695, 428856.1835 4583975.6835))","POLYGON ((2.14885561797381 41.404177550891, 2.14883779259734 41.4041949385683, 2.14841475577721 41.403810386553, 2.14828244980086 41.4037106221926, 2.14756924520651 41.4031146749277, 2.14850025113549 41.4024877484729, 2.14860494362386 41.4024307942806, 2.1489806599133 41.4021825083735, 2.14912516430817 41.4020825131723, 2.14943792628194 41.4018810224252, 2.14968217993991 41.4017129827399, 2.15035033853009 41.4012681211114, 2.15097511636697 41.4008448416448, 2.15115945412212 41.4007258851854, 2.15117016456901 41.4009037710388, 2.15122467217042 41.4010527561055, 2.15122950307922 41.4011514777351, 2.15121341597279 41.4013231497863, 2.15115527635622 41.4014922236897, 2.15107105933261 41.4016298491873, 2.15010078726735 41.4028832290997, 2.15001375090255 41.4030147258841, 2.14992318715725 41.4032075554925, 2.1497439071575 41.4034275085156, 2.14929597888253 41.4040561261841, 2.14910335582026 41.4039724815298, 2.14905335312711 41.404001440073, 2.14885561797381 41.404177550891))"
"05","Sarrià-Sant Gervasi","27","el Putxet i el Farró","111","083","POLYGON ((428915.1915 4584233.4216, 428908.4647 4584238.9513, 428897.3416 4584227.9734, 428889.1945 4584220.9215, 428853.7422 4584190.7966, 428841.2236 4584181.513, 428829.1421 4584173.9917, 428819.8918 4584169.1382, 428805.8065 4584163.4316, 428787.7894 4584157.4247, 428794.5017 4584146.2582, 428809.5345 4584119.2305, 428837.7185 4584065.5485, 428862.1955 4584020.0535, 428836.8515 4584006.5315, 428843.2715 4583995.6745, 428854.7125 4583977.6285, 428872.5195 4583955.9695, 428876.6675 4583952.7135, 428892.8595 4583961.8415, 428929.6155 4583891.6855, 428944.3615 4583867.1195, 428944.1075 4583873.8035, 428953.7615 4583930.6455, 428958.8345 4583941.1755, 428972.689 4583957.9957, 428979.0575 4583970.3315, 428982.6475 4583982.8615, 428983.2695 4583995.5035, 428981.8345 4584004.8315, 428954.8635 4584099.9355, 428950.8715 4584122.6235, 428951.4875 4584132.5095, 428957.0695 4584152.5945, 428959.4495 4584176.4535, 428918.5035 4584230.699, 428915.1915 4584233.4216))","POLYGON ((2.14953122778526 41.4065041168011, 2.14945010635769 41.4065533257656, 2.14931833169658 41.4064534683742, 2.14922169758957 41.4063892340332, 2.1488011281689 41.406114774043, 2.14865246211883 41.4060300522836, 2.148508818151 41.405961241373, 2.14839872970631 41.4059167087996, 2.14823090183081 41.4058640644028, 2.14801607443912 41.4058083667926, 2.14809768569564 41.4057083891212, 2.1482806980526 41.4054662927003, 2.14862416593818 41.4049852954259, 2.14892232148176 41.4045777061244, 2.14862073313054 41.4044536757286, 2.14869880871938 41.4043564592533, 2.14883779259734 41.4041949385683, 2.14905335312711 41.404001440073, 2.14910335582026 41.4039724815298, 2.14929597888253 41.4040561261841, 2.1497439071575 41.4034275085156, 2.14992318715725 41.4032075554925, 2.14991936412952 41.4032677332434, 2.15002817636961 41.4037805403021, 2.15008762566295 41.4038758282239, 2.15025138496119 41.4040285453925, 2.15032612026644 41.4041402117882, 2.15036759532536 41.4042533817789, 2.1503735527198 41.4043672983156, 2.15035529208642 41.4044511852272, 2.1500214882821 41.4053053668641, 2.14997107004855 41.4055093560168, 2.14997727857335 41.4055984497986, 2.15004169687111 41.4057798408647, 2.15006736771749 41.4059949398749, 2.14957116859941 41.4064798882809, 2.14953122778526 41.4065041168011))"
"05","Sarrià-Sant Gervasi","27","el Putxet i el Farró","111","084","POLYGON ((428787.7894 4584157.4247, 428775.0195 4584161.7475, 428759.5825 4584158.7265, 428723.2405 4584155.4105, 428621.3695 4584146.9215, 428585.8615 4584142.6225, 428570.4075 4584140.2605, 428582.9405 4584127.9355, 428712.5855 4584010.8135, 428807.7645 4583924.3165, 428818.9325 4583935.2835, 428854.7125 4583977.6285, 428843.2715 4583995.6745, 428836.8515 4584006.5315, 428862.1955 4584020.0535, 428837.7185 4584065.5485, 428809.5345 4584119.2305, 428794.5017 4584146.2582, 428787.7894 4584157.4247))","POLYGON ((2.14801607443912 41.4058083667926, 2.14786280267261 41.4058461692219, 2.14767848927369 41.4058175923969, 2.14724412971438 41.4057845050635, 2.14602647501491 41.4056990092103, 2.14560221007605 41.4056571362571, 2.14541761712205 41.4056344896621, 2.14556900002157 41.4055245968458, 2.14713369737777 41.4044812324553, 2.14828244980086 41.4037106221926, 2.14841475577721 41.403810386553, 2.14883779259734 41.4041949385683, 2.14869880871938 41.4043564592533, 2.14862073313054 41.4044536757286, 2.14892232148176 41.4045777061244, 2.14862416593818 41.4049852954259, 2.1482806980526 41.4054662927003, 2.14809768569564 41.4057083891212, 2.14801607443912 41.4058083667926))"
"05","Sarrià-Sant Gervasi","27","el Putxet i el Farró","111","085","POLYGON ((428582.9405 4584127.9355, 428570.4075 4584140.2605, 428563.9295 4584139.2695, 428513.9075 4584130.3525, 428467.6475 4584119.4835, 428473.0081 4584109.1392, 428582.9575 4584008.5285, 428747.4985 4583858.7415, 428807.7645 4583924.3165, 428712.5855 4584010.8135, 428582.9405 4584127.9355))","POLYGON ((2.14556900002157 41.4055245968458, 2.14541761712205 41.4056344896621, 2.14534023968538 41.4056249884978, 2.14474289460867 41.405540230037, 2.14419078539424 41.4054382223712, 2.14425613492095 41.4053455324162, 2.14558329261405 41.4044491472856, 2.14756924520651 41.4031146749277, 2.14828244980086 41.4037106221926, 2.14713369737777 41.4044812324553, 2.14556900002157 41.4055245968458))"
"05","Sarrià-Sant Gervasi","27","el Putxet i el Farró","111","086","POLYGON ((428473.0081 4584109.1392, 428467.6475 4584119.4835, 428436.7875 4584111.8905, 428399.5395 4584101.4405, 428361.7335 4584005.0285, 428403.3375 4583989.1895, 428428.278 4583967.045, 428443.5355 4583952.6555, 428517.1945 4583884.8455, 428555.6915 4583945.8035, 428561.0155 4583952.4735, 428586.7035 4583980.2055, 428598.7315 4583994.2495, 428473.0081 4584109.1392))","POLYGON ((2.14425613492095 41.4053455324162, 2.14419078539424 41.4054382223712, 2.14382251534283 41.4053670887281, 2.14337816676738 41.4052696531453, 2.14293731866208 41.4043979413026, 2.1434368788706 41.4042589920941, 2.14373784674188 41.4040617662747, 2.14392206433544 41.4039335240145, 2.14481121000507 41.4033293392482, 2.1452645270766 41.4038817856322, 2.14532742759127 41.4039423327727, 2.14563144573259 41.4041943860923, 2.14577367331426 41.4043219431575, 2.14425613492095 41.4053455324162))"
"05","Sarrià-Sant Gervasi","27","el Putxet i el Farró","111","087","POLYGON ((428361.7335 4584005.0285, 428399.5395 4584101.4405, 428359.5545 4584089.0705, 428328.3845 4584078.3905, 428278.0355 4584058.3095, 428254.1105 4584047.6765, 428199.9175 4584019.6205, 428177.6635 4584009.1125, 428194.9105 4584000.8595, 428275.6535 4583959.7915, 428289.3315 4583951.9635, 428295.9435 4583947.6795, 428309.7145 4583937.4955, 428315.2355 4583932.8815, 428356.3795 4583894.2895, 428362.3055 4583889.1395, 428374.6765 4583879.4735, 428384.2255 4583873.0655, 428394.3315 4583867.5835, 428414.1835 4583858.6835, 428467.6235 4583838.0275, 428483.3315 4583831.6645, 428517.1945 4583884.8455, 428443.5355 4583952.6555, 428428.278 4583967.045, 428403.3375 4583989.1895, 428361.7335 4584005.0285))","POLYGON ((2.14293731866208 41.4043979413026, 2.14337816676738 41.4052696531453, 2.14290130513358 41.4051546792944, 2.14252969529528 41.4050557105602, 2.14192977045621 41.4048703588239, 2.1416448267532 41.4047724569005, 2.1409998692745 41.4045149297306, 2.14073490300073 41.4044183006377, 2.14094219874466 41.4043455098992, 2.14191294980231 41.4039828348671, 2.14207749879564 41.4039135514344, 2.14215710153408 41.4038755569424, 2.14232304153984 41.4037850619116, 2.14238963213794 41.4037439977906, 2.14288637878756 41.4034000828395, 2.14295787679736 41.403354226935, 2.14310700591101 41.4032682714092, 2.14322199171034 41.4032114078042, 2.14334353073986 41.4031629338009, 2.14358205776924 41.4030845429667, 2.14422376047225 41.4029032592085, 2.14441241448347 41.4028473476573, 2.14481121000507 41.4033293392482, 2.14392206433544 41.4039335240145, 2.14373784674188 41.4040617662747, 2.1434368788706 41.4042589920941, 2.14293731866208 41.4043979413026))"
"05","Sarrià-Sant Gervasi","27","el Putxet i el Farró","112","088","POLYGON ((428538.5035 4584405.0055, 428534.7395 4584408.8755, 428466.9275 4584354.9995, 428464.8395 4584332.6345, 428463.7535 4584311.7035, 428462.4195 4584298.1215, 428455.9615 4584247.9295, 428453.1395 4584233.7515, 428450.1575 4584226.4185, 428446.6515 4584221.0175, 428370.7395 4584135.5815, 428276.8775 4584076.1915, 428283.1375 4584060.3445, 428328.3845 4584078.3905, 428359.5545 4584089.0705, 428402.0165 4584102.2065, 428436.7875 4584111.8905, 428467.6475 4584119.4835, 428521.5295 4584179.4135, 428633.9575 4584306.4715, 428607.0785 4584334.8795, 428578.0495 4584364.1095, 428538.5035 4584405.0055))","POLYGON ((2.14500469852525 41.4080161053886, 2.14495921225131 41.4080506262717, 2.14415433569499 41.4075593553397, 2.14413200045193 41.4073577370843, 2.14412148273925 41.4071691234439, 2.14410712958203 41.4070466771804, 2.14403580618606 41.4065940435026, 2.14400372302806 41.4064660968541, 2.14396891671675 41.4063997860894, 2.14392761353927 41.406350829412, 2.14302960252389 41.4055745816311, 2.141913798824 41.405031311377, 2.14199056228497 41.4048891424004, 2.14252969529528 41.4050557105602, 2.14290130513358 41.4051546792944, 2.14340770759357 41.4052767728089, 2.14382251534283 41.4053670887281, 2.14419078539424 41.4054382223712, 2.14482828012625 41.4059827804335, 2.14615824797619 41.4071371296881, 2.14583334376623 41.4073906023238, 2.14548261941004 41.4076512864008, 2.14500469852525 41.4080161053886))"
"05","Sarrià-Sant Gervasi","27","el Putxet i el Farró","112","089","POLYGON ((428761.0815 4584401.1875, 428722.0316 4584466.6482, 428693.1155 4584435.3335, 428650.4895 4584388.3875, 428645.0135 4584383.6015, 428604.0895 4584337.8915, 428633.9575 4584306.4715, 428521.5295 4584179.4135, 428467.6475 4584119.4835, 428513.9075 4584130.3525, 428563.9295 4584139.2695, 428585.8615 4584142.6225, 428621.3695 4584146.9215, 428723.2405 4584155.4105, 428759.5825 4584158.7265, 428775.0195 4584161.7475, 428787.7894 4584157.4247, 428805.8065 4584163.4316, 428819.8918 4584169.1382, 428829.1421 4584173.9917, 428841.2236 4584181.513, 428853.7422 4584190.7966, 428897.3416 4584227.9734, 428908.4647 4584238.9513, 428898.9675 4584246.7585, 428873.4598 4584276.7113, 428865.769 4584269.734, 428866.235 4584269.22, 428857.679 4584261.457, 428857.309 4584261.885, 428853.592 4584258.674, 428867.989 4584242.786, 428863.6181 4584238.8981, 428853.92 4584250.238, 428847.7071 4584244.9681, 428845.6241105 4584247.348088, 428846.1029895 4584247.7310115, 428831.2943 4584264.545, 428830.223 4584263.605, 428828.108 4584264.056, 428826.997 4584265.172, 428824.8761 4584263.1861, 428819.707104 4584268.546096, 428829.186 4584277.301, 428819.202 4584288.198, 428843.0297 4584310.097, 428761.0815 4584401.1875))","POLYGON ((2.1476678812341 41.408001474913, 2.14719301143575 41.4085875914228, 2.14685077072561 41.4083029878706, 2.14634636239111 41.4078763816901, 2.14628141665766 41.4078327900384, 2.14579723094003 41.4074174647212, 2.14615824797619 41.4071371296881, 2.14482828012625 41.4059827804335, 2.14419078539424 41.4054382223712, 2.14474289460867 41.405540230037, 2.14534023968538 41.4056249884978, 2.14560221007605 41.4056571362571, 2.14602647501491 41.4056990092103, 2.14724412971438 41.4057845050635, 2.14767848927369 41.4058175923969, 2.14786280267261 41.4058461692219, 2.14801607443912 41.4058083667926, 2.14823090183081 41.4058640644028, 2.14839872970631 41.4059167087996, 2.148508818151 41.405961241373, 2.14865246211883 41.4060300522836, 2.1488011281689 41.406114774043, 2.14931833169658 41.4064534683742, 2.14945010635769 41.4065533257656, 2.14933557524112 41.406622802183, 2.1490269090596 41.4068903186956, 2.1489357245225 41.4068267963823, 2.14894135966375 41.406822208224, 2.14883991734409 41.4067515327843, 2.14883544075179 41.4067553548658, 2.14879135204757 41.4067261056911, 2.1489654495069 41.4065842828342, 2.14891361788955 41.406548879273, 2.14879626758436 41.4066501550033, 2.14872256283087 41.4066021412008, 2.14869736443773 41.4066233924384, 2.14870304819812 41.4066268836669, 2.14852391615941 41.4067770096826, 2.14851121081821 41.4067684486283, 2.14848585619951 41.4067723233527, 2.14847243414915 41.4067822763568, 2.14844729553146 41.4067642023574, 2.14838482883259 41.4068120200298, 2.14849719465242 41.406891711263, 2.14837647496213 41.4069889722097, 2.14865895006699 41.407188317397, 2.1476678812341 41.408001474913))"
"05","Sarrià-Sant Gervasi","27","el Putxet i el Farró","112","090","POLYGON ((428660.8164 4584569.2653, 428648.6107 4584589.7262, 428524.1055 4584506.1595, 428502.9875 4584491.5495, 428465.0975 4584466.2415, 428441.0495 4584450.7425, 428433.5655 4584444.9895, 428430.2678 4584441.4095, 428406.4615 4584399.5675, 428369.1775 4584328.0415, 428323.2795 4584244.6975, 428322.7295 4584242.0015, 428323.2695 4584240.2335, 428323.9075 4584239.4975, 428325.6495 4584238.5015, 428327.9755 4584238.2375, 428351.8885 4584242.4975, 428369.9175 4584245.3115, 428411.7175 4584250.3895, 428456.8875 4584254.5775, 428462.4195 4584298.1215, 428463.7535 4584311.7035, 428464.8395 4584332.6345, 428466.9275 4584354.9995, 428534.7395 4584408.8755, 428578.0495 4584364.1095, 428604.0895 4584337.8915, 428645.0135 4584383.6015, 428650.4895 4584388.3875, 428693.1155 4584435.3335, 428722.0316 4584466.6482, 428660.8164 4584569.2653))","POLYGON ((2.14644858124039 41.4095063915503, 2.14630014675455 41.4096895911786, 2.14482050580106 41.4089258781265, 2.14456959084445 41.4087924136876, 2.14411929379553 41.4085611037536, 2.14383343460082 41.4084193701102, 2.14374458228313 41.4083668889061, 2.14370555462597 41.4083343517017, 2.14342570529553 41.4079553779712, 2.14298813817252 41.4073078510554, 2.14244893100373 41.4065531145849, 2.14244267072234 41.4065287837773, 2.14244934005357 41.4065129082751, 2.1424570595211 41.4065063363115, 2.14247801676977 41.4064975210692, 2.14250587363278 41.4064953507158, 2.14279143705845 41.4065358504895, 2.14300678246157 41.4065628017437, 2.14350622973191 41.4066122607954, 2.14404609794103 41.4066540017508, 2.14410712958203 41.4070466771804, 2.14412148273925 41.4071691234439, 2.14413200045193 41.4073577370843, 2.14415433569499 41.4075593553397, 2.14495921225131 41.4080506262717, 2.14548261941004 41.4076512864008, 2.14579723094003 41.4074174647212, 2.14628141665766 41.4078327900384, 2.14634636239111 41.4078763816901, 2.14685077072561 41.4083029878706, 2.14719301143575 41.4085875914228, 2.14644858124039 41.4095063915503))"
"05","Sarrià-Sant Gervasi","27","el Putxet i el Farró","112","091","POLYGON ((428387.3335 4584791.7295, 428383.1485 4584792.3825, 428349.0685 4584718.4075, 428398.9995 4584710.1195, 428526.2375 4584546.0815, 428546.1575 4584520.7965, 428597.0895 4584555.3485, 428648.6107 4584589.7262, 428630.1315 4584620.7035, 428621.0655 4584639.3915, 428591.4355 4584716.3975, 428580.193024 4584731.1599435, 428571.6375 4584741.8095, 428563.5261555 4584750.7452515, 428555.1735 4584757.5475, 428542.0055 4584766.2015, 428522.9455 4584774.3455, 428497.4515 4584779.2195, 428387.3335 4584791.7295))","POLYGON ((2.14315046434577 41.4114857151823, 2.14310031867225 41.4114912235855, 2.14270135320806 41.410821924136, 2.14329969093025 41.4107517271517, 2.14484129632228 41.4092856288589, 2.14508259235373 41.4090596682316, 2.14568783190055 41.4093753900507, 2.14630014675455 41.4096895911786, 2.14607541815374 41.4099669505188, 2.14596475260179 41.4101344606715, 2.14560118553055 41.4108253903914, 2.14546494194061 41.4109573507624, 2.14536132921915 41.4110525066712, 2.14526323256724 41.4111322664231, 2.14516250061204 41.4111927890526, 2.14500394027777 41.411269561451, 2.14477494939781 41.4113412163051, 2.14446936959952 41.4113828467941, 2.14315046434577 41.4114857151823))"
"05","Sarrià-Sant Gervasi","27","el Putxet i el Farró","112","092","POLYGON ((428343.8415 4584719.2615, 428327.3185 4584721.8375, 428275.9715 4584660.9315, 428184.6165 4584551.1795, 428187.3885 4584378.8055, 428114.014 4584362.945, 428101.0033 4584357.7553, 428102.6065 4584276.8815, 428150.3045 4584278.2895, 428152.5875 4584181.6515, 428152.7115 4584159.9735, 428154.3115 4584084.3775, 428125.2955 4584095.5035, 428113.3975 4584099.7025, 428111.4405 4584101.0565, 428092.3025 4584079.9355, 428100.3135 4584071.8795, 428122.4455 4584052.9015, 428177.6635 4584009.1125, 428199.9175 4584019.6205, 428254.1105 4584047.6765, 428283.1375 4584060.3445, 428276.8775 4584076.1915, 428370.7395 4584135.5815, 428446.6515 4584221.0175, 428450.1575 4584226.4185, 428453.1395 4584233.7515, 428455.9615 4584247.9295, 428456.8875 4584254.5775, 428411.7175 4584250.3895, 428369.9175 4584245.3115, 428351.8885 4584242.4975, 428327.9755 4584238.2375, 428325.6495 4584238.5015, 428323.9075 4584239.4975, 428322.9115 4584241.0915, 428322.9175 4584243.8415, 428369.1775 4584328.0415, 428406.4615 4584399.5675, 428430.2678 4584441.4095, 428433.5655 4584444.9895, 428441.0495 4584450.7425, 428465.0975 4584466.2415, 428546.1575 4584520.7965, 428526.2375 4584546.0815, 428398.9995 4584710.1195, 428343.8415 4584719.2615))","POLYGON ((2.14263871808597 41.4108291497758, 2.14244073758587 41.4108508774984, 2.14183365940253 41.4102977421881, 2.1407537549613 41.4093010946413, 2.14080737267932 41.407748841556, 2.13993147189162 41.4075994342157, 2.13977644082469 41.4075515291265, 2.1398052277809 41.4068232759463, 2.14037566735916 41.4068402219146, 2.14041445085055 41.4059700475616, 2.14041850761389 41.4057748138659, 2.14044662151551 41.4050940949076, 2.14009819379639 41.4051917084982, 2.13995536398167 41.4052284633046, 2.1399317923273 41.4052404832217, 2.13970536107405 41.405048543497, 2.13980215028144 41.404976702961, 2.14006915953072 41.4048077550704, 2.14073490300073 41.4044183006377, 2.1409998692745 41.4045149297306, 2.1416448267532 41.4047724569005, 2.14199056228497 41.4048891424004, 2.141913798824 41.405031311377, 2.14302960252389 41.4055745816311, 2.14392761353927 41.406350829412, 2.14396891671675 41.4063997860894, 2.14400372302806 41.4064660968541, 2.14403580618606 41.4065940435026, 2.14404609794103 41.4066540017508, 2.14350622973191 41.4066122607954, 2.14300678246157 41.4065628017437, 2.14279143705845 41.4065358504895, 2.14250587363278 41.4064953507158, 2.14247801676977 41.4064975210692, 2.1424570595211 41.4065063363115, 2.14244495573606 41.4065206040084, 2.14244470182482 41.4065453726661, 2.14298813817252 41.4073078510554, 2.14342570529553 41.4079553779712, 2.14370555462597 41.4083343517017, 2.14374458228313 41.4083668889061, 2.14383343460082 41.4084193701102, 2.14411929379553 41.4085611037536, 2.14508259235373 41.4090596682316, 2.14484129632228 41.4092856288589, 2.14329969093025 41.4107517271517, 2.14263871808597 41.4108291497758))"
"05","Sarrià-Sant Gervasi","27","el Putxet i el Farró","113","093","POLYGON ((428102.6065 4584276.8815, 428101.0033 4584357.7553, 428076.5355 4584350.1075, 428043.5915 4584343.0815, 427983.3525 4584329.6415, 428020.2455 4584230.6575, 428030.4735 4584204.0815, 428036.6875 4584188.8815, 428042.7755 4584178.3315, 428058.7975 4584136.3935, 428063.3175 4584126.8055, 428069.3505 4584115.2255, 428084.5495 4584089.8015, 428092.3025 4584079.9355, 428111.4405 4584101.0565, 428113.3975 4584099.7025, 428125.2955 4584095.5035, 428154.3115 4584084.3775, 428152.7115 4584159.9735, 428152.5875 4584181.6515, 428150.3045 4584278.2895, 428102.6065 4584276.8815))","POLYGON ((2.1398052277809 41.4068232759463, 2.13977644082469 41.4075515291265, 2.13948464049541 41.4074804597141, 2.13909136600828 41.407414231154, 2.13837232557252 41.4072877881608, 2.13882544863529 41.4063995851378, 2.13895096466365 41.4061611419711, 2.13902710870549 41.4060247982155, 2.13910119227645 41.4059303237364, 2.13929784420684 41.4055540396187, 2.13935305506236 41.4054680889724, 2.13942660198284 41.4053643325602, 2.13961144294262 41.4051367089484, 2.13970536107405 41.405048543497, 2.1399317923273 41.4052404832217, 2.13995536398167 41.4052284633046, 2.14009819379639 41.4051917084982, 2.14044662151551 41.4050940949076, 2.14041850761389 41.4057748138659, 2.14041445085055 41.4059700475616, 2.14037566735916 41.4068402219146, 2.1398052277809 41.4068232759463))"
"05","Sarrià-Sant Gervasi","27","el Putxet i el Farró","113","094","POLYGON ((427992.2649 4584773.3043, 427994.3981 4584780.9779, 427980.8415 4584779.8445, 427980.6675 4584771.7475, 427979.7375 4584764.6915, 427976.8635 4584752.6975, 427973.2715 4584740.9075, 427967.9735 4584729.3215, 427962.2615 4584717.9315, 427955.4935 4584708.3615, 427951.8035 4584703.7995, 427944.8975 4584696.2155, 427935.3975 4584687.0175, 427929.8775 4584682.8455, 427894.7875 4584664.6715, 427882.5125 4584659.2855, 427891.3885 4584634.3415, 427897.4815 4584618.3395, 427898.8455 4584612.9865, 427899.2255 4584610.2095, 427899.1255 4584607.1115, 427898.4895 4584603.2235, 427897.4495 4584599.1415, 427896.2635 4584596.3015, 427894.6175 4584593.7025, 427892.5535 4584591.4195, 427890.1335 4584589.5175, 427887.4275 4584588.0515, 427900.3735 4584550.1915, 427939.8575 4584446.2935, 427949.2755 4584420.1935, 427961.4055 4584388.7655, 427983.3525 4584329.6415, 428043.5915 4584343.0815, 428076.5355 4584350.1075, 428101.0033 4584357.7553, 428099.4395 4584431.0795, 428098.7475 4584444.6875, 428098.1985 4584490.9185, 428093.2165 4584716.8655, 428074.9895 4584726.2375, 428063.775500001 4584732.4915, 427992.2649 4584773.3043))","POLYGON ((2.13842615085487 41.4112844694357, 2.13845075867547 41.4113537733885, 2.13828870604899 41.4113423507047, 2.13828758811558 41.4112694088937, 2.13827730171648 41.4112057751821, 2.13824434569434 41.4110974928123, 2.13820277558395 41.4109909834306, 2.13814077134244 41.4108861584837, 2.13807379102223 41.4107830616864, 2.13799396064552 41.4106962621591, 2.13795035812156 41.4106548434111, 2.13786864059492 41.4105859184817, 2.13775608194395 41.4105022243139, 2.137690539923 41.4104641539531, 2.13727290405577 41.4102973213605, 2.13712669358384 41.4102477106886, 2.13723585433304 41.4100238471007, 2.13731065457383 41.4098802705238, 2.13732761055606 41.409832180696, 2.13733248755184 41.4098072035303, 2.13733166033994 41.4097792921974, 2.13732451485804 41.409744217591, 2.13731255927483 41.4097073594685, 2.1372987090538 41.4096816744112, 2.13727932695437 41.4096581186709, 2.13725490650694 41.4096373715057, 2.13722618169895 41.4096200239019, 2.13719398341364 41.4096065774979, 2.13735337263033 41.4092667499914, 2.1378381054658 41.4083345255164, 2.13795388212107 41.4081002981043, 2.13810273606713 41.4078183265632, 2.13837232557252 41.4072877881608, 2.13909136600828 41.407414231154, 2.13948464049541 41.4074804597141, 2.13977644082469 41.4075515291265, 2.13974902141647 41.4082117896421, 2.1397391261032 41.4083342892971, 2.13972706535844 41.4087506234123, 2.13964061488652 41.4107851871184, 2.13942143975045 41.4108679658813, 2.1392865359072 41.41092328942, 2.13842615085487 41.4112844694357))"
"05","Sarrià-Sant Gervasi","27","el Putxet i el Farró","113","095","POLYGON ((427946.0951 4585080.1329, 427936.6235 4585087.5605, 427934.5872 4585082.1238, 427932.0065 4585062.5935, 427932.9875 4585056.3735, 427936.3505 4585038.6175, 427940.4015 4585021.0855, 427944.7675 4584998.8815, 427960.7875 4584908.7095, 427971.3125 4584846.4865, 427977.5655 4584815.1215, 427979.5085 4584802.4995, 427980.8415 4584779.8445, 427994.3981 4584780.9779, 428120.3049 4584898.8524, 427956.0605 4585072.318, 427946.0951 4585080.1329))","POLYGON ((2.13783724767733 41.4140438048378, 2.13772304259093 41.4141098527609, 2.1376993274324 41.4140607041619, 2.13767077785457 41.4138845717845, 2.13768325565804 41.4138286389059, 2.13772560620093 41.4136690198553, 2.13777616116888 41.4135114799422, 2.13783104100186 41.4133118895543, 2.13803344239281 41.4125011852998, 2.13816677035708 41.4119417127632, 2.13824531375883 41.4116597820024, 2.13827006179507 41.411546275159, 2.13828870604899 41.4113423507047, 2.13845075867547 41.4113537733885, 2.13994307100016 41.4124266889875, 2.13795740658202 41.4139743128215, 2.13783724767733 41.4140438048378))"
"05","Sarrià-Sant Gervasi","27","el Putxet i el Farró","113","096","POLYGON ((428151.1441 4584866.2819, 428120.3049 4584898.8524, 427994.3981 4584780.9779, 427992.2649 4584773.3043, 428063.775500001 4584732.4915, 428074.9895 4584726.2375, 428090.3675 4584718.3315, 428137.7165 4584762.9085, 428195.3005 4584815.4731, 428204.1017 4584820.3451, 428192.7315 4584825.3215, 428182.7255 4584832.9275, 428151.1441 4584866.2819))","POLYGON ((2.1403158969394 41.4121360978331, 2.13994307100016 41.4124266889875, 2.13845075867547 41.4113537733885, 2.13842615085487 41.4112844694357, 2.1392865359072 41.41092328942, 2.13942143975045 41.4108679658813, 2.13960635627723 41.4107981358715, 2.14016752826908 41.4112038568969, 2.14085020868957 41.4116824306254, 2.1409549263824 41.4117270969259, 2.14081830489509 41.4117709014906, 2.14069769215372 41.411838511488, 2.1403158969394 41.4121360978331))"
"05","Sarrià-Sant Gervasi","27","el Putxet i el Farró","113","097","POLYGON ((428192.3555 4584693.5435, 428139.9505 4584764.9505, 428090.3675 4584718.3315, 428093.2165 4584716.8655, 428093.5935 4584706.1875, 428098.1985 4584490.9185, 428098.7475 4584444.6875, 428099.4395 4584431.0795, 428101.0033 4584357.7553, 428114.014 4584362.945, 428187.3885 4584378.8055, 428184.6165 4584551.1795, 428244.0555 4584622.4775, 428212.7755 4584665.1345, 428192.3555 4584693.5435))","POLYGON ((2.14082944534114 41.4105839989373, 2.14019401268522 41.4112224480669, 2.13960635627723 41.4107981358715, 2.13964061488652 41.4107851871184, 2.139646394109 41.4106890486186, 2.13972706535844 41.4087506234123, 2.1397391261032 41.4083342892971, 2.13974902141647 41.4082117896421, 2.13977644082469 41.4075515291265, 2.13993147189162 41.4075994342157, 2.14080737267932 41.407748841556, 2.1407537549613 41.4093010946413, 2.14145639081391 41.4099485544147, 2.14107711241426 41.4103299550537, 2.14082944534114 41.4105839989373))"
"05","Sarrià-Sant Gervasi","27","el Putxet i el Farró","113","098","POLYGON ((428204.1945 4584820.3045, 428195.3005 4584815.4731, 428139.9505 4584764.9505, 428244.0555 4584622.4775, 428275.9715 4584660.9315, 428327.3185 4584721.8375, 428349.0685 4584718.4075, 428383.1485 4584792.3825, 428204.1945 4584820.3045))","POLYGON ((2.14095604144143 41.4117267395486, 2.14085020868957 41.4116824306254, 2.14019401268522 41.4112224480669, 2.14145639081391 41.4099485544147, 2.14183365940253 41.4102977421881, 2.14244073758587 41.4108508774984, 2.14270135320806 41.410821924136, 2.14310031867225 41.4114912235855, 2.14095604144143 41.4117267395486))"
"06","Gràcia","28","Vallcarca i els Penitents","114","001","POLYGON ((428652.5845 4584715.3905, 428609.739066 4584758.2464095, 428580.193024 4584731.1599435, 428591.4355 4584716.3975, 428621.0655 4584639.3915, 428630.1315 4584620.7035, 428761.0815 4584401.1875, 428843.0297 4584310.097, 428819.202 4584288.198, 428829.186 4584277.301, 428819.7071 4584268.5461, 428824.8761 4584263.1861, 428826.997 4584265.172, 428828.108 4584264.056, 428830.223 4584263.605, 428831.2941305 4584264.5448515, 428846.1031 4584247.7311, 428845.6241 4584247.3481, 428847.7071 4584244.9681, 428853.92 4584250.238, 428863.6181 4584238.8981, 428867.989 4584242.786, 428853.592 4584258.674, 428857.309 4584261.885, 428857.679 4584261.457, 428866.235 4584269.22, 428865.769 4584269.734, 428873.4598 4584276.7113, 428898.9675 4584246.7585, 428908.4647 4584238.9513, 428915.926 4584248.9924, 428947.5247 4584287.0538, 428951.0991 4584294.6767, 428953.0527 4584302.5025, 428953.7302 4584310.5704, 428952.5335 4584322.7428, 428951.1053 4584327.5648, 428941.6587 4584347.7506, 428925.6535 4584379.2155, 428906.6315 4584407.5215, 428844.7735 4584487.0535, 428832.6035 4584506.7355, 428819.6715 4584522.4775, 428777.6635 4584569.0795, 428720.8455 4584638.9655, 428688.6255 4584676.7155, 428674.3815 4584692.8315, 428652.5845 4584715.3905))","POLYGON ((2.14633287008919 41.4108217511754, 2.14581522560103 41.4112039323632, 2.14546494194061 41.4109573507624, 2.14560118553055 41.4108253903914, 2.14596475260179 41.4101344606715, 2.14607541815374 41.4099669505188, 2.1476678812341 41.408001474913, 2.14865895006699 41.407188317397, 2.14837647496213 41.4069889722097, 2.14849719465242 41.406891711263, 2.14838482878427 41.4068120200655, 2.14844729553146 41.4067642023574, 2.14847243414915 41.4067822763568, 2.14848585619951 41.4067723233527, 2.14851121081821 41.4067684486283, 2.14852391414916 41.4067770083301, 2.14870304950961 41.4066268844737, 2.14869736431071 41.4066233925455, 2.14872256283087 41.4066021412008, 2.14879626758436 41.4066501550033, 2.14891361788955 41.406548879273, 2.1489654495069 41.4065842828342, 2.14879135204757 41.4067261056911, 2.14883544075179 41.4067553548658, 2.14883991734409 41.4067515327843, 2.14894135966375 41.406822208224, 2.1489357245225 41.4068267963823, 2.1490269090596 41.4068903186956, 2.14933557524112 41.406622802183, 2.14945010635769 41.4065533257656, 2.14953818568725 41.4066444218224, 2.14991172942467 41.4069900194832, 2.14995359495002 41.4070589918789, 2.14997604712404 41.4071296484502, 2.14998320493171 41.4072023727323, 2.1499674598078 41.4073118989821, 2.14994980811464 41.4073552026066, 2.14983442799015 41.4075361731486, 2.14963926136999 41.4078181500837, 2.14940837365403 41.4080714088846, 2.14865900485554 41.4087822485964, 2.14851109690748 41.4089584390942, 2.14835453552717 41.4090990759066, 2.14784649424566 41.4095150802841, 2.14715852430533 41.4101394786755, 2.14676861032054 41.4104766196536, 2.14659630116267 41.4106205060264, 2.14633287008919 41.4108217511754))"
"06","Gràcia","28","Vallcarca i els Penitents","114","002","POLYGON ((428813.5295 4584657.5795, 428792.7295 4584686.2075, 428756.4265 4584660.9035, 428731.8051805 4584645.0169575, 428722.3465 4584637.1075, 428777.6635 4584569.0795, 428819.6715 4584522.4775, 428832.6035 4584506.7355, 428844.7735 4584487.0535, 428906.6315 4584407.5215, 428925.6535 4584379.2155, 428941.6587 4584347.7506, 428951.1053 4584327.5648, 428972.7008 4584350.2088, 428990.4538 4584370.082, 429012.9048 4584393.0507, 428972.4635 4584442.5205, 428966.1225 4584449.8675, 428953.8825 4584467.1075, 428813.5295 4584657.5795))","POLYGON ((2.1482651631791 41.4103153414859, 2.1480129519604 41.410571339892, 2.14758161601314 41.410340219968, 2.14728892812167 41.410194953551, 2.1471767004349 41.4101228775302, 2.14784649424566 41.4095150802841, 2.14835453552717 41.4090990759066, 2.14851109690748 41.4089584390942, 2.14865900485554 41.4087822485964, 2.14940837365403 41.4080714088846, 2.14963926136999 41.4078181500837, 2.14983442799015 41.4075361731486, 2.14994980811464 41.4073552026066, 2.15020549825503 41.4075610566671, 2.15041554686683 41.4077416152294, 2.15068143637324 41.4079504682656, 2.15019182502114 41.4083924508102, 2.15011510381095 41.4084580620039, 2.14996664978282 41.4086122541129, 2.1482651631791 41.4103153414859))"
"06","Gràcia","28","Vallcarca i els Penitents","114","003","POLYGON ((428899.6795 4584921.9265, 428888.1646 4584938.6744, 428884.984 4584936.334, 428882.906 4584937.428, 428881.301 4584937.404, 428879.9358 4584936.8212, 428845.1170305 4584913.4419535, 428750.1055 4584813.5135, 428720.1235 4584781.0305, 428691.1886955 4584751.197586, 428684.351846 4584745.3207475, 428652.5575 4584715.3655, 428674.3815 4584692.8315, 428688.6255 4584676.7155, 428722.3465 4584637.1075, 428731.8051805 4584645.0169575, 428756.4265 4584660.9035, 428800.8695 4584692.0135, 428877.2965 4584742.6475, 428976.4215 4584809.7455, 428899.6795 4584921.9265))","POLYGON ((2.14926476207485 41.4127038341197, 2.1491250291843 41.4128536569197, 2.1490872514484 41.4128322964523, 2.1490622615861 41.4128419657926, 2.14904306212516 41.4128416076093, 2.14902679732744 41.4128362377576, 2.14861297383695 41.4126225884297, 2.14748802396227 41.4117141561105, 2.14713315121435 41.4114189364871, 2.14679049771045 41.4111476769401, 2.14670939621076 41.4110941400447, 2.1463325500182 41.4108215236139, 2.14659630116267 41.4106205060264, 2.14676861032054 41.4104766196536, 2.1471767004349 41.4101228775302, 2.14728892812167 41.410194953551, 2.14758161601314 41.410340219968, 2.14810965264728 41.4106243533018, 2.14901804545302 41.4110871599416, 2.15019607307738 41.4117002502526, 2.14926476207485 41.4127038341197))"
"06","Gràcia","28","Vallcarca i els Penitents","114","004","POLYGON ((428999.6385 4585311.4015, 428996.3465 4585312.4615, 428996.4555 4585307.4675, 428997.9675 4585303.2675, 429008.4735 4585296.4835, 429018.6475 4585292.3895, 429026.5555 4585288.6275, 429036.8725 4585282.6415, 429043.1635 4585278.0355, 429047.2575 4585274.3675, 429048.3915 4585272.8395, 429049.3775 4585271.0195, 429050.3955 4585268.0355, 429050.6615 4585265.0155, 429050.1335 4585262.4395, 429042.2215 4585250.3345, 428967.8615 4585266.1505, 428956.8705 4585266.8535, 428938.2135 4585265.2125, 428924.1505 4585265.6815, 428914.3435 4585265.2995, 428904.6055 4585261.6935, 428888.2935 4585256.6415, 428866.9115 4585252.2815, 428860.1075 4585257.5015, 428848.2975 4585267.9135, 428840.0935 4585275.9095, 428837.9575 4585278.5035, 428830.5055 4585290.9275, 428824.9715 4585293.0335, 428815.9655 4585266.4135, 428802.5845 4585229.6855, 428799.1675 4585227.8455, 428789.3095 4585217.9235, 428723.0575 4585148.8655, 428542.3815 4585009.1355, 428531.0345 4585003.7885, 428529.0371 4584995.8376, 428521.2614 4584989.5953, 428523.2695 4584981.6055, 428527.4315 4584956.5835, 428529.4275 4584949.4135, 428532.1575 4584943.0095, 428536.0815 4584935.5795, 428539.8435 4584929.5175, 428544.2395 4584923.5095, 428549.8155 4584916.8335, 428557.7795 4584908.2775, 428563.0635 4584903.5795, 428567.0715 4584900.8175, 428602.2355 4584887.1035, 428602.9265 4584886.6575, 428603.5085 4584885.5255, 428602.4555 4584839.9615, 428601.6275 4584823.2455, 428600.6535 4584786.7595, 428582.7122195 4584785.2486355, 428652.5845 4584715.3905, 428684.351846 4584745.3207475, 428691.1886955 4584751.197586, 428720.1235 4584781.0305, 428750.1055 4584813.5135, 428845.1168 4584913.4418, 428879.9358 4584936.8212, 428881.301 4584937.404, 428882.906 4584937.428, 428884.984 4584936.334, 428888.1646 4584938.6744, 428885.1517 4584943.0578, 428893.6206 4584948.2933, 428908.0675 4584953.0695, 428917.1135 4584954.6935, 428930.9995 4584955.9755, 428934.8285 4584972.6215, 428939.5595 4584990.2635, 428946.8255 4585019.9035, 428950.5895 4585037.7715, 428951.4895 4585049.9925, 428951.7555 4585062.3075, 428950.2965 4585082.1595, 428947.8775 4585108.0945, 428947.2735 4585111.1595, 428945.1875 4585117.4495, 428939.9435 4585128.9575, 428930.0575 4585152.3637, 428929.4595 4585159.0265, 428929.5395 4585161.4735, 428931.1795 4585165.3395, 428939.7295 4585176.0455, 428944.6675 4585181.2815, 428956.4015 4585190.5415, 428962.7735 4585193.8475, 428981.0715 4585202.3295, 428996.2655 4585207.9275, 429012.9875 4585212.7875, 429019.3675 4585214.0215, 429031.9655 4585215.4735, 429055.5655 4585220.1475, 429054.8075 4585225.8815, 429054.5535 4585235.9375, 429055.2335 4585237.3415, 429056.8615 4585239.0415, 429060.7415 4585246.3455, 429061.7495 4585250.0315, 429063.5995 4585259.9675, 429063.7585 4585264.9135, 429063.1475 4585268.5555, 429061.4055 4585274.1355, 429060.0255 4585277.0395, 429056.5335 4585280.8775, 429051.1555 4585285.4075, 429047.0115 4585288.1375, 429042.0455 4585290.7915, 429036.9835 4585292.8655, 429027.3295 4585296.0435, 429016.1035 4585300.3175, 429011.4055 4585302.7435, 429005.6095 4585308.2795, 429002.0245 4585310.9755, 428999.6385 4585311.4015))","POLYGON ((2.15041496401809 41.4162205150749, 2.1503754519287 41.4162297711983, 2.15037734225602 41.4161848019014, 2.15039592578656 41.4161471078028, 2.15052242254008 41.4160869352594, 2.1506446311632 41.4160509609878, 2.15073968885823 41.4160177766463, 2.15086383012333 41.4159647742912, 2.15093963980595 41.4159238454229, 2.15098905314289 41.4158911707133, 2.15100280022149 41.4158775087589, 2.15101481078144 41.4158612038099, 2.15102734072249 41.4158344180075, 2.15103087750439 41.4158072415736, 2.1510248623288 41.4157839939667, 2.1509316184308 41.4156742705456, 2.15004007645004 41.4158101495055, 2.14990849112409 41.4158155095539, 2.14968546060345 41.4157990801429, 2.14951714756977 41.4158020605433, 2.14939985579286 41.4157977525765, 2.14928376849309 41.4157644133434, 2.14908919621815 41.4157174687549, 2.14883388255341 41.4156763076366, 2.14875186183469 41.4157227197424, 2.1486093356616 41.4158154507871, 2.14851023763185 41.4158867410516, 2.14848437610574 41.4159099149976, 2.14839375423158 41.4160211529273, 2.1483272942354 41.4160396306765, 2.14822267330344 41.4157990775677, 2.14806689793393 41.4154670981604, 2.14802623174346 41.4154502232962, 2.14790945352718 41.415359986438, 2.14712491830455 41.4147321360322, 2.14497974709494 41.4134576010655, 2.14484462165171 41.413408433873, 2.14482166375811 41.4133366457905, 2.14472937187635 41.4132797324566, 2.14475434092074 41.4132079502406, 2.14480709140695 41.4129829576062, 2.14483181863987 41.4129185578908, 2.14486523693632 41.4128611224844, 2.14491306139993 41.4127945524807, 2.14495878602083 41.4127402890612, 2.14501208936198 41.4126865683464, 2.14507958900724 41.4126269361108, 2.14517588049431 41.4125505837271, 2.14523965282719 41.4125087404664, 2.14528793049555 41.412484220513, 2.14571024959521 41.4123638287618, 2.14571856930803 41.4123598732085, 2.14572566590067 41.4123497294519, 2.14571844459484 41.4119392596897, 2.14571051106146 41.4117886319865, 2.14570316376505 41.4114599310278, 2.14548869666691 41.4114447292788, 2.14633287008919 41.4108217511754, 2.14670939621076 41.4110941400447, 2.14679049771045 41.4111476769401, 2.14713315121435 41.4114189364871, 2.14748802396227 41.4117141561105, 2.1486129710973 41.4126225870267, 2.14902679732744 41.4128362377576, 2.14904306212516 41.4128416076093, 2.1490622615861 41.4128419657926, 2.1490872514484 41.4128322964523, 2.1491250291843 41.4128536569197, 2.14908846749676 41.4128928698397, 2.14918917451278 41.412940773202, 2.14936145683662 41.4129850685669, 2.14946949297723 41.4130004954124, 2.14963547545418 41.4130132699105, 2.14967933064662 41.4131635323048, 2.14973386069481 41.413322845005, 2.14981731106602 41.4135904429456, 2.14986024586212 41.4137517055773, 2.14986957845515 41.4138618547535, 2.1498713147039 41.413972794498, 2.14985152744192 41.4141514644491, 2.14981953989793 41.4143848366334, 2.14981195347046 41.414412388446, 2.1497862571137 41.414468855496, 2.14972216438806 41.4145720397183, 2.149601135048 41.4147819756558, 2.14959319759924 41.4148419319047, 2.1495938672802 41.4148639781146, 2.14961303475014 41.4148989426401, 2.14971407296663 41.4149961233029, 2.14977253835685 41.4150437184514, 2.14991184169803 41.4151281569248, 2.14998769103327 41.4151584960084, 2.15020562109938 41.4152365072034, 2.15038675239477 41.4152882687228, 2.15058625234062 41.4153335180676, 2.150662441066 41.4153451957515, 2.15081299954077 41.415359385961, 2.1510948137601 41.4154035665712, 2.15108507219957 41.4154551434773, 2.15108085387876 41.4155456913855, 2.15108882511178 41.4155583966785, 2.15110810402451 41.4155738516136, 2.15115366994791 41.4156399783099, 2.15116529798261 41.4156732656045, 2.15118626730485 41.4157629184491, 2.15118758969106 41.4158074791085, 2.15117985225098 41.4158402271964, 2.15115835557457 41.4158903302277, 2.15114150386894 41.4159163635606, 2.15109927334945 41.4159506226031, 2.15103439634809 41.4159909476836, 2.15098449474551 41.4160151698106, 2.15092476709401 41.4160386348322, 2.150863958834 41.4160568675198, 2.15074807939951 41.4160846379105, 2.15061326283963 41.4161221405537, 2.15055676824133 41.4161435755511, 2.15048677142359 41.4161929240243, 2.15044356170238 41.4162168890734, 2.15041496401809 41.4162205150749))"
"06","Gràcia","28","Vallcarca i els Penitents","115","006","POLYGON ((428141.9765 4585482.0285, 428049.7195 4585530.3265, 428029.1355 4585474.6355, 428008.7295 4585420.6415, 428002.8895 4585407.1955, 427994.5955 4585389.3755, 427985.3405 4585372.3235, 427976.4915 4585358.0155, 427970.0955 4585348.8535, 427962.8455 4585339.0355, 427951.7375 4585325.8745, 427941.4955 4585314.6935, 427934.4955 4585307.5665, 427913.9545 4585288.0095, 427949.6615 4585244.5535, 427973.8015 4585216.8975, 427978.9475 4585210.2255, 427981.2935 4585206.0795, 427983.7995 4585200.6495, 428005.5175 4585213.9845, 428018.0655 4585219.1925, 428031.9485 4585223.1995, 428045.3865 4585224.7125, 428053.8725 4585224.6285, 428066.4635 4585221.5955, 428080.8125 4585214.4825, 428088.8475 4585208.3005, 428095.5555 4585201.3725, 428101.3055 4585193.5305, 428108.6275 4585178.1915, 428160.6715 4585061.1275, 428173.0605 4585039.9245, 428183.7055 4585026.2765, 428196.8985 4585012.5735, 428217.0015 4584996.1455, 428254.8295 4584968.3655, 428279.9575 4584952.6595, 428307.9075 4584939.0425, 428358.0975 4584919.2025, 428376.73628 4584910.7454465, 428390.3219555 4584902.9482925, 428414.0695 4584882.0375, 428423.1795 4584875.7175, 428436.5655 4584868.6855, 428456.9575 4584858.7195, 428470.7415 4584852.4695, 428521.3881 4584831.0772, 428539.5421275 4584821.2572715, 428554.9156095 4584810.6714605, 428582.7122195 4584785.2486355, 428600.6535 4584786.7595, 428601.6275 4584823.2455, 428602.4555 4584839.9615, 428602.7535 4584859.8115, 428603.5675 4584884.0995, 428603.2675 4584886.1855, 428602.2355 4584887.1035, 428568.0575 4584900.3075, 428564.3285 4584902.6095, 428557.7795 4584908.2775, 428549.8155 4584916.8335, 428543.1735 4584924.8815, 428537.5315 4584933.1215, 428532.1575 4584943.0095, 428529.9335 4584948.1135, 428528.5875 4584952.1255, 428526.5715 4584960.9295, 428523.2695 4584981.6055, 428521.2614 4584989.5953, 428529.0371 4584995.8376, 428531.0345 4585003.7885, 428526.4244 4585006.6199, 428521.3381 4585007.9301, 428517.4453 4585006.2722, 428490.8725 4585031.0725, 428480.9765 4585041.7125, 428467.7125 4585059.1735, 428433.4995 4585134.1615, 428391.0135 4585222.5195, 428375.5175 4585254.0635, 428368.9695 4585268.9705, 428366.7315 4585268.9155, 428357.0735 4585270.0455, 428322.3615 4585276.3785, 428316.2216 4585276.2295, 428307.8992 4585274.5855, 428288.8235 4585312.9315, 428260.8515 4585372.6775, 428237.6435 4585420.3035, 428233.3455 4585429.5615, 428232.4405 4585432.1325, 428141.9765 4585482.0285))","POLYGON ((2.14013307769365 41.4176810440372, 2.1390234871281 41.4181077876951, 2.13878382654249 41.4176043597816, 2.13854609736501 41.4171162314472, 2.13847782338893 41.4169946059642, 2.13838070884605 41.4168333658394, 2.13827200526299 41.416678956553, 2.13816783313743 41.4165492975659, 2.13809239797873 41.4164662061433, 2.13800682331746 41.4163771298104, 2.13787548748737 41.4162575985826, 2.13775427763062 41.4161559778578, 2.13767137440218 41.4160911603598, 2.13742794008443 41.4159131766582, 2.13786033465638 41.4155249896179, 2.13815245038965 41.4152780680001, 2.1382148137784 41.415218437392, 2.13824337593231 41.4151813064126, 2.13827400521445 41.4151326253323, 2.13853226163662 41.4152546738466, 2.13868177184945 41.4153027040922, 2.13884739772674 41.4153400368141, 2.13900799625266 41.415354867074, 2.13910953672331 41.4153548702963, 2.13926054200298 41.4153286805138, 2.13943306573459 41.4152659010613, 2.13952993498024 41.4152109414892, 2.13961101592868 41.4151491442004, 2.13968074343615 41.4150790291378, 2.13977016976076 41.4149415324014, 2.14040674585361 41.4138918410211, 2.14055748767379 41.4137019819845, 2.14068646634783 41.4135800115669, 2.14084593565856 41.4134577732871, 2.14108839964709 41.4133116090755, 2.14154427193612 41.4130647841847, 2.14184676657251 41.412925569651, 2.14218277481856 41.4128054207876, 2.14278559784917 41.412631205766, 2.14300959299941 41.4125566978723, 2.14317305442862 41.4124876827613, 2.14345964309823 41.4123014635187, 2.14356938209131 41.4122453532828, 2.14373036275663 41.4121832110042, 2.14397550906257 41.4120952668515, 2.14414115815106 41.4120402025668, 2.14474961508744 41.4118520368251, 2.1449679668322 41.4117652070968, 2.14515314250884 41.411671231794, 2.14548869666691 41.4114447292788, 2.14570316376505 41.4114599310278, 2.14571051106146 41.4117886319865, 2.14571844459484 41.4119392596897, 2.14571966747581 41.4121180669569, 2.14572654004536 41.4123368912977, 2.14572270470923 41.4123556523913, 2.14571024959521 41.4123638287618, 2.14529978717334 41.4124797147883, 2.1452549017706 41.4125001165152, 2.14517588049431 41.4125505837271, 2.14507958900724 41.4126269361108, 2.14499917370061 41.4126988306054, 2.14493069955097 41.4127725432239, 2.14486523693632 41.4128611224844, 2.14483802601048 41.4129068943268, 2.1448214484768 41.412942909051, 2.14479628891147 41.4130220237457, 2.14475434092074 41.4132079502406, 2.14472937187635 41.4132797324566, 2.14482166375811 41.4133366457905, 2.14484462165171 41.413408433873, 2.14478913132583 41.4134335251388, 2.14472812335786 41.4134448732078, 2.14468174525435 41.4134295949572, 2.1443608934562 41.4136505969865, 2.14424123821436 41.4137455464397, 2.14408048068406 41.4139016298912, 2.14366227820174 41.4145739694201, 2.14314350237775 41.4153659880709, 2.14295436597671 41.415648710576, 2.14287425705341 41.415782387977, 2.14284748688342 41.4157816931244, 2.14273179935053 41.415791009589, 2.14231573518499 41.4158449528547, 2.14224229158703 41.4158430632043, 2.14214291250189 41.4158275139738, 2.14191013433062 41.4161711780361, 2.14156837428369 41.416706788074, 2.14128504685255 41.4171336628186, 2.14123252372974 41.4172166618071, 2.14122139053242 41.4172397368736, 2.14013307769365 41.4176810440372))"
"06","Gràcia","28","Vallcarca i els Penitents","115","007","POLYGON ((428053.8725 4585224.6285, 428045.3865 4585224.7125, 428031.9485 4585223.1995, 428018.0655 4585219.1925, 428005.5175 4585213.9845, 427983.7995 4585200.6495, 427986.4315 4585192.7875, 427988.2205 4585184.3915, 427988.9355 4585178.2155, 427989.5892 4585165.6371, 427996.6178 4585147.4884, 428007.4425 4585131.9485, 428149.6981 4584971.1359, 428210.5315 4584900.9575, 428217.1815 4584894.5575, 428223.0455 4584890.625, 428235.9665 4584883.4005, 428204.1017 4584820.3451, 428387.3335 4584791.7295, 428497.4515 4584779.2195, 428522.9455 4584774.3455, 428542.0055 4584766.2015, 428555.1735 4584757.5475, 428563.5261555 4584750.7452515, 428571.6375 4584741.8095, 428580.193024 4584731.1599435, 428609.739066 4584758.2464095, 428582.7122195 4584785.2486355, 428554.9156095 4584810.6714605, 428539.5421275 4584821.2572715, 428521.3881 4584831.0772, 428463.8315 4584855.5555, 428443.3235 4584865.2855, 428423.1795 4584875.7175, 428414.0695 4584882.0375, 428390.3219555 4584902.9482925, 428376.73628 4584910.7454465, 428358.0975 4584919.2025, 428307.9075 4584939.0425, 428279.9575 4584952.6595, 428254.8295 4584968.3655, 428217.0015 4584996.1455, 428196.8985 4585012.5735, 428183.7055 4585026.2765, 428173.0605 4585039.9245, 428160.6715 4585061.1275, 428108.6275 4585178.1915, 428101.3055 4585193.5305, 428095.5555 4585201.3725, 428088.8475 4585208.3005, 428080.8125 4585214.4825, 428066.4635 4585221.5955, 428053.8725 4585224.6285))","POLYGON ((2.13910953672331 41.4153548702963, 2.13900799625266 41.415354867074, 2.13884739772674 41.4153400368141, 2.13868177184945 41.4153027040922, 2.13853226163662 41.4152546738466, 2.13827400521445 41.4151326253323, 2.13830643147055 41.4150620515632, 2.13832883523164 41.4149865927376, 2.13833812493396 41.4149310322483, 2.13834744329871 41.4148178026181, 2.13843369612252 41.4146549748946, 2.13856505577128 41.414515983506, 2.14028614525825 41.4130803440266, 2.14102228653248 41.4124537131365, 2.14110260605989 41.4123966650125, 2.14117322907985 41.4123617703664, 2.14132867187334 41.41229785618, 2.1409549263824 41.4117270969259, 2.14315046434577 41.4114857151823, 2.14446936959952 41.4113828467941, 2.14477494939781 41.4113412163051, 2.14500394027777 41.411269561451, 2.14516250061204 41.4111927890526, 2.14526323256724 41.4111322664231, 2.14536132921915 41.4110525066712, 2.14546494194061 41.4109573507624, 2.14581522560103 41.4112039323632, 2.14548869666691 41.4114447292788, 2.14515314250884 41.411671231794, 2.1449679668322 41.4117652070968, 2.14474961508744 41.4118520368251, 2.14405812290259 41.4120673818804, 2.14381161690956 41.41215319033, 2.14356938209131 41.4122453532828, 2.14345964309823 41.4123014635187, 2.14317305442862 41.4124876827613, 2.14300959299941 41.4125566978723, 2.14278559784917 41.412631205766, 2.14218277481856 41.4128054207876, 2.14184676657251 41.412925569651, 2.14154427193612 41.4130647841847, 2.14108839964709 41.4133116090755, 2.14084593565856 41.4134577732871, 2.14068646634783 41.4135800115669, 2.14055748767379 41.4137019819845, 2.14040674585361 41.4138918410211, 2.13977016976076 41.4149415324014, 2.13968074343615 41.4150790291378, 2.13961101592868 41.4151491442004, 2.13952993498024 41.4152109414892, 2.13943306573459 41.4152659010613, 2.13926054200298 41.4153286805138, 2.13910953672331 41.4153548702963))"
"06","Gràcia","28","Vallcarca i els Penitents","115","008","POLYGON ((427996.6178 4585147.4884, 427989.5892 4585165.6371, 427988.7315 4585159.766, 427980.6283 4585139.4252, 427969.7116 4585125.732, 427946.0237 4585105.563, 427936.6235 4585087.5605, 427956.0605 4585072.318, 428182.7255 4584832.9275, 428192.7315 4584825.3215, 428204.1017 4584820.3451, 428235.9665 4584883.4005, 428223.0455 4584890.625, 428217.1815 4584894.5575, 428210.5315 4584900.9575, 428149.6981 4584971.1359, 428007.4425 4585131.9485, 427996.6178 4585147.4884))","POLYGON ((2.13843369612252 41.4146549748946, 2.13834744329871 41.4148178026181, 2.13833788032023 41.4147648473051, 2.13824335223819 41.4145809203791, 2.13811437166865 41.414456613266, 2.13783336469035 41.4142728363407, 2.13772304259093 41.4141098527609, 2.13795740658202 41.4139743128215, 2.14069769215372 41.411838511488, 2.14081830489509 41.4117709014906, 2.1409549263824 41.4117270969259, 2.14132867187334 41.41229785618, 2.14117322907985 41.4123617703664, 2.14110260605989 41.4123966650125, 2.14102228653248 41.4124537131365, 2.14028614525825 41.4130803440266, 2.13856505577128 41.414515983506, 2.13843369612252 41.4146549748946))"
"06","Gràcia","28","Vallcarca i els Penitents","116","009","POLYGON ((427788.0175 4586259.0415, 427729.8315 4586285.3985, 427724.8505 4586275.1005, 427724.1305 4586272.4605, 427724.0405 4586269.6005, 427724.7705 4586265.8995, 427727.2505 4586259.9605, 427729.3305 4586256.6805, 427736.3705 4586247.7205, 427745.2605 4586237.6405, 427748.2005 4586233.8805, 427750.5905 4586229.3595, 427751.0905 4586227.6405, 427751.3205 4586224.9205, 427751.0605 4586222.0805, 427748.9405 4586215.0005, 427746.0905 4586207.7205, 427741.3205 4586197.1195, 427737.7905 4586190.9405, 427733.3705 4586184.6805, 427725.9205 4586175.8595, 427719.750571 4586169.1805765, 427716.7105 4586166.2395, 427709.800622 4586160.8996025, 427706.8505 4586157.1805, 427705.7025 4586152.8805, 427701.4536095 4586140.966806, 427690.127609 4586144.773465, 427688.9505 4586142.3995, 427683.3005 4586133.9405, 427675.9405 4586120.2205, 427672.5305 4586113.1805, 427666.8005 4586099.5205, 427663.2905 4586089.3205, 427659.8505 4586081.8405, 427659.1295 4586079.3005, 427658.1095 4586072.0005, 427655.0405 4586061.7005, 427652.9595 4586053.0605, 427652.8895 4586043.6805, 427653.3695 4586040.7205, 427655.3405 4586035.4805, 427658.3295 4586030.4005, 427662.4795 4586025.3205, 427671.3095535 4586016.0204575, 427688.7615 4586002.0075, 427692.6255 4585994.5775, 427699.3747055 4585984.1342215, 427693.402 4585980.501, 427691.362 4585981.797, 427678.419 4585986.672, 427671.187 4585989.333, 427664.423 4585991.24, 427657.329 4585992.788, 427641.103 4585994.979, 427621.42 4585998.7, 427597.314 4586004.228, 427591.538 4586007.113, 427584.834419 4586010.9732695, 427579.422 4586014.548, 427568.876 4586020.728, 427562.796 4586023.306, 427554.162 4586027.891, 427538.83 4586032.354, 427535.794 4586032.802, 427500.077 4586030.249, 427471.652 4586027.684, 427459.593 4586026.92, 427459.536 4586027.535, 427436.521 4586029.786, 427389.658 4586043.657, 427384.334 4586044.126, 427368.57 4586046.919, 427363.482 4586048.085, 427361.136 4586049.217, 427349.301 4586052.745, 427347.532 4586050.916, 427335.894 4586049.878, 427329.902 4586048.691, 427304.872 4586038.135, 427296.443 4586032.894, 427304.19 4586020.04, 427307.66 4586015.34, 427339.77 4585965.2, 427357.01 4585947.64, 427375.6 4585919.86, 427403.869 4585896.373, 427404.9195 4585894.8003, 427402.6481 4585890.3686, 427401.9243 4585886.981, 427402.3695 4585882.5855, 427404.3255 4585872.3655, 427406.0635 4585867.0895, 427407.633500001 4585863.7335, 427411.0595 4585858.2715, 427422.7975 4585843.3855, 427429.9675 4585833.3655, 427434.0535 4585827.0975, 427437.6535 4585821.1855, 427456.7855 4585786.4555, 427465.6195 4585772.3175, 427471.1675 4585764.0115, 427477.5275 4585755.2595, 427479.2735 4585752.0535, 427481.8535 4585744.9215, 427482.2515 4585742.5655, 427481.7615 4585738.7935, 427480.5755 4585735.2395, 427478.6835 4585731.9715, 427476.3015 4585728.9315, 427473.4485 4585726.1215, 427470.3575 4585724.0595, 427458.2575 4585718.0855, 427435.7935 4585708.7395, 427426.4935 4585704.0295, 427422.6715 4585701.7095, 427417.1775 4585697.7395, 427401.133500001 4585685.5575, 427394.5715 4585681.5275, 427391.5195 4585680.2835, 427388.3095 4585679.5435, 427385.0235 4585679.3275, 427381.1395 4585679.7095, 427376.2435 4585681.3505, 427372.4415 4585683.7935, 427369.2735 4585687.1675, 427365.8505 4585692.2795, 427363.9375 4585695.9095, 427362.4515 4585699.6295, 427360.0975 4585707.0945, 427357.3675 4585717.4135, 427354.9735 4585724.2095, 427351.7975 4585731.0075, 427348.9295 4585735.3895, 427346.3995 4585738.1515, 427340.6775 4585742.4395, 427337.0415 4585744.4735, 427318.3695 4585752.8215, 427309.3895 4585756.1155, 427306.5595 4585756.4795, 427303.7095 4585756.3105, 427299.4215 4585755.0475, 427295.7745 4585753.0835, 427292.0875 4585749.9635, 427290.0815 4585747.1095, 427287.9675 4585743.2935, 427286.3195 4585739.2575, 427283.1415 4585725.7475, 427279.2995 4585715.5115, 427277.6875 4585712.3415, 427275.2655 4585708.6175, 427269.5815 4585702.2875, 427262.8495 4585696.7075, 427260.2335 4585695.2675, 427257.4155 4585694.2855, 427254.4705 4585693.7915, 427250.0785 4585693.7915, 427244.7755 4585694.3335, 427240.1538 4585695.2578, 427246.9703 4585690.0399, 427252.2501 4585686.9601, 427255.5601 4585685.8401, 427259.2301 4585685.2201, 427263.3701 4585685.4801, 427267.6101 4585686.6001, 427272.0701 4585688.3401, 427276.5801 4585691.1001, 427283.6700365 4585697.520044, 427289.6900465 4585704.4200415, 427293.0901 4585707.4401, 427296.9801 4585709.8401, 427300.9201 4585710.2401, 427304.5801 4585708.7001, 427308.0701 4585704.0001, 427308.5501 4585699.7601, 427308.0401 4585693.2201, 427301.6901 4585649.2801, 427314.680100001 4585599.5201, 427341.4148 4585557.0606, 427347.0595 4585560.0735, 427351.8075 4585559.9375, 427378.5935 4585551.5115, 427385.1855 4585550.2255, 427391.4255 4585550.0275, 427399.7935 4585550.9775, 427407.9875 4585552.9095, 427419.1985 4585556.3115, 427429.8895 4585560.5135, 427448.6355 4585570.9635, 427469.7355 4585585.9735, 427478.3235 4585588.7915, 427486.5195 4585588.1635, 427492.7655 4585585.1055, 427511.7035 4585568.3505, 427528.6225 4585556.8995, 427602.6675 4585523.9875, 427626.0555 4585511.5315, 427644.5315 4585499.8695, 427656.3335 4585489.8115, 427733.894 4585402.8705, 427821.0103 4585297.2268, 427811.1995 4585284.6435, 427803.4943 4585266.6935, 427799.4895 4585253.1375, 427800.5551 4585235.0491, 427801.5315 4585226.6595, 427806.5338 4585212.4857, 427878.6685 4585126.8685, 427894.8575 4585112.5115, 427936.6235 4585087.5605, 427946.0237 4585105.563, 427969.7116 4585125.732, 427980.6283 4585139.4252, 427988.7315 4585159.766, 427989.5892 4585165.6371, 427988.7095 4585180.6935, 427987.5475 4585188.0575, 427985.4235 4585196.2095, 427982.3515 4585203.9455, 427978.9475 4585210.2255, 427969.7795 4585221.7675, 427959.8775 4585232.6595, 427949.6615 4585244.5535, 427913.9545 4585288.0095, 427934.4955 4585307.5665, 427941.4955 4585314.6935, 427951.7375 4585325.8745, 427962.8455 4585339.0355, 427976.4915 4585358.0155, 427985.3405 4585372.3235, 427994.5955 4585389.3755, 428004.0385 4585409.8405, 427899.3345 4585512.2315, 427926.3015 4585540.2875, 427975.0755 4585589.5855, 427980.6155 4585594.8535, 427973.0595 4585602.8875, 427951.7435 4585623.0755, 427952.6615 4585625.4695, 427981.2395 4585728.0335, 427985.0275 4585738.2255, 428039.8325 4585804.1837, 427957.285 4585840.213, 427950.0175 4585844.9595, 427944.1275 4585851.8555, 427940.4595 4585860.4935, 427940.0215 4585869.5175, 427942.3345 4585878.4535, 427945.9115 4585884.4055, 427951.2995 4585889.7025, 427980.4865 4585904.5435, 427990.3835 4585911.2075, 427997.5755 4585918.9695, 428002.1225 4585927.4375, 428004.9915 4585937.1075, 428005.3615 4585948.6775, 428002.6995 4585962.4815, 427976.0735 4586054.7615, 427961.5895 4586081.8875, 427950.1195 4586096.3735, 427935.6735 4586110.2455, 427908.3195 4586126.1055, 427886.1535 4586132.3055, 427848.0495 4586136.9275, 427836.5375 4586140.1735, 427826.9875 4586145.3555, 427820.6955 4586151.7035, 427816.4595 4586161.3115, 427815.0495 4586170.8415, 427816.2132 4586215.3061, 427814.5655 4586224.6855, 427809.9835 4586236.4295, 427802.4835 4586247.5055, 427796.1735 4586253.5475, 427788.0175 4586259.0415))","POLYGON ((2.13580521907762 41.4246475209234, 2.13510580571729 41.4248796741138, 2.13504743298004 41.424786476617, 2.13503913288831 41.424762634565, 2.13503839779171 41.4247368677523, 2.1350475754822 41.4247036002088, 2.13507796145139 41.4246503334557, 2.13510324310082 41.4246209791109, 2.13518855565584 41.4245409137615, 2.13529613917136 41.4244509274065, 2.13533176886339 41.4244173272149, 2.13536090808412 41.4243768235678, 2.13536709653418 41.4243613862828, 2.13537017373564 41.4243369091639, 2.13536740188323 41.4243113071927, 2.1353428797204 41.4242473501922, 2.1353096462667 41.4241815262226, 2.13525383489113 41.4240856188161, 2.13521233312143 41.424029649863, 2.13516019132888 41.4239728713069, 2.13507209866279 41.4238927543848, 2.13499906750405 41.4238320452738, 2.13496304154942 41.4238052828152, 2.13488099628475 41.4237565670525, 2.13484613976533 41.4237228053253, 2.13483291689587 41.4236839738773, 2.13478349916597 41.4235762903002, 2.13464751745271 41.423609555819, 2.13463371608676 41.4235880686493, 2.13456712000615 41.4235113737266, 2.13448069155967 41.4233871413967, 2.13444072978587 41.4233234283369, 2.13437379905442 41.4231998830619, 2.13433301891491 41.4231077002797, 2.13429275111306 41.4230400215876, 2.13428442758114 41.4230170800433, 2.13427309570157 41.4229512404216, 2.13423760474938 41.422858196659, 2.13421373752253 41.4227801927194, 2.13421402210975 41.4226957050227, 2.13422011981599 41.4226690888724, 2.13424433127275 41.4226220720585, 2.13428070471642 41.4225765879496, 2.13433097036877 41.4225312083622, 2.13443774109803 41.4224482420837, 2.13464824244352 41.4223236046616, 2.13469536643281 41.4222570337822, 2.13477737411363 41.422163583291, 2.1347063408956 41.4221303230049, 2.1346817759088 41.4221418118931, 2.13452632084614 41.4221845538374, 2.13443946658463 41.4222078692293, 2.13435830240648 41.4222244357549, 2.13427323244721 41.4222377391589, 2.13407881457466 41.422256011308, 2.13384284797755 41.4222877517172, 2.1335537403917 41.4223353678883, 2.13348428088424 41.4223608312287, 2.13340360534292 41.4223949947287, 2.13333841363306 41.422426702838, 2.13321148264917 41.4224814125894, 2.13313842203696 41.4225040833022, 2.13303456037211 41.4225445998045, 2.13285056643007 41.4225834133419, 2.13281418465181 41.4225871744472, 2.13238710913299 41.4225609584672, 2.13204728977571 41.4225352911408, 2.13190308627427 41.4225273214342, 2.13190233045326 41.4225328553098, 2.1316266683187 41.4225510506868, 2.13106425118451 41.4226717464235, 2.1310004890218 41.4226754893052, 2.13081152490927 41.4226992196022, 2.13075050291386 41.4227092612363, 2.13072229519085 41.4227192445316, 2.13058025617474 41.4227499494722, 2.13055930841583 41.4227333165491, 2.13042017521407 41.4227229152613, 2.13034861882297 41.4227116825403, 2.130050384042 41.4226143451648, 2.12995015464947 41.4225663791947, 2.13004439862601 41.4224513101959, 2.1300864847205 41.422409293445, 2.13047672888407 41.4219606102888, 2.13068512608789 41.4218040144259, 2.13091090315202 41.4215554933719, 2.13125197757794 41.4213465115284, 2.13126473616595 41.4213324418598, 2.13123808962672 41.4212923223427, 2.13122983563139 41.4212617463865, 2.13123569032946 41.4212221983652, 2.13126032168109 41.4211303282561, 2.13128175103246 41.4210829667805, 2.13130093968861 41.4210528826799, 2.13134258904131 41.4210039984831, 2.13148482627683 41.4208709874915, 2.13157182094416 41.4207813895766, 2.13162146381273 41.4207253056114, 2.13166524868805 41.4206723840615, 2.13189833691955 41.4203613144205, 2.13200573454971 41.4202347774447, 2.13207311433952 41.4201604699151, 2.13215026329096 41.4200822187158, 2.13217153915436 41.4200535013254, 2.13220326480235 41.4199894995086, 2.13220830948075 41.4199683160103, 2.1322028987611 41.4199342990994, 2.13218913407197 41.4199021827978, 2.13216688761813 41.4198725786449, 2.13213875086207 41.4198449837526, 2.13210495090899 41.4198194178448, 2.13206821354941 41.419800567339, 2.13192415040529 41.4197456699162, 2.13165648431199 41.4196594663421, 2.13154577279213 41.4196162055848, 2.13150032009228 41.419594965186, 2.13143505958886 41.419558712938, 2.13124455192052 41.4194475457694, 2.1311665200898 41.4194106564813, 2.13113015167735 41.4193991765557, 2.1310918322716 41.4193922216382, 2.13105254060913 41.4193899792682, 2.13100602197057 41.419393068752, 2.13094724338779 41.4194074059868, 2.13090145839187 41.4194290653236, 2.13086314749885 41.4194591670415, 2.13082157672438 41.4195048990653, 2.13079825134336 41.419537419882, 2.13078002427726 41.4195707898836, 2.13075096159682 41.4196378109106, 2.130717057139 41.4197305026052, 2.13068759606449 41.4197914946205, 2.13064877785466 41.419852433936, 2.13061393509281 41.419891641283, 2.13058333115915 41.4199162885854, 2.13051435069037 41.4199543912165, 2.13047060054254 41.4199723817108, 2.13024618147087 41.4200458795079, 2.1301383371633 41.4200747346921, 2.13010443159558 41.4200777570413, 2.13007035078435 41.4200759770855, 2.13001919536949 41.4200642138552, 2.12997579399998 41.4200461950197, 2.12993205301366 41.4200177609892, 2.12990839373971 41.4199918748011, 2.12988355788859 41.4199573145441, 2.12986432433274 41.4199208150149, 2.12982792300002 41.4197988490655, 2.12978318323225 41.4197063104182, 2.12976427642611 41.4196776137932, 2.12973574441688 41.4196438542298, 2.12966849526586 41.4195863283595, 2.12958861650212 41.4195354624855, 2.12955748870794 41.4195222562521, 2.12952388887167 41.4195131567178, 2.12948871076984 41.4195084408669, 2.12943615960958 41.4195080432244, 2.12937264295479 41.4195124446139, 2.1293172321932 41.4195203508619, 2.12939942064823 41.4194739728693, 2.1294629649167 41.4194467125697, 2.1295027043998 41.4194369249191, 2.12954669120418 41.4194316731147, 2.12959619580949 41.4194343895943, 2.12964679351966 41.4194448607284, 2.1296999490356 41.4194609358078, 2.12975358019372 41.4194862020586, 2.12983764082792 41.4195446652011, 2.1299088419966 41.4196073550853, 2.12994916133504 41.4196348630318, 2.12999541756553 41.4196568307145, 2.13004251248966 41.4196607898229, 2.13008649033179 41.4196472508917, 2.13012881386217 41.4196052358965, 2.13013506676156 41.4195670915904, 2.13012975053047 41.4195081426774, 2.13005905294466 41.4191118207842, 2.13022045978142 41.4186648304401, 2.1305454422653 41.4182848350369, 2.13061261908836 41.4183124812433, 2.1306694451706 41.4183116856353, 2.13099095092351 41.4182382177748, 2.13106997840858 41.4182272310944, 2.13114466359336 41.4182260116735, 2.13124467244114 41.418235323986, 2.13134248155899 41.4182534649203, 2.13147621268214 41.4182851179138, 2.1316036261604 41.418323929027, 2.13182666841085 41.4184197402271, 2.13207733018497 41.4185568333374, 2.13217974802071 41.4185829889301, 2.13227788877304 41.4185780724959, 2.13235298898763 41.4185510941109, 2.13258159080631 41.4184018980594, 2.13278539878373 41.4183002901829, 2.13367528587643 41.4180105412982, 2.13395661227304 41.4179004625381, 2.13417907115958 41.4177970919988, 2.13432148387709 41.4177075667038, 2.13525987340073 41.4169315066941, 2.13631480352675 41.4159878500645, 2.13619892308415 41.4158736365544, 2.13610887606046 41.4157112765906, 2.1360625784659 41.4155888238532, 2.1360774866754 41.4154260053147, 2.13609017005859 41.4153505315915, 2.13615171134231 41.4152233237889, 2.13702496937847 41.4144586839449, 2.13722037056335 41.4143308293652, 2.13772304259093 41.4141098527609, 2.13783336469035 41.4142728363407, 2.13811437166865 41.414456613266, 2.13824335223819 41.4145809203791, 2.13833788032023 41.4147648473051, 2.13834744329871 41.4148178026181, 2.13833512601392 41.4149533302705, 2.13832034680138 41.4150195505059, 2.13829396398438 41.415092781707, 2.13825628834928 41.4151621812138, 2.1382148137784 41.415218437392, 2.13810374950346 41.4153215694878, 2.13798398035481 41.4154187814048, 2.13786033465638 41.4155249896179, 2.13742794008443 41.4159131766582, 2.13767137440218 41.4160911603598, 2.13775427763062 41.4161559778578, 2.13787548748737 41.4162575985826, 2.13800682331746 41.4163771298104, 2.13816783313743 41.4165492975659, 2.13827200526299 41.416678956553, 2.13838070884605 41.4168333658394, 2.13849125609412 41.4170185312716, 2.13722629212293 41.417931334284, 2.13754560750011 41.4181864415775, 2.13812331734865 41.4186348203344, 2.13818897656008 41.4186827634602, 2.13809761172766 41.4187544448967, 2.13784015911289 41.4189343583087, 2.13785085792499 41.4189560023252, 2.13818058459524 41.4198823130471, 2.13822469556932 41.4199744474138, 2.13887260680858 41.4205734140694, 2.13788059915036 41.4208905167236, 2.13779307454768 41.4209326146715, 2.13772177620119 41.4209941956815, 2.13767685752229 41.421071665352, 2.13767054139642 41.4211529012295, 2.13769715294769 41.4212335912555, 2.1377392445537 41.4212875190694, 2.13780308389745 41.4213357099753, 2.13815055541238 41.4214719930586, 2.13826818535089 41.4215328998371, 2.13835331780349 41.4216034532868, 2.13840671730718 41.4216801282853, 2.13843989549211 41.4217674787795, 2.13844294538803 41.4218717177943, 2.13840944937728 41.4219958057569, 2.13807986045939 41.4228245441908, 2.13790331583148 41.4230675573767, 2.13776434121068 41.4231969977476, 2.13758982860957 41.4233206409793, 2.1372606218862 41.4234610307805, 2.13699464525114 41.4235148820468, 2.13653814286841 41.4235530891371, 2.13640000330744 41.4235812904293, 2.13628510980215 41.4236271044924, 2.13620906214016 41.4236837127913, 2.13615722728427 41.4237698671174, 2.13613921757255 41.4238555728313, 2.13614783447659 41.4242561499291, 2.13612699824169 41.4243404778888, 2.13607076745029 41.4244458390549, 2.13597969901775 41.4245449215843, 2.13590347115835 41.4245987720385, 2.13580521907762 41.4246475209234))"
"06","Gràcia","28","Vallcarca i els Penitents","116","010","POLYGON ((428195.3105 4585704.4405, 428172.6855 4585861.1155, 428137.0205 4585765.3555, 428122.4684 4585771.1234, 428066.8008 4585791.9402, 428039.8325 4585804.1837, 427985.0275 4585738.2255, 427981.2395 4585728.0335, 427952.6615 4585625.4695, 427951.7435 4585623.0755, 427973.0595 4585602.8875, 427980.6155 4585594.8535, 427975.0755 4585589.5855, 427926.3015 4585540.2875, 427899.3345 4585512.2315, 428004.0385 4585409.8405, 428008.7295 4585420.6415, 428019.8155 4585449.6975, 428049.7195 4585530.3265, 428141.9765 4585482.0285, 428232.4405 4585432.1325, 428230.4365 4585437.8175, 428225.8175 4585456.6205, 428220.6625 4585481.2925, 428215.5185 4585523.9275, 428209.5565 4585580.2505, 428195.3105 4585704.4405))","POLYGON ((2.14074480987414 41.4196889802405, 2.14045548841922 41.4210980613972, 2.14004011651739 41.4202324038503, 2.13986530981982 41.4202830511424, 2.13919675025019 41.4204655571068, 2.13887260680858 41.4205734140694, 2.13822469556932 41.4199744474138, 2.13818058459524 41.4198823130471, 2.13785085792499 41.4189560023252, 2.13784015911289 41.4189343583087, 2.13809761172766 41.4187544448967, 2.13818897656008 41.4186827634602, 2.13812331734865 41.4186348203344, 2.13754560750011 41.4181864415775, 2.13722629212293 41.417931334284, 2.13849125609412 41.4170185312716, 2.13854609736501 41.4171162314472, 2.13867528144825 41.4173789192883, 2.1390234871281 41.4181077876951, 2.14013307769365 41.4176810440372, 2.14122139053242 41.4172397368736, 2.14119673851027 41.4172907602437, 2.14113924184243 41.4174596982254, 2.14107463522693 41.4176814478471, 2.14100802795867 41.418064983396, 2.14093000782008 41.4185717276895, 2.14074480987414 41.4196889802405))"
"06","Gràcia","28","Vallcarca i els Penitents","117","011","POLYGON ((428301.8255 4585909.7635, 428288.6475 4585910.8755, 428278.6055 4585908.2995, 428202.7215 4585878.3145, 428172.6855 4585861.1155, 428195.3105 4585704.4405, 428209.5565 4585580.2505, 428228.7348 4585566.2617, 428257.7855 4585548.7995, 428270.6915 4585543.0635, 428285.1995 4585539.4835, 428296.7615 4585538.3075, 428308.9435 4585538.4955, 428322.3735 4585540.5115, 428336.1615 4585543.8855, 428354.2825 4585547.2835, 428350.5695 4585536.1015, 428347.6455 4585522.3295, 428346.5195 4585512.2195, 428347.1295 4585498.0035, 428350.2035 4585481.9835, 428354.0755 4585469.7795, 428358.9295 4585458.1115, 428366.2495 4585445.7015, 428372.8315 4585437.1315, 428380.0595 4585428.8755, 428390.3132 4585419.5863, 428406.365 4585408.755, 428427.009 4585398.8705, 428442.0055 4585390.5835, 428452.8175 4585383.2355, 428463.2815 4585374.2655, 428488.0435 4585345.4795, 428468.4925 4585459.8895, 428464.9815 4585506.0695, 428471.8135 4585575.9575, 428480.4595 4585622.9695, 428483.0135 4585633.7535, 428484.9855 4585638.9955, 428505.3735 4585680.4435, 428508.9095 4585691.5395, 428509.5275 4585698.4995, 428509.1335 4585705.6695, 428507.0675 4585714.6095, 428504.6855 4585720.8785, 428500.7135 4585727.9335, 428496.3575 4585734.1615, 428492.3795 4585738.0175, 428487.1335 4585741.8135, 428480.6515 4585745.3875, 428473.7535 4585748.0135, 428459.2697 4585751.9288, 428319.3595 4585899.1255, 428311.2155 4585905.5635, 428301.8255 4585909.7635))","POLYGON ((2.14199494953559 41.4215477472236, 2.14183713481506 41.4215565864354, 2.14171728160831 41.4215324891673, 2.14081284317345 41.4212556498592, 2.14045548841922 41.4210980613972, 2.14074480987414 41.4196889802405, 2.14093000782008 41.4185717276895, 2.14116113733474 41.4184474498393, 2.14151080142459 41.4182927695928, 2.14166590214206 41.4182422600888, 2.14183991492411 41.418211311516, 2.14197839368383 41.4182017515962, 2.14212412903695 41.4182045317882, 2.14228458010501 41.4182238871333, 2.14244915384914 41.4182555051082, 2.14266556933651 41.4182877253604, 2.14262246780413 41.4181866828014, 2.14258911358486 41.4180623835594, 2.14257683866988 41.4179712267065, 2.14258582132422 41.4178432436656, 2.14262449917505 41.4176992324721, 2.14267227283464 41.4175896614947, 2.14273173235044 41.4174850055674, 2.14282078486966 41.4173738865631, 2.14290055232889 41.4172972869477, 2.1429880116978 41.4172235729151, 2.14311179511064 41.4171408228588, 2.14330513380226 41.4170447002223, 2.14355330453916 41.4169575137116, 2.14373371464991 41.4168842117792, 2.14386394679456 41.416818994177, 2.14399020676986 41.4167391367754, 2.14428988069389 41.4164820773922, 2.14404242957016 41.4175107798205, 2.14399495943865 41.4179263909571, 2.14406843934431 41.4185564506884, 2.14416633043058 41.4189806373853, 2.14419561430014 41.4190779916075, 2.14421858980072 41.4191253795864, 2.14445763639429 41.4195004984243, 2.14449863393084 41.4196007499946, 2.14450520577903 41.419663490738, 2.1444996439449 41.4197280328195, 2.14447386689075 41.4198083677677, 2.1444446244738 41.4198646180319, 2.14439626422217 41.419927805969, 2.14434340695983 41.4199835112754, 2.14429535295487 41.4200178866052, 2.14423213393394 41.4200516086651, 2.14415415192399 41.4200832212136, 2.14407130436439 41.4201062584455, 2.14389753741033 41.4201402324033, 2.14220601552143 41.4214534998851, 2.14210780452946 41.421510757539, 2.14199494953559 41.4215477472236))"
"06","Gràcia","28","Vallcarca i els Penitents","117","012","POLYGON ((428228.7348 4585566.2617, 428209.5565 4585580.2505, 428215.5185 4585523.9275, 428220.6625 4585481.2925, 428225.8175 4585456.6205, 428230.4365 4585437.8175, 428233.3455 4585429.5615, 428237.6435 4585420.3035, 428260.8515 4585372.6775, 428288.8235 4585312.9315, 428307.8992 4585274.5855, 428316.2216 4585276.2295, 428322.3615 4585276.3785, 428357.0735 4585270.0455, 428366.7315 4585268.9155, 428368.9695 4585268.9705, 428375.5175 4585254.0635, 428391.0135 4585222.5195, 428433.4995 4585134.1615, 428467.7125 4585059.1735, 428480.9765 4585041.7125, 428490.8725 4585031.0725, 428517.4453 4585006.2722, 428521.3381 4585007.9301, 428526.4244 4585006.6199, 428527.8729 4585024.256, 428521.0915 4585077.1595, 428520.2235 4585093.5155, 428523.6855 4585119.4595, 428530.7895 4585137.0115, 428542.9105 4585152.4935, 428557.5935 4585166.1101, 428572.8595 4585177.3175, 428678.1155 4585243.3715, 428683.9215 4585247.9535, 428688.8795 4585252.7215, 428693.9615 4585258.2655, 428696.9435 4585262.7055, 428700.5135 4585269.9555, 428703.3235 4585277.5455, 428704.7475 4585282.7255, 428707.0235 4585294.0275, 428713.3135 4585328.7675, 428635.441 4585385.672, 428631.2182 4585389.372, 428604.62 4585372.3807, 428583.6335 4585360.7815, 428574.3655 4585357.6555, 428561.7095 4585357.3505, 428555.0289 4585359.6743, 428545.8213 4585365.4663, 428531.0465 4585379.5895, 428498.4155 4585415.0455, 428468.4925 4585459.8895, 428488.0435 4585345.4795, 428463.2815 4585374.2655, 428452.8175 4585383.2355, 428442.0055 4585390.5835, 428427.009 4585398.8705, 428406.365 4585408.755, 428390.3132 4585419.5863, 428380.0595 4585428.8755, 428372.8315 4585437.1315, 428366.2495 4585445.7015, 428358.9295 4585458.1115, 428354.0755 4585469.7795, 428350.2035 4585481.9835, 428347.1295 4585498.0035, 428346.5195 4585512.2195, 428347.6455 4585522.3295, 428350.5695 4585536.1015, 428354.2825 4585547.2835, 428336.1615 4585543.8855, 428322.3735 4585540.5115, 428308.9435 4585538.4955, 428296.7615 4585538.3075, 428285.1995 4585539.4835, 428270.6915 4585543.0635, 428257.7855 4585548.7995, 428228.7348 4585566.2617))","POLYGON ((2.14116113733474 41.4184474498393, 2.14093000782008 41.4185717276895, 2.14100802795867 41.418064983396, 2.14107463522693 41.4176814478471, 2.14113924184243 41.4174596982254, 2.14119673851027 41.4172907602437, 2.14123252372974 41.4172166618071, 2.14128504685255 41.4171336628186, 2.14156837428369 41.416706788074, 2.14191013433062 41.4161711780361, 2.14214291250189 41.4158275139738, 2.14224229158703 41.4158430632043, 2.14231573518499 41.4158449528547, 2.14273179935053 41.415791009589, 2.14284748688342 41.4157816931244, 2.14287425705341 41.415782387977, 2.14295436597671 41.415648710576, 2.14314350237775 41.4153659880709, 2.14366227820174 41.4145739694201, 2.14408048068406 41.4139016298912, 2.14424123821436 41.4137455464397, 2.1443608934562 41.4136505969865, 2.14468174525435 41.4134295949572, 2.14472812335786 41.4134448732078, 2.14478913132583 41.4134335251388, 2.14480437793107 41.4135924949853, 2.14471699370193 41.4140683716874, 2.14470467624662 41.4142156061641, 2.1447430313706 41.4144495808747, 2.1448259523735 41.4146082962198, 2.14496914356834 41.4147488139902, 2.14514320846947 41.4148727584681, 2.14532453374435 41.4149750558427, 2.1465760732816 41.4155793251856, 2.14664499919232 41.4156211086306, 2.14670375732807 41.4156644920103, 2.14676390767718 41.4157148754737, 2.14679906265357 41.4157551293083, 2.14684092164623 41.4158207438086, 2.14687364756133 41.4158893531053, 2.14689007463949 41.4159361335571, 2.14691597408557 41.416038127911, 2.14698713761624 41.4163515746981, 2.14604870517766 41.4168571779493, 2.14599774382179 41.4168901272722, 2.14568150788985 41.4167347310171, 2.14543177925603 41.4166283970324, 2.14532125932087 41.4165994187396, 2.14516986989236 41.416595546722, 2.14508966395521 41.4166158822851, 2.14497881343749 41.416667229718, 2.14480036833864 41.4167931175419, 2.14440575554304 41.4171095519816, 2.14404242957016 41.4175107798205, 2.14428988069389 41.4164820773922, 2.14399020676986 41.4167391367754, 2.14386394679456 41.416818994177, 2.14373371464991 41.4168842117792, 2.14355330453916 41.4169575137116, 2.14330513380226 41.4170447002223, 2.14311179511064 41.4171408228588, 2.1429880116978 41.4172235729151, 2.14290055232889 41.4172972869477, 2.14282078486966 41.4173738865631, 2.14273173235044 41.4174850055674, 2.14267227283464 41.4175896614947, 2.14262449917505 41.4176992324721, 2.14258582132422 41.4178432436656, 2.14257683866988 41.4179712267065, 2.14258911358486 41.4180623835594, 2.14262246780413 41.4181866828014, 2.14266556933651 41.4182877253604, 2.14244915384914 41.4182555051082, 2.14228458010501 41.4182238871333, 2.14212412903695 41.4182045317882, 2.14197839368383 41.4182017515962, 2.14183991492411 41.418211311516, 2.14166590214206 41.4182422600888, 2.14151080142459 41.4182927695928, 2.14116113733474 41.4184474498393))"
"06","Gràcia","29","el Coll","118","013","POLYGON ((428814.1075 4585391.2675, 428790.1725 4585401.2385, 428746.9455 4585299.5315, 428727.9805 4585280.2405, 428711.3105 4585263.8465, 428707.7795 4585260.8955, 428696.9435 4585262.7055, 428693.9615 4585258.2655, 428688.8795 4585252.7215, 428683.9215 4585247.9535, 428678.1155 4585243.3715, 428572.8595 4585177.3175, 428557.5935 4585166.1101, 428542.9105 4585152.4935, 428530.7895 4585137.0115, 428523.6855 4585119.4595, 428520.2235 4585093.5155, 428521.0915 4585077.1595, 428527.8729 4585024.256, 428526.4244 4585006.6199, 428531.0345 4585003.7885, 428542.3815 4585009.1355, 428688.4955 4585121.9575, 428723.0575 4585148.8655, 428763.3125 4585190.9125, 428769.3255 4585220.8495, 428781.5435 4585277.7055, 428781.2775 4585284.3335, 428788.2315 4585305.0835, 428823.3835 4585387.331, 428814.1075 4585391.2675))","POLYGON ((2.14818575042745 41.4169234215389, 2.14789819950824 41.4170111055438, 2.1473929773221 41.4160912409248, 2.1471683409787 41.4159158130697, 2.14697082312041 41.4157666804566, 2.14692892400667 41.4157397887759, 2.14679906265357 41.4157551293083, 2.14676390767718 41.4157148754737, 2.14670375732807 41.4156644920103, 2.14664499919232 41.4156211086306, 2.1465760732816 41.4155793251856, 2.14532453374435 41.4149750558427, 2.14514320846947 41.4148727584681, 2.14496914356834 41.4147488139902, 2.1448259523735 41.4146082962198, 2.1447430313706 41.4144495808747, 2.14470467624662 41.4142156061641, 2.14471699370193 41.4140683716874, 2.14480437793107 41.4135924949853, 2.14478913132583 41.4134335251388, 2.14484462165171 41.413408433873, 2.14497974709494 41.4134576010655, 2.1467145772638 41.4144867206344, 2.14712491830455 41.4147321360322, 2.14760159322624 41.415114405401, 2.14767001049854 41.4153845686392, 2.14780949920253 41.4158977301052, 2.14780553630136 41.415957402196, 2.14788629548827 41.4161449051574, 2.14829719897037 41.41688878878, 2.14818575042745 41.4169234215389))"
"06","Gràcia","29","el Coll","118","014","POLYGON ((428791.7355 4585532.1675, 428775.1285 4585538.8835, 428769.6975 4585537.6435, 428764.9755 4585535.9255, 428758.0755 4585531.5415, 428744.0795 4585519.7035, 428720.0895 4585496.7375, 428705.7395 4585481.7075, 428680.1055 4585452.7275, 428673.8395 4585444.9655, 428648.7315 4585411.0435, 428632.7175 4585390.6735, 428631.2182 4585389.372, 428635.441 4585385.672, 428713.3135 4585328.7675, 428709.1895 4585305.3515, 428704.7475 4585282.7255, 428701.5375 4585272.4555, 428696.9435 4585262.7055, 428707.7795 4585260.8955, 428711.3105 4585263.8465, 428727.9805 4585280.2405, 428746.9455 4585299.5315, 428790.1725 4585401.2385, 428805.6495 4585436.2215, 428838.5515 4585512.3735, 428810.1035 4585524.7375, 428791.7355 4585532.1675))","POLYGON ((2.14790148709637 41.4181904672864, 2.14770199323467 41.4182494836535, 2.14763715720177 41.4182378340733, 2.14758086068798 41.4182219421639, 2.14749881840044 41.4181818455767, 2.14733275065146 41.418073984637, 2.14704841687812 41.4178650117344, 2.14687849132635 41.4177283697328, 2.14657519933286 41.4174650842244, 2.14650114267322 41.4173946189696, 2.14620473018673 41.417086868656, 2.14601552905097 41.416901982496, 2.14599774382179 41.4168901272722, 2.14604870517766 41.4168571779493, 2.14698713761624 41.4163515746981, 2.14694055490726 41.4161403106444, 2.14689007463949 41.4159361335571, 2.1468528787198 41.4158433511261, 2.14679906265357 41.4157551293083, 2.14692892400667 41.4157397887759, 2.14697082312041 41.4157666804566, 2.1471683409787 41.4159158130697, 2.1473929773221 41.4160912409248, 2.14789819950824 41.4170111055438, 2.14807926130601 41.4173275543293, 2.14846397011365 41.4180163383017, 2.14812213501308 41.4181251758852, 2.14790148709637 41.4181904672864))"
"06","Gràcia","29","el Coll","118","015","POLYGON ((428928.1201 4585884.5601, 428926.9751 4585913.9544, 428787.134 4585909.9126, 428717.7905 4585874.2025, 428564.1885 4585834.4755, 428537.0302 4585823.3668, 428528.2414 4585817.0493, 428512.3759 4585794.6989, 428469.5955 4585757.8035, 428459.2697 4585751.9288, 428473.7535 4585748.0135, 428480.6515 4585745.3875, 428487.1335 4585741.8135, 428492.3795 4585738.0175, 428496.3575 4585734.1615, 428500.7135 4585727.9335, 428504.6855 4585720.8785, 428507.0675 4585714.6095, 428509.1335 4585705.6695, 428509.5275 4585698.4995, 428508.9095 4585691.5395, 428505.3735 4585680.4435, 428484.9855 4585638.9955, 428483.0135 4585633.7535, 428480.4595 4585622.9695, 428471.8135 4585575.9575, 428464.9815 4585506.0695, 428468.4925 4585459.8895, 428498.4155 4585415.0455, 428531.0465 4585379.5895, 428545.8213 4585365.4663, 428555.0289 4585359.6743, 428561.7095 4585357.3505, 428574.3655 4585357.6555, 428583.6335 4585360.7815, 428604.62 4585372.3807, 428631.2182 4585389.372, 428632.7175 4585390.6735, 428648.7315 4585411.0435, 428673.8395 4585444.9655, 428680.1055 4585452.7275, 428705.7395 4585481.7075, 428720.0895 4585496.7375, 428744.0795 4585519.7035, 428758.0755 4585531.5415, 428764.9755 4585535.9255, 428769.6975 4585537.6435, 428775.1285 4585538.8835, 428810.1035 4585524.7375, 428838.5515 4585512.3735, 428871.6155 4585498.4955, 428895.7015 4585554.8035, 428941.4275 4585659.0515, 428957.2595 4585693.7095, 428987.4575 4585763.8955, 428960.9955 4585768.1835, 428939.4515 4585770.7275, 428908.6215 4585773.1455, 428926.9876 4585799.008, 428928.1201 4585884.5601))","POLYGON ((2.14949192164824 41.4213763960564, 2.14947476652528 41.4216410369754, 2.1478019526582 41.4215922516149, 2.1469764224727 41.4212644766327, 2.14514317896541 41.4208930302982, 2.14481952888231 41.4207905638861, 2.1447151132247 41.4207328831097, 2.14452791690351 41.4205301711505, 2.14402039454004 41.4201940626345, 2.14389753741033 41.4201402324033, 2.14407130436439 41.4201062584455, 2.14415415192399 41.4200832212136, 2.14423213393394 41.4200516086651, 2.14429535295487 41.4200178866052, 2.14434340695983 41.4199835112754, 2.14439626422217 41.419927805969, 2.1444446244738 41.4198646180319, 2.14447386689075 41.4198083677677, 2.1444996439449 41.4197280328195, 2.14450520577903 41.419663490738, 2.14449863393084 41.4196007499946, 2.14445763639429 41.4195004984243, 2.14421858980072 41.4191253795864, 2.14419561430014 41.4190779916075, 2.14416633043058 41.4189806373853, 2.14406843934431 41.4185564506884, 2.14399495943865 41.4179263909571, 2.14404242957016 41.4175107798205, 2.14440575554304 41.4171095519816, 2.14480036833864 41.4167931175419, 2.14497881343749 41.416667229718, 2.14508966395521 41.4166158822851, 2.14516986989236 41.416595546722, 2.14532125932087 41.4165994187396, 2.14543177925603 41.4166283970324, 2.14568150788985 41.4167347310171, 2.14599774382179 41.4168901272722, 2.14601552905097 41.416901982496, 2.14620473018673 41.417086868656, 2.14650114267322 41.4173946189696, 2.14657519933286 41.4174650842244, 2.14687849132635 41.4177283697328, 2.14704841687812 41.4178650117344, 2.14733275065146 41.418073984637, 2.14749881840044 41.4181818455767, 2.14758086068798 41.4182219421639, 2.14763715720177 41.4182378340733, 2.14770199323467 41.4182494836535, 2.14812213501308 41.4181251758852, 2.14846397011365 41.4180163383017, 2.14886121241301 41.4178942723278, 2.14914278131055 41.4184035469375, 2.14967764826807 41.4193465106526, 2.14986301090193 41.4196600609014, 2.15021609801796 41.4202948666684, 2.14989896569021 41.4203311477354, 2.1496408838788 41.4203521554075, 2.14927170581701 41.4203712061038, 2.14948842466687 41.420605763711, 2.14949192164824 41.4213763960564))"
"06","Gràcia","29","el Coll","118","016","POLYGON ((429005.4865 4585761.1695, 428987.4575 4585763.8955, 428957.2595 4585693.7095, 428941.4275 4585659.0515, 428895.7015 4585554.8035, 428871.6155 4585498.4955, 428903.9235 4585485.3575, 428908.1855 4585456.3655, 428910.705692 4585434.687703, 428915.4025865 4585429.732783, 428961.712529 4585526.4562605, 428964.660883 4585526.8346075, 428966.562205 4585465.636194, 428969.48102 4585459.6032695, 428973.101318 4585458.45829, 428977.0514365 4585461.5251295, 428977.1840875 4585465.2070085, 428980.2855065 4585479.075145, 428997.2135 4585516.9995, 429016.5715 4585551.2315, 429057.2675 4585627.4775, 429059.8575 4585632.7995, 429063.2675 4585637.6135, 429074.3345 4585651.0395, 429083.3755 4585661.3795, 429084.1035 4585662.7015, 429084.6555 4585664.1285, 429085.4775 4585669.5635, 429089.1715 4585686.7775, 429092.2815 4585703.1835, 429109.3675 4585709.5535, 429117.4687 4585745.7318, 429114.6906 4585749.0391, 429080.4645 4585750.0135, 429062.9095 4585751.7455, 429049.1605 4585753.4325, 429005.4865 4585761.1695))","POLYGON ((2.15043214239761 41.4202719079305, 2.15021609801796 41.4202948666684, 2.14986301090193 41.4196600609014, 2.14967764826807 41.4193465106526, 2.14914278131055 41.4184035469375, 2.14886121241301 41.4178942723278, 2.14924932076743 41.4177788029524, 2.14930372282566 41.4175180610107, 2.14933642436027 41.4173230409596, 2.14939320434246 41.4172788295372, 2.14993593659949 41.4181540735579, 2.14997116926982 41.418157741822, 2.15000110551492 41.4176067208844, 2.15003673733377 41.4175526428178, 2.15008018830708 41.4175426504638, 2.15012709099978 41.4175706213748, 2.15012824584309 41.4176037942766, 2.15016372577494 41.4177289730203, 2.15036181642477 41.4180720381188, 2.15058941764485 41.418382062014, 2.15106740480252 41.4190723725711, 2.15109777042866 41.4191205343143, 2.15113800714839 41.4191641930941, 2.15126885166916 41.4192860925362, 2.15137581691884 41.4193800186824, 2.15138437261248 41.4193919896476, 2.151390810114 41.4194048907709, 2.15140000830395 41.4194539141391, 2.15144218975061 41.4196092796032, 2.15147747837682 41.4197573161873, 2.15168117112604 41.4198161958103, 2.15177386457523 41.4201427536657, 2.15174023590341 41.4201722960771, 2.1513305929638 41.4201780518646, 2.15112033736809 41.4201921015948, 2.15095562726435 41.4202060817372, 2.15043214239761 41.4202719079305))"
"06","Gràcia","29","el Coll","118","017","POLYGON ((429108.0675 4585675.6755, 429109.3675 4585709.5535, 429092.2815 4585703.1835, 429089.1715 4585686.7775, 429085.4775 4585669.5635, 429084.6555 4585664.1285, 429084.1035 4585662.7015, 429083.3755 4585661.3795, 429074.3345 4585651.0395, 429063.2675 4585637.6135, 429059.8575 4585632.7995, 429057.2675 4585627.4775, 429016.5715 4585551.2315, 428997.2135 4585516.9995, 428980.2855065 4585479.075145, 428977.1840875 4585465.2070085, 428977.0514365 4585461.5251295, 428973.101318 4585458.45829, 428969.48102 4585459.6032695, 428966.562205 4585465.636194, 428964.660883 4585526.8346075, 428961.712529 4585526.4562605, 428915.4025865 4585429.732783, 428910.705692 4585434.687703, 428908.1855 4585456.3655, 428903.9235 4585485.3575, 428872.3345 4585498.1935, 428838.5515 4585512.3735, 428805.6495 4585436.2215, 428790.1725 4585401.2385, 428823.3835 4585387.331, 428788.2315 4585305.0835, 428781.2775 4585284.3335, 428781.5435 4585277.7055, 428769.3255 4585220.8495, 428763.3125 4585190.9125, 428799.1675 4585227.8455, 428802.5845 4585229.6855, 428815.9655 4585266.4135, 428824.9715 4585293.0335, 428830.5055 4585290.9275, 428837.9575 4585278.5035, 428840.0935 4585275.9095, 428848.2975 4585267.9135, 428860.1075 4585257.5015, 428866.9115 4585252.2815, 428888.2935 4585256.6415, 428904.6055 4585261.6935, 428914.3435 4585265.2995, 428924.1505 4585265.6815, 428938.2135 4585265.2125, 428956.8705 4585266.8535, 428967.8615 4585266.1505, 429042.2215 4585250.3345, 429050.1335 4585262.4395, 429050.6615 4585265.0155, 429050.3955 4585268.0355, 429049.3775 4585271.0195, 429048.3915 4585272.8395, 429047.2575 4585274.3675, 429043.1635 4585278.0355, 429036.8725 4585282.6415, 429026.5555 4585288.6275, 429018.6475 4585292.3895, 429008.4735 4585296.4835, 428997.9675 4585303.2675, 428996.4555 4585307.4675, 428996.3465 4585312.4615, 428990.9015 4585314.2155, 428989.1775 4585314.3195, 428996.3415 4585323.6875, 428997.4875 4585324.8875, 429000.3815 4585326.6215, 429003.7575 4585328.1055, 429008.9495 4585329.8415, 429039.2295 4585337.4935, 429053.6395 4585340.6595, 429073.9775 4585344.5215, 429099.7435 4585346.0955, 429116.4075 4585348.0235, 429125.0955 4585349.6015, 429130.5595 4585351.0115, 429133.0355 4585352.2995, 429135.9415 4585354.4695, 429137.9514 4585359.2070335, 429138.5936105 4585364.8981765, 429138.4999505 4585369.9226035, 429137.9211545 4585374.081535, 429136.852011 4585376.813727, 429135.0469965 4585378.879204, 429130.7046925 4585382.6298545, 429127.860134 4585384.168017, 429126.851865 4585385.1951895, 429123.2275 4585397.0795, 429119.5105 4585404.6315, 429113.9445 4585411.7555, 429106.1455 4585419.7815, 429098.9695 4585423.8435, 429089.7667 4585426.2001, 429085.01 4585429.13, 429084.6187 4585438.9205, 429077.43231 4585444.4936265, 429053.1428 4585459.6252, 429049.1566 4585462.7837, 429046.0164 4585466.1153, 429043.6259 4585469.5823, 429041.8215 4585473.3855, 429040.7021 4585477.3891, 429040.28 4585481.4059, 429041.8451 4585504.1275, 429042.8267 4585508.439, 429049.6067 4585531.087, 429052.374 4585538.2282, 429063.5528 4585563.603, 429072.4363 4585572.1788, 429094.6555 4585611.8995, 429099.0535 4585627.1375, 429106.2355 4585656.4335, 429108.0675 4585675.6755))","POLYGON ((2.15166958712912 41.4195109558206, 2.15168117112604 41.4198161958103, 2.15147747837682 41.4197573161873, 2.15144218975061 41.4196092796032, 2.15140000830395 41.4194539141391, 2.151390810114 41.4194048907709, 2.15138437261248 41.4193919896476, 2.15137581691884 41.4193800186824, 2.15126885166916 41.4192860925362, 2.15113800714839 41.4191641930941, 2.15109777042866 41.4191205343143, 2.15106740480252 41.4190723725711, 2.15058941764485 41.418382062014, 2.15036181642477 41.4180720381188, 2.15016372577494 41.4177289730203, 2.15012824584309 41.4176037942766, 2.15012709099978 41.4175706213748, 2.15008018830708 41.4175426504638, 2.15003673733377 41.4175526428178, 2.15000110551492 41.4176067208844, 2.14997116926982 41.418157741822, 2.14993593659949 41.4181540735579, 2.14939320434246 41.4172788295372, 2.14933642436027 41.4173230409596, 2.14930372282566 41.4175180610107, 2.14924932076743 41.4177788029524, 2.14886985073573 41.4178916159823, 2.14846397011365 41.4180163383017, 2.14807926130601 41.4173275543293, 2.14789819950824 41.4170111055438, 2.14829719897037 41.41688878878, 2.14788629548827 41.4161449051574, 2.14780553630136 41.415957402196, 2.14780949920253 41.4158977301052, 2.14767001049854 41.4153845686392, 2.14760159322624 41.415114405401, 2.14802623174346 41.4154502232962, 2.14806689793393 41.4154670981604, 2.14822267330344 41.4157990775677, 2.1483272942354 41.4160396306765, 2.14839375423158 41.4160211529273, 2.14848437610574 41.4159099149976, 2.14851023763185 41.4158867410516, 2.1486093356616 41.4158154507871, 2.14875186183469 41.4157227197424, 2.14883388255341 41.4156763076366, 2.14908919621815 41.4157174687549, 2.14928376849309 41.4157644133434, 2.14939985579286 41.4157977525765, 2.14951714756977 41.4158020605433, 2.14968546060345 41.4157990801429, 2.14990849112409 41.4158155095539, 2.15004007645004 41.4158101495055, 2.1509316184308 41.4156742705456, 2.1510248623288 41.4157839939667, 2.15103087750439 41.4158072415736, 2.15102734072249 41.4158344180075, 2.15101481078144 41.4158612038099, 2.15100280022149 41.4158775087589, 2.15098905314289 41.4158911707133, 2.15093963980595 41.4159238454229, 2.15086383012333 41.4159647742912, 2.15073968885823 41.4160177766463, 2.1506446311632 41.4160509609878, 2.15052242254008 41.4160869352594, 2.15039592578656 41.4161471078028, 2.15037734225602 41.4161848019014, 2.1503754519287 41.4162297711983, 2.1503100984366 41.4162450876386, 2.15028945914225 41.4162458719825, 2.15037407442837 41.4163308787737, 2.15038764510428 41.4163417879428, 2.1504220673817 41.4163576610737, 2.15046228599849 41.4163713251302, 2.1505242029415 41.4163874192657, 2.15088559626037 41.4164590121567, 2.15105763638933 41.4164887993773, 2.15130052193499 41.4165253781694, 2.15160862048316 41.4165418282891, 2.151807774753 41.4165606630936, 2.15191153943766 41.4165756418157, 2.15197674954616 41.4165888230136, 2.15200622333765 41.4166006418685, 2.15204073865308 41.4166204424537, 2.15206423160688 41.4166632887479, 2.15207124880823 41.416714603209, 2.1520695396026 41.4167598479371, 2.15206212724046 41.4167972547154, 2.1520490151092 41.4168217681853, 2.15202717653785 41.4168402119268, 2.15197478239861 41.4168736095763, 2.15194056764435 41.4168872123118, 2.15192838356878 41.4168963747138, 2.15188362629517 41.4170030922289, 2.15183826816372 41.4170707821839, 2.15177083711269 41.4171344541912, 2.1516765827125 41.4172060531053, 2.15159024684725 41.4172420047673, 2.15147986043057 41.4172624176661, 2.15142260370268 41.4172883863208, 2.15141677403793 41.4173765308484, 2.15133013631065 41.4174260914965, 2.15103774029496 41.4175602312573, 2.15098967528404 41.4175883266259, 2.15095171224956 41.4176180557171, 2.15092270340234 41.417649070489, 2.15090066773442 41.4176831650255, 2.15088680451703 41.4177191249689, 2.15088128289229 41.4177552653743, 2.15089734372723 41.4179600477662, 2.15090858277107 41.4179989663681, 2.15098704879972 41.4182035463418, 2.15101932198781 41.4182681085553, 2.15115010086511 41.4184976359657, 2.1512553870428 41.4185756588894, 2.15151658552131 41.4189353680146, 2.15156742206244 41.4190729985442, 2.15164992218887 41.419337489352, 2.15166958712912 41.4195109558206))"
"06","Gràcia","30","la Salut","119","018","POLYGON ((428885.1517 4584943.0578, 428976.4215 4584809.7455, 428930.0075 4584778.4375, 429001.7675 4584671.5175, 429034.3855 4584695.3105, 429048.2335 4584704.9815, 429053.5475 4584698.7195, 429057.1375 4584695.1715, 429061.3505 4584692.5335, 429063.3635 4584691.8195, 429078.8735 4584688.6455, 429127.4415 4584680.9015, 429131.5145 4584680.7255, 429135.5305 4584681.1045, 429148.8945 4584683.1525, 429161.8635 4584685.5865, 429174.1745 4584689.2985, 429192.4235 4584697.5135, 429267.4775 4584733.9985, 429247.5515 4584764.2855, 429201.1815 4584832.5855, 429167.7815 4584880.8915, 429136.6155 4584925.2405, 429188.4655 4584967.9415, 429213.3195 4584987.8335, 429262.9695 4585031.2695, 429286.0525 4585050.4655, 429290.6822 4585045.0202, 429291.0158 4585045.3038, 429299.3872 4585033.9872, 429306.2928 4585023.9838, 429317.345041 4585017.875888, 429325.2512 4584996.2108, 429334.224046 4584974.769022, 429351.1142 4584982.8378, 429364.7912 4585023.2292, 429363.7972 4585023.2472, 429369.5788 4585042.6372, 429378.2622 4585073.7218, 429383.5752 4585090.3028, 429391.3268 4585101.0312, 429409.6843 4585124.5788, 429400.0368 4585136.7442, 429394.3232 4585143.2238, 429377.7412 4585160.3708, 429373.0472 4585166.2978, 429360.6866 4585183.7089, 429352.9915 4585197.2985, 429341.5139 4585211.3637, 429312.0791 4585239.9329, 429267.2615 4585292.1355, 429266.3915 4585293.2155, 429265.7075 4585295.2835, 429235.0375 4585331.1315, 429231.0275 4585336.2955, 429210.5435 4585354.2615, 429201.9295 4585362.6585, 429192.9143 4585374.8728, 429126.5155 4585386.1465, 429126.851865 4585385.1951895, 429127.860134 4585384.168017, 429130.7046925 4585382.6298545, 429135.0469965 4585378.879204, 429136.852011 4585376.813727, 429137.921015 4585374.081891, 429138.4999505 4585369.9226035, 429138.5936105 4585364.8981765, 429137.9514 4585359.2070335, 429135.9415785 4585354.4696855, 429133.0355 4585352.2995, 429128.8175 4585350.4635, 429113.4115 4585347.5115, 429099.7435 4585346.0955, 429073.9775 4585344.5215, 429066.1455 4585343.1175, 429039.2295 4585337.4935, 429008.9495 4585329.8415, 429002.0555 4585327.4015, 428997.487559 4585324.8875385, 428989.1775 4585314.3195, 428990.9015 4585314.2155, 428999.6385 4585311.4015, 429002.0245 4585310.9755, 429005.6095 4585308.2795, 429010.2955 4585303.5495, 429016.1035 4585300.3175, 429027.3295 4585296.0435, 429036.9835 4585292.8655, 429042.0455 4585290.7915, 429047.0115 4585288.1375, 429051.1555 4585285.4075, 429056.5335 4585280.8775, 429060.0255 4585277.0395, 429061.4055 4585274.1355, 429063.1475 4585268.5555, 429063.7585 4585264.9135, 429063.5995 4585259.9675, 429061.7495 4585250.0315, 429060.7415 4585246.3455, 429056.8615 4585239.0415, 429055.2335 4585237.3415, 429054.5535 4585235.9375, 429054.8075 4585225.8815, 429055.5654495 4585220.1478815, 429031.9655 4585215.4735, 429019.3675 4585214.0215, 429012.9875 4585212.7875, 428996.2655 4585207.9275, 428981.0715 4585202.3295, 428962.7735 4585193.8475, 428956.4015 4585190.5415, 428944.6676115 4585181.281588, 428939.7295 4585176.0455, 428931.1795 4585165.3395, 428929.5395 4585161.4735, 428929.4595 4585159.0265, 428930.0574625 4585152.364116, 428939.9435 4585128.9575, 428945.1875 4585117.4495, 428946.6775 4585113.3105, 428947.8775 4585108.0945, 428950.8875 4585075.5475, 428951.7555 4585062.3075, 428951.4895 4585049.9925, 428950.5895 4585037.7715, 428946.8255 4585019.9035, 428939.5595 4584990.2635, 428934.8285 4584972.6215, 428930.9995 4584955.9755, 428917.1135 4584954.6935, 428908.0675 4584953.0695, 428893.6206 4584948.2933, 428885.1517 4584943.0578))","POLYGON ((2.14908846749676 41.4128928698397, 2.15019607307738 41.4117002502526, 2.1496444612042 41.4114141687879, 2.15051552772574 41.4104575250725, 2.15090296619038 41.4106746997696, 2.15106750476875 41.4107630251951, 2.15113181389615 41.4107070949226, 2.15117517939298 41.4106754563699, 2.1512258915116 41.4106520687958, 2.15125005803083 41.4106458157438, 2.15143598614993 41.4106185974932, 2.15201794322146 41.4105531343816, 2.15206669169166 41.4105519083525, 2.15211469323569 41.4105556759439, 2.1522743353716 41.4105752996233, 2.15242920678159 41.4105983648196, 2.15257605663816 41.4106328822707, 2.15279341987266 41.4107084794281, 2.15368707547925 41.4110436940627, 2.15344514482665 41.4113147234001, 2.1528823929122 41.4119257913541, 2.15247714411296 41.4123579215301, 2.15209908104217 41.4127546080476, 2.15271441845281 41.4131437691008, 2.153009446969 41.4133251179461, 2.15359838801719 41.4137207004128, 2.15387231428207 41.413895622596, 2.15392834158436 41.4138469862801, 2.15393229970825 41.4138495699048, 2.15403377961485 41.4137483822503, 2.15411756863117 41.4136588930408, 2.15425051349701 41.4136048536018, 2.15434763518027 41.4134104199759, 2.15445749216875 41.4132180913135, 2.1546586258652 41.4132922485699, 2.15481754363075 41.4136572402683, 2.1548056491083 41.4136573150229, 2.15487255767067 41.4138324612859, 2.15497281936235 41.414113191183, 2.15503445022276 41.414262996608, 2.15512594069026 41.4143603041882, 2.1553428283865 41.4145740008693, 2.15522598236697 41.4146827223746, 2.15515686636226 41.4147405796232, 2.15495647088032 41.4148935588765, 2.15489961787367 41.4149465285142, 2.15474969713186 41.4151022570212, 2.15465604232325 41.4152239767415, 2.15451707583351 41.4153496473527, 2.15416156440017 41.4156043702094, 2.1536192376437 41.4160705947108, 2.1536087021183 41.4160802452624, 2.15360027648672 41.4160988107071, 2.15322912709342 41.4164189790924, 2.15318054447699 41.4164651360386, 2.15293335677256 41.4166251443882, 2.15282930967964 41.4167000139245, 2.15272001524609 41.4168092288988, 2.15192424757066 41.4169049131167, 2.15192838356878 41.4168963747138, 2.15194056764435 41.4168872123118, 2.15197478239861 41.4168736095763, 2.15202717653785 41.4168402119268, 2.1520490151092 41.4168217681853, 2.15206212552967 41.4167972579095, 2.1520695396026 41.4167598479371, 2.15207124880823 41.416714603209, 2.15206423160688 41.4166632887479, 2.15204073957058 41.4166204441314, 2.15200622333765 41.4166006418685, 2.15195597118108 41.4165837337672, 2.15177198842226 41.4165557874365, 2.15160862048316 41.4165418282891, 2.15130052193499 41.4165253781694, 2.15120697887504 41.4165120416063, 2.15088559626037 41.4164590121567, 2.1505242029415 41.4163874192657, 2.15044200472232 41.4163648341173, 2.15038764580568 41.4163417882948, 2.15028945914225 41.4162458719825, 2.1503100984366 41.4162450876386, 2.15041496401809 41.4162205150749, 2.15044356170238 41.4162168890734, 2.15048677142359 41.4161929240243, 2.15054339289393 41.4161507368095, 2.15061326283963 41.4161221405537, 2.15074807939951 41.4160846379105, 2.150863958834 41.4160568675198, 2.15092476709401 41.4160386348322, 2.15098449474551 41.4160151698106, 2.15103439634809 41.4159909476836, 2.15109927334945 41.4159506226031, 2.15114150386894 41.4159163635606, 2.15115835557457 41.4158903302277, 2.15117985225098 41.4158402271964, 2.15118758969106 41.4158074791085, 2.15118626730485 41.4157629184491, 2.15116529798261 41.4156732656045, 2.15115366994791 41.4156399783099, 2.15110810402451 41.4155738516136, 2.15108882511178 41.4155583966785, 2.15108085387876 41.4155456913855, 2.15108507219957 41.4154551434773, 2.15109481311115 41.4154035700028, 2.15081299954077 41.415359385961, 2.150662441066 41.4153451957515, 2.15058625234062 41.4153335180676, 2.15038675239477 41.4152882687228, 2.15020562109938 41.4152365072034, 2.14998769103327 41.4151584960084, 2.14991184169803 41.4151281569248, 2.14977253968055 41.4150437192538, 2.14971407296663 41.4149961233029, 2.14961303475014 41.4148989426401, 2.1495938672802 41.4148639781146, 2.14959319759924 41.4148419319047, 2.14960113455047 41.4147819793992, 2.14972216438806 41.4145720397183, 2.1497862571137 41.414468855496, 2.14980457009891 41.4144317089375, 2.14981953989793 41.4143848366334, 2.14985937484285 41.4140919650883, 2.1498713147039 41.413972794498, 2.14986957845515 41.4138618547535, 2.14986024586212 41.4137517055773, 2.14981731106602 41.4135904429456, 2.14973386069481 41.413322845005, 2.14967933064662 41.4131635323048, 2.14963547545418 41.4130132699105, 2.14946949297723 41.4130004954124, 2.14936145683662 41.4129850685669, 2.14918917451278 41.412940773202, 2.14908846749676 41.4128928698397))"
"06","Gràcia","30","la Salut","119","019","POLYGON ((429001.7675 4584671.5175, 428930.0075 4584778.4375, 428877.2965 4584742.6475, 428800.8695 4584692.0135, 428792.7295 4584686.2075, 428862.1915 4584591.3095, 428953.8825 4584467.1075, 428966.1225 4584449.8675, 428969.9455 4584452.0825, 428975.7815 4584575.0455, 428995.7715 4584585.2075, 429042.6075 4584611.0915, 429001.7675 4584671.5175))","POLYGON ((2.15051552772574 41.4104575250725, 2.1496444612042 41.4114141687879, 2.14901804545302 41.4110871599416, 2.14810965264728 41.4106243533018, 2.1480129519604 41.410571339892, 2.14885512544059 41.4097227824806, 2.14996664978282 41.4086122541129, 2.15011510381095 41.4084580620039, 2.15016057928435 41.4084783494674, 2.15021596480429 41.4095863442489, 2.1504539216833 41.4096796354756, 2.15101120726742 41.4099168984688, 2.15051552772574 41.4104575250725))"
"06","Gràcia","30","la Salut","119","020","POLYGON ((429107.9895 4584515.1915, 429042.6075 4584611.0915, 428995.7715 4584585.2075, 428975.7815 4584575.0455, 428969.9455 4584452.0825, 428966.1225 4584449.8675, 428972.4635 4584442.5205, 429020.1089 4584384.197, 429025.2853 4584388.9497, 429035.2475 4584396.8325, 429051.7365 4584408.2055, 429057.8555 4584411.7095, 429080.4925 4584424.2565, 429107.2355 4584437.7905, 429147.3955 4584456.0245, 429107.9895 4584515.1915))","POLYGON ((2.15180464039857 41.4090589341096, 2.15101120726742 41.4099168984688, 2.1504539216833 41.4096796354756, 2.15021596480429 41.4095863442489, 2.15016057928435 41.4084783494674, 2.15011510381095 41.4084580620039, 2.15019182502114 41.4083924508102, 2.15076865851379 41.4078713626359, 2.15083002707606 41.4079146254098, 2.15094828190858 41.4079865022555, 2.15114420902323 41.4080903899478, 2.15121700091848 41.408122489163, 2.15148634104208 41.4082374926109, 2.15180468749457 41.4083617470978, 2.15228299580484 41.408529514541, 2.15180464039857 41.4090589341096))"
"06","Gràcia","30","la Salut","119","021","POLYGON ((429285.5565 4584708.1395, 429267.4775 4584733.9985, 429192.4235 4584697.5135, 429177.5375 4584690.6475, 429174.1745 4584689.2985, 429161.8635 4584685.5865, 429148.8945 4584683.1525, 429135.5305 4584681.1045, 429129.5825 4584680.7235, 429078.8735 4584688.6455, 429063.3635 4584691.8195, 429061.3505 4584692.5335, 429057.1375 4584695.1715, 429053.5475 4584698.7195, 429048.2335 4584704.9815, 429034.3855 4584695.3105, 429001.7675 4584671.5175, 429107.9895 4584515.1915, 429147.3955 4584456.0245, 429328.7645 4584539.0135, 429346.9125 4584547.9155, 429379.4445 4584567.2065, 429367.9555 4584585.3815, 429317.8575 4584659.5475, 429285.5565 4584708.1395))","POLYGON ((2.15390638971792 41.4108123829567, 2.15368707547925 41.4110436940627, 2.15279341987266 41.4107084794281, 2.15261613248136 41.4106453285209, 2.15257605663816 41.4106328822707, 2.15242920678159 41.4105983648196, 2.1522743353716 41.4105752996233, 2.15211469323569 41.4105556759439, 2.15204357819695 41.4105517199893, 2.15143598614993 41.4106185974932, 2.15125005803083 41.4106458157438, 2.1512258915116 41.4106520687958, 2.15117517939298 41.4106754563699, 2.15113181389615 41.4107070949226, 2.15106750476875 41.4107630251951, 2.15090296619038 41.4106746997696, 2.15051552772574 41.4104575250725, 2.15180464039857 41.4090589341096, 2.15228299580484 41.408529514541, 2.15444306891728 41.4092929309083, 2.15465914141722 41.4093747032, 2.15504608408861 41.4095513087174, 2.15490651451923 41.409713994426, 2.15429850475952 41.4103775749144, 2.15390638971792 41.4108123829567))"
"06","Gràcia","30","la Salut","120","022","POLYGON ((429136.6155 4584925.2405, 429167.7815 4584880.8915, 429201.1815 4584832.5855, 429247.5515 4584764.2855, 429267.4775 4584733.9985, 429285.5565 4584708.1395, 429317.8575 4584659.5475, 429336.9225 4584631.5835, 429349.6055 4584640.4055, 429424.9575 4584689.5935, 429451.8475 4584707.8475, 429566.6355 4584787.4565, 429557.5675 4584801.6495, 429543.9285 4584824.8535, 429533.4355 4584844.9025, 429524.5555 4584862.9855, 429499.6605 4584909.7815, 429440.6405 4585019.0915, 429481.4555 4585059.1645, 429481.8275 4585064.3955, 429481.5355 4585069.2085, 429480.5525 4585071.8675, 429475.3855 4585079.4345, 429459.1295 4585097.6645, 429440.4345 4585120.6315, 429430.3985 4585131.9705, 429424.2885 4585146.4145, 429420.3355 4585159.1365, 429416.5945 4585176.9392, 429412.5607 4585168.4606, 429409.3645 4585166.3295, 429400.0765 4585163.5435, 429390.3255 4585165.8655, 429383.8235 4585170.0445, 429369.5774 4585186.0113, 429352.9915 4585197.2985, 429360.6866 4585183.7089, 429373.0472 4585166.2978, 429377.7412 4585160.3708, 429394.3232 4585143.2238, 429400.0368 4585136.7442, 429409.6843 4585124.5788, 429391.3268 4585101.0312, 429383.5752 4585090.3028, 429378.2622 4585073.7218, 429369.5788 4585042.6372, 429363.7972 4585023.2472, 429364.7912 4585023.2292, 429351.1142 4584982.8378, 429334.2241 4584974.7689, 429325.2512 4584996.2108, 429317.3452 4585017.8758, 429306.2928 4585023.9838, 429299.3872 4585033.9872, 429291.0158 4585045.3038, 429290.6822 4585045.0202, 429286.0525 4585050.4655, 429262.9695 4585031.2695, 429213.3195 4584987.8335, 429188.4655 4584967.9415, 429136.6155 4584925.2405))","POLYGON ((2.15209908104217 41.4127546080476, 2.15247714411296 41.4123579215301, 2.1528823929122 41.4119257913541, 2.15344514482665 41.4113147234001, 2.15368707547925 41.4110436940627, 2.15390638971792 41.4108123829567, 2.15429850475952 41.4103775749144, 2.15452985645762 41.4101273903393, 2.15468056023022 41.4102079616033, 2.15557630251223 41.4106575988241, 2.15589587703279 41.4108243662524, 2.15725989853419 41.4115514412657, 2.15714975817106 41.411678477462, 2.15698388121715 41.4118862714682, 2.15685600915502 41.4120659251834, 2.15674766323896 41.4122280131823, 2.15644436792909 41.4126473032949, 2.15572550301215 41.4136266365123, 2.15620915107206 41.4139911408088, 2.15621299204832 41.4140382870302, 2.15620893746472 41.4140816102242, 2.15619686662569 41.4141054725452, 2.15613416501998 41.4141731721518, 2.15593754766287 41.4143359359335, 2.15571119575109 41.4145411495308, 2.15558979863332 41.4146423942412, 2.1555150111701 41.4147719491275, 2.15546623159822 41.4148861840244, 2.15541939552515 41.4150461973857, 2.15537212257326 41.4149694796653, 2.15533413047396 41.4149500049386, 2.15522332984336 41.4149240966249, 2.15510639357362 41.4149441532709, 2.15502811295487 41.4149812205657, 2.15485580204029 41.4151237752873, 2.15465604232325 41.4152239767415, 2.15474969713186 41.4151022570212, 2.15489961787367 41.4149465285142, 2.15495647088032 41.4148935588765, 2.15515686636226 41.4147405796232, 2.15522598236697 41.4146827223746, 2.1553428283865 41.4145740008693, 2.15512594069026 41.4143603041882, 2.15503445022276 41.414262996608, 2.15497281936235 41.414113191183, 2.15487255767067 41.4138324612859, 2.1548056491083 41.4136573150229, 2.15481754363075 41.4136572402683, 2.1546586258652 41.4132922485699, 2.15445749282906 41.4132180902195, 2.15434763518027 41.4134104199759, 2.1542505154096 41.4136048528232, 2.15411756863117 41.4136588930408, 2.15403377961485 41.4137483822503, 2.15393229970825 41.4138495699048, 2.15392834158436 41.4138469862801, 2.15387231428207 41.413895622596, 2.15359838801719 41.4137207004128, 2.153009446969 41.4133251179461, 2.15271441845281 41.4131437691008, 2.15209908104217 41.4127546080476))"
"06","Gràcia","30","la Salut","120","023","POLYGON ((429591.5055 4585342.5815, 429585.7535 4585344.4835, 429580.0875 4585344.0895, 429573.3075 4585341.9115, 429567.9855 4585338.2815, 429561.6066 4585327.6506, 429518.2365 4585239.2055, 429464.8295 4585192.3575, 429454.2555 4585186.4335, 429445.1895 4585183.4455, 429435.6765 4585182.5915, 429428.3906 4585183.2233, 429420.4669 4585185.0787, 429416.5945 4585176.9392, 429420.3355 4585159.1365, 429424.2885 4585146.4145, 429430.3985 4585131.9705, 429440.4345 4585120.6315, 429459.1295 4585097.6645, 429475.3855 4585079.4345, 429480.5525 4585071.8675, 429481.5355 4585069.2085, 429481.8015 4585066.9485, 429481.4165 4585049.5625, 429482.2425 4585042.2825, 429487.0995 4585029.7675, 429490.9875 4585025.3235, 429508.1765 4585012.2175, 429525.6385 4584996.6505, 429532.3001 4584992.4019, 429538.9516 4584992.4243, 429543.9844 4584993.416, 429549.4806 4584998.9779, 429586.8935 4585088.0015, 429637.1995 4585032.2625, 429685.7565 4584976.0775, 429688.5655 4584972.3945, 429699.7395 4584979.4835, 429716.7195 4584991.2235, 429738.3195 4585006.8715, 429764.0175 4585024.8615, 429804.9004 4585055.0849, 429780.0115 4585069.0455, 429754.0915 4585087.6175, 429731.3395 4585107.3935, 429711.028 4585128.425, 429681.2695 4585165.0555, 429661.623 4585194.8075, 429640.0655 4585233.7495, 429623.3058 4585269.4189, 429602.3775 4585332.6555, 429598.0955 4585338.5575, 429591.5055 4585342.5815))","POLYGON ((2.15749283327794 41.4165534166459, 2.15742379065923 41.4165700432186, 2.15735604426126 41.4165659981112, 2.15727517684695 41.4165457875429, 2.15721192313609 41.4165126271126, 2.15713683917734 41.4164163196385, 2.15662823314701 41.4156159265052, 2.15599470374008 41.4151892990471, 2.15586888203624 41.415135015739, 2.15576076054379 41.415107308092, 2.15564704210845 41.4150987811949, 2.15555979645119 41.4151038317816, 2.15546477708311 41.415119846771, 2.15541939552515 41.4150461973857, 2.15546623159822 41.4148861840244, 2.1555150111701 41.4147719491275, 2.15558979863332 41.4146423942412, 2.15571119575109 41.4145411495308, 2.15593754766287 41.4143359359335, 2.15613416501998 41.4141731721518, 2.15619686662569 41.4141054725452, 2.15620893746472 41.4140816102242, 2.15621238339508 41.4140612786253, 2.15620980369102 41.4139046559115, 2.15622053472241 41.4138391602635, 2.15628010369549 41.4137268686913, 2.15632713852019 41.4136871844308, 2.15653431849525 41.4135706516533, 2.15674505062334 41.4134319771591, 2.15682524599774 41.4133942957931, 2.15690482302746 41.4133950807292, 2.15696492078653 41.4134044538151, 2.15703003057655 41.413455029516, 2.15746728395094 41.4142601094574, 2.15807564405034 41.4137624958162, 2.15866312139615 41.4132607088573, 2.1586971567009 41.4132277832409, 2.15883002027709 41.4132926086549, 2.15903180775118 41.4133998314664, 2.15928841660621 41.4135426557137, 2.1595937840977 41.4137069310496, 2.16007940984405 41.41398271362, 2.15978001165156 41.4141062771293, 2.15946774047459 41.414271282837, 2.15919323097808 41.4144474086517, 2.15894777323833 41.4146350550559, 2.15858747291912 41.4149623685342, 2.15834895393769 41.415228613974, 2.15808649985854 41.4155774623436, 2.15788182759043 41.4158972552184, 2.15762406915413 41.4164649695436, 2.15757214928357 41.4165177514227, 2.15749283327794 41.4165534166459))"
"06","Gràcia","30","la Salut","120","024","POLYGON ((429637.1995 4585032.2625, 429586.8935 4585088.0015, 429549.4806 4584998.9779, 429543.9844 4584993.416, 429538.9516 4584992.4243, 429532.3001 4584992.4019, 429525.6385 4584996.6505, 429508.1765 4585012.2175, 429493.2605 4585023.3985, 429488.2215 4585028.2105, 429487.0995 4585029.7675, 429485.8865 4585032.3405, 429482.2425 4585042.2825, 429481.4165 4585049.5625, 429481.4555 4585059.1645, 429440.6405 4585019.0915, 429499.6605 4584909.7815, 429524.5555 4584862.9855, 429533.4355 4584844.9025, 429543.9285 4584824.8535, 429557.5675 4584801.6495, 429566.6355 4584787.4565, 429592.6965 4584750.0675, 429631.2815 4584781.6815, 429647.9575 4584795.8635, 429674.7865 4584817.2815, 429700.0745 4584833.3025, 429720.1275 4584844.1595, 429732.2255 4584849.8365, 429761.9595 4584861.2445, 429792.3825 4584869.2115, 429837.7427 4584812.0821, 429923.0325 4584874.8745, 429965.7342 4584907.9632, 429901.0995 4585008.1275, 429906.8955 4585011.9055, 429913.8575 4585019.9375, 429916.8811 4585028.9918, 429916.9675 4585039.3875, 429913.6815 4585048.8515, 429886.7546 4585075.7186, 429839.7835 4585048.2595, 429831.6095 4585047.2435, 429821.3695 4585048.7535, 429809.3248 4585052.8462, 429804.9004 4585055.0849, 429764.0175 4585024.8615, 429738.3195 4585006.8715, 429716.7195 4584991.2235, 429699.7395 4584979.4835, 429688.5655 4584972.3945, 429685.7565 4584976.0775, 429637.1995 4585032.2625))","POLYGON ((2.15807564405034 41.4137624958162, 2.15746728395094 41.4142601094574, 2.15703003057655 41.413455029516, 2.15696492078653 41.4134044538151, 2.15690482302746 41.4133950807292, 2.15682524599774 41.4133942957931, 2.15674505062334 41.4134319771591, 2.15653431849525 41.4135706516533, 2.15635455752449 41.4136700461203, 2.15629370902118 41.4137129438401, 2.15628010369549 41.4137268686913, 2.15626529120143 41.4137499362732, 2.15622053472241 41.4138391602635, 2.15620980369102 41.4139046559115, 2.15620915107206 41.4139911408088, 2.15572550301215 41.4136266365123, 2.15644436792909 41.4126473032949, 2.15674766323896 41.4122280131823, 2.15685600915502 41.4120659251834, 2.15698388121715 41.4118862714682, 2.15714975817106 41.411678477462, 2.15725989853419 41.4115514412657, 2.15757603854168 41.4112169762251, 2.15803398385516 41.4115050905951, 2.15823184356763 41.4116342823251, 2.15855033220165 41.4118295340643, 2.15885101342037 41.4119760414182, 2.15908966461517 41.4120755800551, 2.15923374492692 41.4121277684472, 2.15958815638703 41.4122331150517, 2.1599512114775 41.4123075289754, 2.16050052462014 41.4117969471336, 2.16151364926462 41.4123699357957, 2.16202070193327 41.4126716754868, 2.16123580406945 41.4135681827442, 2.1613047109234 41.4136027152922, 2.16138707532854 41.413675663659, 2.16142220151793 41.4137574760022, 2.16142203098042 41.4138511136864, 2.16138162004021 41.4139360658023, 2.16105634546351 41.4141756988899, 2.16049755266094 41.4139242859199, 2.1603998745369 41.4139144215549, 2.16027718525027 41.4139271274214, 2.16013260434777 41.4139629369351, 2.16007940984405 41.41398271362, 2.1595937840977 41.4137069310496, 2.15928841660621 41.4135426557137, 2.15903180775118 41.4133998314664, 2.15883002027709 41.4132926086549, 2.1586971567009 41.4132277832409, 2.15866312139615 41.4132607088573, 2.15807564405034 41.4137624958162))"
"06","Gràcia","30","la Salut","120","025","POLYGON ((429837.7427 4584812.0821, 429792.3825 4584869.2115, 429761.9595 4584861.2445, 429732.2255 4584849.8365, 429720.1275 4584844.1595, 429700.0745 4584833.3025, 429674.7865 4584817.2815, 429647.9575 4584795.8635, 429631.2815 4584781.6815, 429592.6965 4584750.0675, 429644.1095 4584680.4515, 429769.1355 4584766.0515, 429837.7427 4584812.0821))","POLYGON ((2.16050052462014 41.4117969471336, 2.1599512114775 41.4123075289754, 2.15958815638703 41.4122331150517, 2.15923374492692 41.4121277684472, 2.15908966461517 41.4120755800551, 2.15885101342037 41.4119760414182, 2.15855033220165 41.4118295340643, 2.15823184356763 41.4116342823251, 2.15803398385516 41.4115050905951, 2.15757603854168 41.4112169762251, 2.15819922635789 41.4105944735019, 2.15968505915806 41.4113763747784, 2.16050052462014 41.4117969471336))"
"06","Gràcia","30","la Salut","120","026","POLYGON ((429589.8865 4584754.0875, 429566.6355 4584787.4565, 429451.8475 4584707.8475, 429419.0405 4584685.6945, 429428.7355 4584674.5805, 429462.2905 4584637.9515, 429434.5495 4584612.0825, 429467.7825 4584566.8785, 429545.9555 4584620.9275, 429585.3365 4584647.5555, 429636.5095 4584679.2465, 429644.1095 4584680.4515, 429596.3095 4584744.8995, 429589.8865 4584754.0875))","POLYGON ((2.15754195256357 41.4112529366684, 2.15725989853419 41.4115514412657, 2.15589587703279 41.4108243662524, 2.15550596834825 41.4106219624599, 2.15562325216445 41.410522714246, 2.15602896184063 41.4101957564053, 2.15570009708246 41.409960329265, 2.15610295008394 41.4095561110867, 2.15703187665834 41.4100497657431, 2.15749991466331 41.4102930449682, 2.15810844270861 41.4105829552292, 2.15819922635789 41.4105944735019, 2.15761986495781 41.4111707465128, 2.15754195256357 41.4112529366684))"
"06","Gràcia","30","la Salut","120","027","POLYGON ((429428.7355 4584674.5805, 429419.0405 4584685.6945, 429349.6055 4584640.4055, 429336.9225 4584631.5835, 429367.9555 4584585.3815, 429379.4445 4584567.2065, 429346.9125 4584547.9155, 429328.7645 4584539.0135, 429270.3445 4584512.2635, 429309.0045 4584457.9355, 429362.4535 4584495.3975, 429467.7825 4584566.8785, 429434.5495 4584612.0825, 429462.2905 4584637.9515, 429428.7355 4584674.5805))","POLYGON ((2.15562325216445 41.410522714246, 2.15550596834825 41.4106219624599, 2.15468056023022 41.4102079616033, 2.15452985645762 41.4101273903393, 2.15490651451923 41.409713994426, 2.15504608408861 41.4095513087174, 2.15465914141722 41.4093747032, 2.15444306891728 41.4092929309083, 2.15374729353427 41.4090468654757, 2.15421614335354 41.4085609550793, 2.15485119535925 41.4089030596983, 2.15610295008394 41.4095561110867, 2.15570009708246 41.409960329265, 2.15602896184063 41.4101957564053, 2.15562325216445 41.410522714246))"
"06","Gràcia","31","la Vila de Gràcia","121","028","POLYGON ((429523.3515 4584578.7575, 429510.3522 4584596.2962, 429426.0015 4584538.3595, 429362.4535 4584495.3975, 429309.0045 4584457.9355, 429368.6595 4584373.0355, 429380.6945 4584381.8175, 429432.8475 4584418.1575, 429569.5785 4584514.9675, 429523.3515 4584578.7575))","POLYGON ((2.15676636403392 41.4096679749866, 2.156608804101 41.4098247994569, 2.15560643098168 41.4092955840149, 2.15485119535925 41.4089030596983, 2.15421614335354 41.4085609550793, 2.15493972130623 41.4078015374523, 2.15508267281513 41.407881690972, 2.15570234940292 41.408213571628, 2.15732682435781 41.4090974945978, 2.15676636403392 41.4096679749866))"
"06","Gràcia","31","la Vila de Gràcia","121","029","POLYGON ((429657.4075 4584662.3055, 429644.1095 4584680.4515, 429636.5095 4584679.2465, 429585.3365 4584647.5555, 429545.9555 4584620.9275, 429510.3522 4584596.2962, 429569.5785 4584514.9675, 429580.7175 4584500.3145, 429626.5405 4584437.9095, 429631.7085 4584430.3835, 429686.9555 4584467.7505, 429725.5865 4584494.8365, 429750.2995 4584511.9065, 429758.7045 4584517.3525, 429657.4075 4584662.3055))","POLYGON ((2.15836042852658 41.4104322032761, 2.15819922635789 41.4105944735019, 2.15810844270861 41.4105829552292, 2.15749991466331 41.4102930449682, 2.15703187665834 41.4100497657431, 2.156608804101 41.4098247994569, 2.15732682435781 41.4090974945978, 2.15746178957171 41.408966496524, 2.15801724352246 41.4084084513676, 2.15807994474264 41.4083411199558, 2.15873653631454 41.4086825050838, 2.1591955453653 41.4089298368628, 2.15948921407808 41.4090857401885, 2.15958913415902 41.4091355248052, 2.15836042852658 41.4104322032761))"
"06","Gràcia","31","la Vila de Gràcia","121","030","POLYGON ((429775.2885 4584493.8485, 429758.7045 4584517.3525, 429750.2995 4584511.9065, 429725.5865 4584494.8365, 429686.9555 4584467.7505, 429631.7085 4584430.3835, 429711.3425 4584321.7525, 429733.9195 4584290.2575, 429863.8765 4584366.3835, 429838.3535 4584401.3175, 429823.8535 4584423.8355, 429806.0625 4584450.0115, 429775.2885 4584493.8485))","POLYGON ((2.15979026262002 41.4089252821096, 2.15958913415902 41.4091355248052, 2.15948921407808 41.4090857401885, 2.1591955453653 41.4089298368628, 2.15873653631454 41.4086825050838, 2.15807994474264 41.4083411199558, 2.15904524268953 41.4073696885152, 2.15931898956326 41.4070879985848, 2.16086484516513 41.4077849866815, 2.16055545964137 41.4080973969562, 2.16037938195823 41.4082989424738, 2.16016350773403 41.408533146567, 2.15979026262002 41.4089252821096))"
"06","Gràcia","31","la Vila de Gràcia","121","031","POLYGON ((429632.2075 4584429.6895, 429631.7085 4584430.3835, 429490.7235 4584334.7545, 429591.3985 4584190.0725, 429710.7095 4584279.3935, 429730.4875 4584295.0455, 429685.5555 4584357.0815, 429632.2075 4584429.6895))","POLYGON ((2.15808599509786 41.4083349130425, 2.15807994474264 41.4083411199558, 2.15640444956178 41.4074674712764, 2.15762566448173 41.4061731991891, 2.15904258977295 41.4069881214177, 2.15927737656218 41.4071308223177, 2.15873264637494 41.4076856283798, 2.15808599509786 41.4083349130425))"
"06","Gràcia","31","la Vila de Gràcia","121","032","POLYGON ((429580.7175 4584500.3145, 429569.5785 4584514.9675, 429432.7615 4584418.0975, 429490.7235 4584334.7545, 429631.7085 4584430.3835, 429626.5405 4584437.9095, 429580.7175 4584500.3145))","POLYGON ((2.15746178957171 41.408966496524, 2.15732682435781 41.4090974945978, 2.15570132756335 41.408213023681, 2.15640444956178 41.4074674712764, 2.15807994474264 41.4083411199558, 2.15801724352246 41.4084084513676, 2.15746178957171 41.408966496524))"
"06","Gràcia","31","la Vila de Gràcia","122","033","POLYGON ((429490.7235 4584334.7545, 429432.7615 4584418.0975, 429335.3355 4584349.7705, 429390.9515 4584267.7365, 429416.3475 4584231.1975, 429445.2535 4584188.4195, 429499.8315 4584108.9775, 429519.1995 4584126.6285, 429556.3075 4584159.4485, 429564.6205 4584166.1375, 429591.3985 4584190.0725, 429490.7235 4584334.7545))","POLYGON ((2.15640444956178 41.4074674712764, 2.15570132756335 41.408213023681, 2.15454377848573 41.4075890697065, 2.15521868893494 41.4068551079591, 2.1555267616884 41.4065282453778, 2.15587754822991 41.4061454976822, 2.15653970938675 41.4054347817862, 2.15676934757516 41.4055954560246, 2.15720944080362 41.4058943060422, 2.15730810902729 41.4059552797785, 2.15762566448173 41.4061731991891, 2.15640444956178 41.4074674712764))"
"06","Gràcia","31","la Vila de Gràcia","122","034","POLYGON ((429400.6915 4584253.7225, 429390.9515 4584267.7365, 429311.9785 4584213.2615, 429369.4675 4584129.5675, 429381.7275 4584111.2325, 429343.4215 4584078.2895, 429304.2455 4584043.7395, 429315.8015 4584030.0735, 429354.6065 4583982.8085, 429423.2775 4584042.4245, 429433.3365 4584050.6225, 429499.8315 4584108.9775, 429400.6915 4584253.7225))","POLYGON ((2.15533684293797 41.406729744668, 2.15521868893494 41.4068551079591, 2.15428030089812 41.4063575317858, 2.15497780122622 41.4056087849098, 2.15512660357236 41.4054447255839, 2.15467220613215 41.4051446545875, 2.15420759312814 41.4048300316752, 2.15434742869681 41.4047079633391, 2.15481715255716 41.4042856763126, 2.15563167724657 41.4048286467363, 2.15575105314632 41.4049033660668, 2.15653970938675 41.4054347817862, 2.15533684293797 41.406729744668))"
"06","Gràcia","31","la Vila de Gràcia","122","035","POLYGON ((429278.6295 4584500.6395, 429270.3445 4584512.2635, 429147.3955 4584456.0245, 429161.7895 4584434.2135, 429186.6765 4584397.8355, 429220.7535 4584346.9675, 429256.8935 4584294.1155, 429297.7525 4584233.5265, 429311.9785 4584213.2615, 429390.9515 4584267.7365, 429335.3355 4584349.7705, 429368.6595 4584373.0355, 429304.9215 4584463.7515, 429278.6295 4584500.6395))","POLYGON ((2.15384776841835 41.4089429015977, 2.15374729353427 41.4090468654757, 2.15228299580484 41.408529514541, 2.15245774807843 41.4083343399986, 2.15275973357026 41.4080088903159, 2.1531733516492 41.407553743213, 2.15361187550766 41.4070809069647, 2.15410774980308 41.4065387998108, 2.15428030089812 41.4063575317858, 2.15521868893494 41.4068551079591, 2.15454377848573 41.4075890697065, 2.15493972130623 41.4078015374523, 2.15416661788983 41.4086129784592, 2.15384776841835 41.4089429015977))"
"06","Gràcia","31","la Vila de Gràcia","122","036","POLYGON ((429155.4515 4584444.1595, 429147.3955 4584456.0245, 429107.2355 4584437.7905, 429080.4925 4584424.2565, 429057.8555 4584411.7095, 429051.7365 4584408.2055, 429035.2475 4584396.8325, 429025.2853 4584388.9497, 429020.1089 4584384.197, 429091.0635 4584296.2465, 429155.0405 4584219.4105, 429201.9035 4584162.3155, 429248.6295 4584108.6455, 429279.8035 4584073.9655, 429304.2455 4584043.7395, 429343.4215 4584078.2895, 429381.7275 4584111.2325, 429369.4675 4584129.5675, 429310.2855 4584215.7375, 429297.7525 4584233.5265, 429161.7895 4584434.2135, 429155.4515 4584444.1595))","POLYGON ((2.15238076082277 41.4084233611712, 2.15228299580484 41.408529514541, 2.15180468749457 41.4083617470978, 2.15148634104208 41.4082374926109, 2.15121700091848 41.408122489163, 2.15114420902323 41.4080903899478, 2.15094828190858 41.4079865022555, 2.15083002707606 41.4079146254098, 2.15076865851379 41.4078713626359, 2.15162780294289 41.4070854890774, 2.1524021536169 41.4063990979066, 2.15296944835497 41.4058889938575, 2.15353469494192 41.4054097224907, 2.15391167197842 41.4051001159712, 2.15420759312814 41.4048300316752, 2.15467220613215 41.4051446545875, 2.15512660357236 41.4054447255839, 2.15497780122622 41.4056087849098, 2.15425975857074 41.4063796832975, 2.15410774980308 41.4065387998108, 2.15245774807843 41.4083343399986, 2.15238076082277 41.4084233611712))"
"06","Gràcia","31","la Vila de Gràcia","123","037","POLYGON ((429020.1089 4584384.197, 429012.9048 4584393.0507, 428990.4538 4584370.082, 428972.7008 4584350.2088, 428951.1053 4584327.5648, 428952.5335 4584322.7428, 428953.7302 4584310.5704, 428953.0527 4584302.5025, 428951.0991 4584294.6767, 428947.5247 4584287.0538, 428915.926 4584248.9924, 428908.4647 4584238.9513, 428918.5035 4584230.699, 428949.3169 4584189.8772, 428965.4675 4584181.9995, 428980.6015 4584165.9175, 428987.7015 4584155.7655, 429005.3205 4584126.8405, 429035.5455 4584144.9615, 429078.4555 4584171.2895, 429155.0405 4584219.4105, 429091.0635 4584296.2465, 429020.1089 4584384.197))","POLYGON ((2.15076865851379 41.4078713626359, 2.15068143637324 41.4079504682656, 2.15041554686683 41.4077416152294, 2.15020549825503 41.4075610566671, 2.14994980811464 41.4073552026066, 2.1499674598078 41.4073118989821, 2.14998320493171 41.4072023727323, 2.14997604712404 41.4071296484502, 2.14995359495002 41.4070589918789, 2.14991172942467 41.4069900194832, 2.14953818568725 41.4066444218224, 2.14945010635769 41.4065533257656, 2.14957116859941 41.4064798882809, 2.14994457773017 41.4061149463858, 2.15013870884295 41.4060454223263, 2.15032164088994 41.405901915197, 2.1504077676868 41.4058111073128, 2.15062193233465 41.4055521472998, 2.15098138047838 41.405718024807, 2.15149161649746 41.4059589376832, 2.1524021536169 41.4063990979066, 2.15162780294289 41.4070854890774, 2.15076865851379 41.4078713626359))"
"06","Gràcia","31","la Vila de Gràcia","123","038","POLYGON ((429201.9035 4584162.3155, 429155.0405 4584219.4105, 429078.4555 4584171.2895, 429035.5455 4584144.9615, 429005.3205 4584126.8405, 429053.6955 4584045.8855, 429077.8455 4584006.5235, 429113.4555 4583944.5235, 429188.5315 4583999.1835, 429240.3095 4584037.5915, 429279.8035 4584073.9655, 429248.6295 4584108.6455, 429201.9035 4584162.3155))","POLYGON ((2.15296944835497 41.4058889938575, 2.1524021536169 41.4063990979066, 2.15149161649746 41.4059589376832, 2.15098138047838 41.405718024807, 2.15062193233465 41.4055521472998, 2.15121011760199 41.404827287665, 2.15150362600051 41.4044749002095, 2.15193687202535 41.4039196307343, 2.15282856757021 41.4044185487062, 2.15344347214666 41.4047690339608, 2.15391167197842 41.4051001159712, 2.15353469494192 41.4054097224907, 2.15296944835497 41.4058889938575))"
"06","Gràcia","31","la Vila de Gràcia","123","039","POLYGON ((429304.2455 4584043.7395, 429279.8035 4584073.9655, 429240.3095 4584037.5915, 429188.5315 4583999.1835, 429113.4555 4583944.5235, 429139.6275 4583868.5395, 429155.4715 4583821.0295, 429159.9375 4583806.3515, 429162.6015 4583798.7075, 429166.5195 4583788.8015, 429170.9905 4583780.3525, 429183.9235 4583788.2395, 429242.3655 4583827.6115, 429265.4345 4583843.9895, 429386.7735 4583942.4035, 429354.2995 4583983.1975, 429304.2455 4584043.7395))","POLYGON ((2.15420759312814 41.4048300316752, 2.15391167197842 41.4051001159712, 2.15344347214666 41.4047690339608, 2.15282856757021 41.4044185487062, 2.15193687202535 41.4039196307343, 2.15225884735635 41.4032375791511, 2.15245393821164 41.402811071, 2.1525090791591 41.4026792653602, 2.15254184093602 41.4026106534843, 2.15258986787933 41.4025217791056, 2.1526443392748 41.4024460760683, 2.15279812300685 41.4025182505483, 2.15349261324215 41.4028780048193, 2.15376665598599 41.4030275452538, 2.1552066635578 41.403924589709, 2.15481343467157 41.4042891529111, 2.15420759312814 41.4048300316752))"
"06","Gràcia","31","la Vila de Gràcia","124","040","POLYGON ((428952.3895 4584188.3785, 428949.3169 4584189.8772, 428959.4495 4584176.4535, 428957.0695 4584152.5945, 428951.4875 4584132.5095, 428950.8715 4584122.6235, 428954.8635 4584099.9355, 428981.8345 4584004.8315, 428983.2695 4583995.5035, 428982.6475 4583982.8615, 428979.0575 4583970.3315, 428972.689 4583957.9957, 428958.8345 4583941.1755, 428953.7615 4583930.6455, 428944.1075 4583873.8035, 428944.3615 4583867.1195, 428949.9137 4583850.9141, 428961.1535 4583856.8695, 429009.0375 4583885.2975, 429086.0575 4583760.8855, 429159.6735 4583807.2215, 429155.4715 4583821.0295, 429139.6275 4583868.5395, 429113.6935 4583944.0515, 429112.6435 4583946.1375, 429077.8455 4584006.5235, 429053.6955 4584045.8855, 429010.2525 4584118.6475, 428987.7015 4584155.7655, 428980.6015 4584165.9175, 428965.4675 4584181.9995, 428952.3895 4584188.3785))","POLYGON ((2.14998151058425 41.4061017197466, 2.14994457773017 41.4061149463858, 2.15006736771749 41.4059949398749, 2.15004169687111 41.4057798408647, 2.14997727857335 41.4055984497986, 2.14997107004855 41.4055093560168, 2.1500214882821 41.4053053668641, 2.15035529208642 41.4044511852272, 2.1503735527198 41.4043672983156, 2.15036759532536 41.4042533817789, 2.15032612026644 41.4041402117882, 2.15025138496119 41.4040285453925, 2.15008762566295 41.4038758282239, 2.15002817636961 41.4037805403021, 2.14991936412952 41.4032677332434, 2.14992318715725 41.4032075554925, 2.14999150622317 41.4030620904186, 2.15012526058788 41.4031167216376, 2.15069472740313 41.4033769913138, 2.15163063927795 41.4022632573523, 2.15250581932876 41.4026870778577, 2.15245393821164 41.402811071, 2.15225884735635 41.4032375791511, 2.15193977435517 41.4039154005966, 2.15192696952896 41.4039340958157, 2.15150362600051 41.4044749002095, 2.15121011760199 41.404827287665, 2.1506818933639 41.4054787916818, 2.1504077676868 41.4058111073128, 2.15032164088994 41.405901915197, 2.15013870884295 41.4060454223263, 2.14998151058425 41.4061017197466))"
"06","Gràcia","31","la Vila de Gràcia","124","041","POLYGON ((429023.2055 4583862.3215, 429009.0375 4583885.2975, 428961.1535 4583856.8695, 428949.9137 4583850.9141, 428951.7215 4583845.6375, 428958.8535 4583830.9675, 429038.5935 4583691.0235, 429045.4835 4583675.6755, 429050.1595 4583656.8575, 429051.3175 4583637.7855, 429050.8063 4583626.8295, 429046.0879 4583610.334, 429044.9991 4583590.5941, 429050.2895 4583564.5725, 429086.0094 4583516.0322, 429120.5575 4583546.0775, 429254.5245 4583661.1175, 429229.3155 4583690.4515, 429222.5715 4583699.4375, 429207.9055 4583721.2075, 429185.6715 4583757.6395, 429170.0415 4583781.9695, 429165.4755 4583791.1375, 429159.6735 4583807.2215, 429086.0575 4583760.8855, 429023.2055 4583862.3215))","POLYGON ((2.15086690345288 41.4031713062655, 2.15069472740313 41.4033769913138, 2.15012526058788 41.4031167216376, 2.14999150622317 41.4030620904186, 2.15001375090255 41.4030147258841, 2.15010078726735 41.4028832290997, 2.15107105933261 41.4016298491873, 2.15115527635622 41.4014922236897, 2.15121341597279 41.4013231497863, 2.15122950307922 41.4011514777351, 2.15122467217042 41.4010527561055, 2.15117016456901 41.4009037710388, 2.15115945412212 41.4007258851854, 2.15122578656141 41.4004919853783, 2.15165874592554 41.4000579524607, 2.15206848242146 41.4003316053988, 2.15365751959097 41.4013795261152, 2.15335254150858 41.4016415078633, 2.15327081918103 41.4017218477253, 2.1530928384875 41.4019166306957, 2.15282261251248 41.4022428019135, 2.15263279799854 41.4024605561683, 2.15257710603739 41.4025427265895, 2.15250581932876 41.4026870778577, 2.15163063927795 41.4022632573523, 2.15086690345288 41.4031713062655))"
"06","Gràcia","31","la Vila de Gràcia","124","042","POLYGON ((429309.0845 4583599.6785, 429254.5245 4583661.1175, 429120.5575 4583546.0775, 429086.0094 4583516.0322, 429216.4276 4583338.8049, 429253.0085 4583369.9815, 429404.2455 4583489.5535, 429352.0025 4583549.6505, 429309.0845 4583599.6785))","POLYGON ((2.15431733797039 41.4008309669051, 2.15365751959097 41.4013795261152, 2.15206848242146 41.4003316053988, 2.15165874592554 41.4000579524607, 2.15323949019805 41.398473224104, 2.15367340665668 41.3987572395117, 2.15546848158369 41.3998474727604, 2.15483655489764 41.4003841555452, 2.15431733797039 41.4008309669051))"
"06","Gràcia","31","la Vila de Gràcia","125","043","POLYGON ((429480.2595 4583401.8335, 429404.2455 4583489.5535, 429253.0085 4583369.9815, 429216.4276 4583338.8049, 429282.3309 4583249.248, 429326.0335 4583280.6035, 429398.8425 4583335.1685, 429425.0195 4583321.2775, 429476.9734 4583284.7752, 429497.7175 4583307.0775, 429533.7595 4583340.6815, 429480.2595 4583401.8335))","POLYGON ((2.15638795399599 41.399064081248, 2.15546848158369 41.3998474727604, 2.15367340665668 41.3987572395117, 2.15323949019805 41.398473224104, 2.15403824710959 41.3976724168918, 2.1545573259176 41.39795866656, 2.15542185565813 41.3984565094787, 2.15573658894782 41.3983336962934, 2.15636228196715 41.3980094916409, 2.15660781231184 41.3982121794103, 2.15703501340322 41.3985179977338, 2.15638795399599 41.399064081248))"
"06","Gràcia","31","la Vila de Gràcia","125","044","POLYGON ((429579.4105 4583288.4995, 429533.7595 4583340.6815, 429497.7175 4583307.0775, 429476.9734 4583284.7752, 429425.0195 4583321.2775, 429398.8425 4583335.1685, 429326.0335 4583280.6035, 429282.3309 4583249.248, 429356.0055 4583149.1305, 429382.9465 4583101.7835, 429419.8677 4583014.5806, 429714.736 4583110.4868, 429741.6632 4583136.8213, 429656.8415 4583228.6215, 429624.7365 4583264.0555, 429595.1275 4583270.5335, 429579.4105 4583288.4995))","POLYGON ((2.15758713415415 41.3980520126316, 2.15703501340322 41.3985179977338, 2.15660781231184 41.3982121794103, 2.15636228196715 41.3980094916409, 2.15573658894782 41.3983336962934, 2.15542185565813 41.3984565094787, 2.1545573259176 41.39795866656, 2.15403824710959 41.3976724168918, 2.15493116993589 41.3967771711222, 2.15525893594167 41.39635310026, 2.15571071586077 41.3955709367329, 2.15922647404882 41.396460555564, 2.15954549648749 41.3967000941425, 2.15852027023874 41.3975194903481, 2.15813213561752 41.3978358225209, 2.15777721982319 41.397891575631, 2.15758713415415 41.3980520126316))"
"06","Gràcia","31","la Vila de Gràcia","126","045","POLYGON ((429636.8445 4583341.1075, 429591.1205 4583403.4665, 429526.8895 4583348.5335, 429595.1275 4583270.5335, 429624.7365 4583264.0555, 429656.8415 4583228.6215, 429741.6632 4583136.8213, 429912.788 4583304.1797, 429847.5185 4583386.7375, 429775.5845 4583327.2555, 429714.2115 4583402.8375, 429677.7335 4583373.9925, 429636.8445 4583341.1075))","POLYGON ((2.15826800882299 41.3985308617496, 2.15771383206719 41.3990885042462, 2.15695192439587 41.3985881157661, 2.15777721982319 41.397891575631, 2.15813213561752 41.3978358225209, 2.15852027023874 41.3975194903481, 2.15954549648749 41.3967000941425, 2.16157296776855 41.3982223655226, 2.16078268784459 41.3989602426672, 2.15992914646041 41.3984182303761, 2.15918626375858 41.3990936080921, 2.15875328076313 41.3988306221262, 2.15826800882299 41.3985308617496))"
"06","Gràcia","31","la Vila de Gràcia","126","046","POLYGON ((429680.0535 4583607.0995, 429619.4899 4583667.7625, 429616.6035 4583666.0355, 429580.3205 4583635.0445, 429652.8635 4583548.2285, 429724.4445 4583463.5605, 429811.6355 4583357.0655, 429847.5185 4583386.7375, 429827.0175 4583413.2035, 429767.6995 4583495.0205, 429704.0095 4583578.2835, 429680.0535 4583607.0995))","POLYGON ((2.15875395584493 41.4009303355348, 2.15802244859722 41.4014714058606, 2.15798812232592 41.4014555987315, 2.15755771092159 41.4011732971042, 2.15843555308013 41.4003977273362, 2.15930161788644 41.3996414127541, 2.16035691214084 41.3986898660936, 2.16078268784459 41.3989602426672, 2.16053439705242 41.3991968236239, 2.15981536953085 41.3999285410415, 2.15904386076838 41.4006728950908, 2.15875395584493 41.4009303355348))"
"06","Gràcia","31","la Vila de Gràcia","126","047","POLYGON ((429615.1495 4583593.3955, 429580.3205 4583635.0445, 429539.6155 4583600.3555, 429512.7575 4583577.9865, 429642.4925 4583425.3305, 429677.7335 4583373.9925, 429714.2115 4583402.8375, 429775.5845 4583327.2555, 429811.6355 4583357.0655, 429724.4445 4583463.5605, 429652.8635 4583548.2285, 429615.1495 4583593.3955))","POLYGON ((2.15797917513253 41.4008012294913, 2.15755771092159 41.4011732971042, 2.15707483825946 41.4008572998515, 2.15675617097848 41.4006534763565, 2.15832577972409 41.3992899221344, 2.15875328076313 41.3988306221262, 2.15918626375858 41.3990936080921, 2.15992914646041 41.3984182303761, 2.16035691214084 41.3986898660936, 2.15930161788644 41.3996414127541, 2.15843555308013 41.4003977273362, 2.15797917513253 41.4008012294913))"
"06","Gràcia","31","la Vila de Gràcia","126","048","POLYGON ((429547.9295 4583536.4515, 429512.7575 4583577.9865, 429475.4615 4583546.6035, 429404.2455 4583489.5535, 429480.2595 4583401.8335, 429526.8895 4583348.5335, 429591.1205 4583403.4665, 429636.8445 4583341.1075, 429677.7335 4583373.9925, 429642.4925 4583425.3305, 429547.9295 4583536.4515))","POLYGON ((2.15718172592163 41.4002824684689, 2.15675617097848 41.4006534763565, 2.15631369860608 41.4003675507298, 2.15546848158369 41.3998474727604, 2.15638795399599 41.399064081248, 2.15695192439587 41.3985881157661, 2.15771383206719 41.3990885042462, 2.15826800882299 41.3985308617496, 2.15875328076313 41.3988306221262, 2.15832577972409 41.3992899221344, 2.15718172592163 41.4002824684689))"
"06","Gràcia","31","la Vila de Gràcia","127","049","POLYGON ((429404.5085 4583673.9255, 429358.2925 4583731.5385, 429350.8695 4583725.8775, 429297.3635 4583689.1355, 429286.1275 4583681.0075, 429254.5245 4583661.1175, 429309.0845 4583599.6785, 429352.0025 4583549.6505, 429404.2455 4583489.5535, 429475.4615 4583546.6035, 429498.5235 4583565.9235, 429456.4015 4583614.5115, 429456.2015 4583614.3415, 429407.8815 4583669.7325, 429404.5085 4583673.9255))","POLYGON ((2.15545012775306 41.4015080661871, 2.15489056990403 41.4020229056792, 2.15480243612217 41.4019712669246, 2.15416668533949 41.401635642028, 2.15403322976766 41.4015614480309, 2.15365751959097 41.4013795261152, 2.15431733797039 41.4008309669051, 2.15483655489764 41.4003841555452, 2.15546848158369 41.3998474727604, 2.15631369860608 41.4003675507298, 2.15658731113664 41.4005435813701, 2.15607779424341 41.4009775010121, 2.15607542167618 41.4009759523372, 2.15549096445574 41.4014705975506, 2.15545012775306 41.4015080661871))"
"06","Gràcia","31","la Vila de Gràcia","127","050","POLYGON ((429504.5135 4583796.8535, 429480.6335 4583826.6435, 429444.7635 4583798.1205, 429408.9205 4583770.1795, 429358.2925 4583731.5385, 429407.8815 4583669.7325, 429456.2015 4583614.3415, 429456.4015 4583614.5115, 429498.5235 4583565.9235, 429539.6155 4583600.3555, 429616.6035 4583666.0355, 429619.4899 4583667.7625, 429613.8127 4583668.8406, 429573.8805 4583713.8325, 429546.9205 4583745.3575, 429531.6245 4583763.2835, 429504.5135 4583796.8535))","POLYGON ((2.15663207035819 41.4026240078857, 2.15634294287656 41.4028902211159, 2.1559171820543 41.4026301779827, 2.15549167974484 41.402375377522, 2.15489056990403 41.4020229056792, 2.15549096445574 41.4014705975506, 2.15607542167618 41.4009759523372, 2.15607779424341 41.4009775010121, 2.15658731113664 41.4005435813701, 2.15707483825946 41.4008572998515, 2.15798812232592 41.4014555987315, 2.15802244859722 41.4014714058606, 2.15795441269068 41.4014806189288, 2.15747151025065 41.4018823476391, 2.15714534429689 41.4021639196897, 2.15696028517966 41.4023240320306, 2.15663207035819 41.4026240078857))"
"06","Gràcia","31","la Vila de Gràcia","127","051","POLYGON ((429387.0785 4583942.0265, 429386.7735 4583942.4035, 429265.4345 4583843.9895, 429242.3655 4583827.6115, 429183.9235 4583788.2395, 429170.9905 4583780.3525, 429185.6715 4583757.6395, 429207.9055 4583721.2075, 429222.5715 4583699.4375, 429229.3155 4583690.4515, 429254.5245 4583661.1175, 429286.1275 4583681.0075, 429297.3635 4583689.1355, 429350.8695 4583725.8775, 429408.9205 4583770.1795, 429444.7635 4583798.1205, 429480.6335 4583826.6435, 429467.8135 4583843.2135, 429416.0875 4583907.0415, 429387.0785 4583942.0265))","POLYGON ((2.15521035607679 41.4039212210009, 2.1552066635578 41.403924589709, 2.15376665598599 41.4030275452538, 2.15349261324215 41.4028780048193, 2.15279812300685 41.4025182505483, 2.1526443392748 41.4024460760683, 2.15282261251248 41.4022428019135, 2.1530928384875 41.4019166306957, 2.15327081918103 41.4017218477253, 2.15335254150858 41.4016415078633, 2.15365751959097 41.4013795261152, 2.15403322976766 41.4015614480309, 2.15416668533949 41.401635642028, 2.15480243612217 41.4019712669246, 2.15549167974484 41.402375377522, 2.1559171820543 41.4026301779827, 2.15634294287656 41.4028902211159, 2.15618765628888 41.4030383363448, 2.1555614535722 41.4036086716576, 2.15521035607679 41.4039212210009))"
"06","Gràcia","31","la Vila de Gràcia","128","052","POLYGON ((429575.7495 4584136.6755, 429556.3075 4584159.4485, 429519.1995 4584126.6285, 429499.9075 4584109.0435, 429433.3365 4584050.6225, 429423.2775 4584042.4245, 429354.6065 4583982.8085, 429387.0785 4583942.0265, 429416.0875 4583907.0415, 429467.8135 4583843.2135, 429480.6335 4583826.6435, 429520.0465 4583860.3605, 429557.5675 4583891.7495, 429494.7945 4583970.7945, 429537.0155 4584004.3575, 429594.6415 4584049.3815, 429627.7455 4584076.1835, 429598.8575 4584110.1935, 429575.7495 4584136.6755))","POLYGON ((2.15744467118338 41.4056909015889, 2.15720944080362 41.4058943060422, 2.15676934757516 41.4055954560246, 2.15654061086443 41.4054353828884, 2.15575105314632 41.4049033660668, 2.15563167724657 41.4048286467363, 2.15481715255716 41.4042856763126, 2.15521035607679 41.4039212210009, 2.1555614535722 41.4036086716576, 2.15618765628888 41.4030383363448, 2.15634294287656 41.4028902211159, 2.15681048471709 41.4031973537319, 2.15725566911982 41.4034833512648, 2.156495549622 41.4041897774895, 2.1569967101245 41.4044957686132, 2.1576808258884 41.4049063318348, 2.15807371994389 41.405150626013, 2.15772418683406 41.40545441211, 2.15744467118338 41.4056909015889))"
"06","Gràcia","31","la Vila de Gràcia","128","053","POLYGON ((429690.1615 4584003.856, 429627.7455 4584076.1835, 429594.6415 4584049.3815, 429537.0155 4584004.3575, 429494.7945 4583970.7945, 429557.5675 4583891.7495, 429520.0465 4583860.3605, 429480.6335 4583826.6435, 429531.6245 4583763.2835, 429555.2555 4583782.0075, 429578.2475 4583800.7655, 429610.3655 4583825.8475, 429748.0135 4583937.7215, 429730.6495 4583956.9925, 429690.1615 4584003.856))","POLYGON ((2.15882878295797 41.4045046602481, 2.15807371994389 41.405150626013, 2.1576808258884 41.4049063318348, 2.1569967101245 41.4044957686132, 2.156495549622 41.4041897774895, 2.15725566911982 41.4034833512648, 2.15681048471709 41.4031973537319, 2.15634294287656 41.4028902211159, 2.15696028517966 41.4023240320306, 2.15724078343123 41.4024947430718, 2.15751363535508 41.4026657036925, 2.15789492065211 41.4028944206696, 2.15952851571823 41.4039140685909, 2.15931856283501 41.4040861178929, 2.15882878295797 41.4045046602481))"
"06","Gràcia","31","la Vila de Gràcia","128","054","POLYGON ((429790.7375 4583888.7275, 429748.0135 4583937.7215, 429610.3655 4583825.8475, 429578.2475 4583800.7655, 429555.2555 4583782.0075, 429531.6245 4583763.2835, 429573.8805 4583713.8325, 429613.8127 4583668.8406, 429619.4899 4583667.7625, 429624.4733 4583670.7444, 429693.1475 4583727.0935, 429743.8475 4583767.4865, 429832.7645 4583840.6805, 429790.7375 4583888.7275))","POLYGON ((2.1600452816038 41.4034765297652, 2.15952851571823 41.4039140685909, 2.15789492065211 41.4028944206696, 2.15751363535508 41.4026657036925, 2.15724078343123 41.4024947430718, 2.15696028517966 41.4023240320306, 2.15747151025065 41.4018823476391, 2.15795441269068 41.4014806189288, 2.15802244859722 41.4014714058606, 2.15808171328041 41.4014986989597, 2.15889664881666 41.4020122229624, 2.15949843849516 41.4023804599972, 2.1605535930656 41.4030474569748, 2.1600452816038 41.4034765297652))"
"06","Gràcia","31","la Vila de Gràcia","129","055","POLYGON ((429835.1835 4583808.7355, 429817.5525 4583828.0945, 429743.8475 4583767.4865, 429693.1475 4583727.0935, 429624.4733 4583670.7444, 429619.4899 4583667.7625, 429680.0535 4583607.0995, 429704.0095 4583578.2835, 429712.2105 4583567.7835, 429790.7755 4583644.1055, 429812.6725 4583661.5375, 429904.4435 4583732.1025, 429874.0435 4583765.1975, 429835.1835 4583808.7355))","POLYGON ((2.16058623263662 41.4027599510391, 2.16037308215225 41.4029327716432, 2.15949843849516 41.4023804599972, 2.15889664881666 41.4020122229624, 2.15808171328041 41.4014986989597, 2.15802244859722 41.4014714058606, 2.15875395584493 41.4009303355348, 2.15904386076838 41.4006728950908, 2.15914317887208 41.4005790423541, 2.1600741080831 41.4012733113542, 2.16033401785541 41.40143222692, 2.16142361019065 41.4020757866487, 2.16105612844959 41.4023712104309, 2.16058623263662 41.4027599510391))"
"06","Gràcia","31","la Vila de Gràcia","129","056","POLYGON ((429904.6265 4583731.8855, 429904.4435 4583732.1025, 429812.6725 4583661.5375, 429790.7755 4583644.1055, 429770.5805 4583624.4885, 429830.8185 4583560.4245, 429853.3005 4583536.9895, 429902.1815 4583484.7425, 429923.7155 4583504.9635, 429953.1635 4583479.3225, 430002.0945 4583527.2945, 430042.2515 4583568.3055, 430009.3095 4583589.8755, 429959.5065 4583657.8095, 429904.6265 4583731.8855))","POLYGON ((2.16142582438236 41.4020738481623, 2.16142361019065 41.4020757866487, 2.16033401785541 41.40143222692, 2.1600741080831 41.4012733113542, 2.1598348122486 41.40109486437, 2.16056279980564 41.4005231223004, 2.16083444070116 41.4003140133471, 2.16142519382395 41.3998477062108, 2.16168043638531 41.4000317066375, 2.16203565203899 41.399803333199, 2.16261540290029 41.400239661306, 2.16309101263512 41.400612527893, 2.16269447202083 41.400803934349, 2.16209087521332 41.4014114548363, 2.16142582438236 41.4020738481623))"
"06","Gràcia","31","la Vila de Gràcia","129","057","POLYGON ((429795.5825 4583598.0535, 429770.5805 4583624.4885, 429712.2105 4583567.7835, 429767.6995 4583495.0205, 429827.0175 4583413.2035, 429847.2525 4583387.0755, 429912.788 4583304.1797, 430025.4776 4583414.389, 429991.4855 4583444.2535, 429953.1635 4583479.3225, 429923.7155 4583504.9635, 429902.1815 4583484.7425, 429795.5825 4583598.0535))","POLYGON ((2.16013694969586 41.4008589573202, 2.1598348122486 41.40109486437, 2.15914317887208 41.4005790423541, 2.15981536953085 41.3999285410415, 2.16053439705242 41.3991968236239, 2.16077946691408 41.3989632637057, 2.16157296776855 41.3982223655226, 2.16290815572288 41.3992247964926, 2.16249810306484 41.3994908166503, 2.16203565203899 41.399803333199, 2.16168043638531 41.4000317066375, 2.16142519382395 41.3998477062108, 2.16013694969586 41.4008589573202))"
"06","Gràcia","31","la Vila de Gràcia","129","058","POLYGON ((430095.6615 4583737.7695, 430094.3785 4583739.0565, 429970.1045 4583643.2065, 430009.3095 4583589.8755, 430042.2515 4583568.3055, 430002.0945 4583527.2945, 429953.1635 4583479.3225, 429991.4855 4583444.2535, 430025.4776 4583414.389, 430222.9711 4583607.5357, 430175.9795 4583655.6415, 430147.7815 4583685.3915, 430095.6615 4583737.7695))","POLYGON ((2.1637103259613 41.4021434757877, 2.16369482993701 41.4021549557881, 2.16221933758526 41.4012808539716, 2.16269447202083 41.400803934349, 2.16309101263512 41.400612527893, 2.16261540290029 41.400239661306, 2.16203565203899 41.399803333199, 2.16249810306484 41.3994908166503, 2.16290815572288 41.3992247964926, 2.16524823055371 41.4009815644856, 2.16468057268027 41.4014107570689, 2.164339835711 41.4016762555358, 2.1637103259613 41.4021434757877))"
"06","Gràcia","31","la Vila de Gràcia","129","059","POLYGON ((430023.3395 4583811.9455, 429922.7725 4583915.7285, 429896.9475 4583894.4095, 429878.4265 4583880.1415, 429827.4335 4583836.1075, 429817.5525 4583828.0945, 429874.0435 4583765.1975, 429904.6265 4583731.8855, 429970.1045 4583643.2065, 430094.3785 4583739.0565, 430074.1135 4583759.3845, 430023.3395 4583811.9455))","POLYGON ((2.16283662687783 41.4028052612012, 2.16162160560477 41.4037312378101, 2.16131514553434 41.4035369737907, 2.16109524336158 41.4034068518657, 2.16049035229407 41.4030058043326, 2.16037308215225 41.4029327716432, 2.16105612844959 41.4023712104309, 2.16142582438236 41.4020738481623, 2.16221933758526 41.4012808539716, 2.16369482993701 41.4021549557881, 2.1634500693497 41.4023362806196, 2.16283662687783 41.4028052612012))"
"06","Gràcia","31","la Vila de Gràcia","130","060","POLYGON ((429847.6615 4584135.5535, 429847.3935 4584135.9275, 429808.5695 4584103.2415, 429782.7915 4584082.1825, 429741.1596 4584046.5655, 429690.3065 4584003.6895, 429730.6495 4583956.9925, 429748.0135 4583937.7215, 429832.7645 4583840.6805, 429878.4265 4583880.1415, 429896.9475 4583894.4095, 429924.8715 4583917.4615, 429956.1895 4583943.8875, 429975.9535 4583961.1535, 429942.1055 4584005.6955, 429900.3835 4584062.1075, 429856.9515 4584123.2375, 429847.6615 4584135.5535))","POLYGON ((2.16069761922173 41.4057045707932, 2.16069436985082 41.405707915887, 2.16023371812457 41.4054101361124, 2.15992778652591 41.4052182142467, 2.15943389216765 41.4048937876095, 2.15883053686701 41.4045031733254, 2.15931856283501 41.4040861178929, 2.15952851571823 41.4039140685909, 2.1605535930656 41.4030474569748, 2.16109524336158 41.4034068518657, 2.16131514553434 41.4035369737907, 2.1616465140676 41.4037470292757, 2.16201809485615 41.4039877679329, 2.16225252337061 41.4041449982916, 2.16184246176464 41.4045432230651, 2.16133682666018 41.4050476685193, 2.16081018064552 41.4055944557325, 2.16069761922173 41.4057045707932))"
"06","Gràcia","31","la Vila de Gràcia","130","061","POLYGON ((429703.3135 4584246.6435, 429690.2375 4584264.1745, 429591.3985 4584190.0725, 429564.6205 4584166.1375, 429556.3075 4584159.4485, 429690.3065 4584003.6895, 429741.1596 4584046.5655, 429782.7915 4584082.1825, 429808.5695 4584103.2415, 429703.3135 4584246.6435))","POLYGON ((2.15895791547906 41.4066925076039, 2.15879945141 41.406849259214, 2.15762566448173 41.4061731991891, 2.15730810902729 41.4059552797785, 2.15720944080362 41.4058943060422, 2.15883053686701 41.4045031733254, 2.15943389216765 41.4048937876095, 2.15992778652591 41.4052182142467, 2.16023371812457 41.4054101361124, 2.15895791547906 41.4066925076039))"
"06","Gràcia","31","la Vila de Gràcia","130","062","POLYGON ((429864.4335 4584365.6215, 429863.8765 4584366.3835, 429733.9195 4584290.2575, 429730.4875 4584295.0455, 429710.7095 4584279.3935, 429690.2375 4584264.1745, 429715.5715 4584230.0785, 429808.5695 4584103.2415, 429847.3935 4584135.9275, 429830.8375 4584159.0075, 429808.1415 4584188.9895, 429792.9097 4584210.5477, 429838.9555 4584248.6055, 429876.3975 4584278.8895, 429907.2255 4584304.3015, 429880.5455 4584343.1395, 429864.4335 4584365.6215))","POLYGON ((2.1608715969484 41.4077781722278, 2.16086484516513 41.4077849866815, 2.15931898956326 41.4070879985848, 2.15927737656218 41.4071308223177, 2.15904258977295 41.4069881214177, 2.15879945141 41.406849259214, 2.15910648093814 41.406544384648, 2.16023371812457 41.4054101361124, 2.16069436985082 41.405707915887, 2.1604936384897 41.4059143440323, 2.16021865354696 41.4061823994839, 2.16003393699836 41.4063752361144, 2.1605803657772 41.4067220288709, 2.16102477371614 41.4069980528041, 2.16139062604734 41.4072296180347, 2.16106695205169 41.4075770907677, 2.1608715969484 41.4077781722278))"
"06","Gràcia","31","la Vila de Gràcia","130","063","POLYGON ((429925.9015 4584277.4355, 429907.2255 4584304.3015, 429876.3975 4584278.8895, 429838.9555 4584248.6055, 429792.9097 4584210.5477, 429808.1415 4584188.9895, 429830.8375 4584159.0075, 429847.6615 4584135.5535, 429856.9515 4584123.2375, 429900.3835 4584062.1075, 429942.1055 4584005.6955, 429975.9535 4583961.1535, 430080.8975 4584046.0015, 430041.3045 4584106.6055, 430023.5115 4584132.1835, 429998.6875 4584172.9575, 429959.2905 4584230.3875, 429925.9015 4584277.4355))","POLYGON ((2.16161715866152 41.406989274075, 2.16139062604734 41.4072296180347, 2.16102477371614 41.4069980528041, 2.1605803657772 41.4067220288709, 2.16003393699836 41.4063752361144, 2.16021865354696 41.4061823994839, 2.1604936384897 41.4059143440323, 2.16069761922173 41.4057045707932, 2.16081018064552 41.4055944557325, 2.16133682666018 41.4050476685193, 2.16184246176464 41.4045432230651, 2.16225252337061 41.4041449982916, 2.16349811327871 41.4049183278215, 2.16301747199664 41.4054607217237, 2.16280166194301 41.4056895449148, 2.16249998227666 41.4060546203236, 2.16202203628906 41.4065684398088, 2.16161715866152 41.406989274075))"
"06","Gràcia","32","el Camp d'en Grassot i Gràcia Nova","131","064","POLYGON ((430024.0635 4583999.3735, 430023.7205 4583999.7185, 429975.9535 4583961.1535, 429956.1895 4583943.8875, 429922.7725 4583915.7285, 430074.1135 4583759.3845, 430133.1535 4583700.2135, 430226.7045 4583792.8175, 430112.6855 4583909.3395, 430024.0635 4583999.3735))","POLYGON ((2.16282361997434 41.4044934211331, 2.16281947693428 41.4044964985685, 2.16225252337061 41.4041449982916, 2.16201809485615 41.4039877679329, 2.16162160560477 41.4037312378101, 2.1634500693497 41.4023362806196, 2.16416314437209 41.4018084810546, 2.16527153370399 41.4026506569163, 2.16389416066724 41.403690225993, 2.16282361997434 41.4044934211331))"
"06","Gràcia","32","el Camp d'en Grassot i Gràcia Nova","131","065","POLYGON ((430130.2735 4584083.7175, 430129.9255 4584084.2175, 430082.1105 4584046.9825, 430023.7205 4583999.7185, 430132.1975 4583889.3985, 430228.8395 4583983.2375, 430130.2735 4584083.7175))","POLYGON ((2.16408442629638 41.4052623152448, 2.16408020555905 41.4052667883202, 2.16351251062706 41.4049272688349, 2.16281947693428 41.4044964985685, 2.1641298728424 41.4035123204274, 2.16527512415806 41.4043658881047, 2.16408442629638 41.4052623152448))"
"06","Gràcia","32","el Camp d'en Grassot i Gràcia Nova","131","066","POLYGON ((430323.6095 4584077.6285, 430235.0035 4584169.5385, 430222.9135 4584159.4475, 430158.4025 4584108.5535, 430129.9255 4584084.2175, 430228.8395 4583983.2375, 430275.1725 4584030.0455, 430323.6095 4584077.6285))","POLYGON ((2.1663979477473 41.4052242539573, 2.16532738717065 41.4060443700885, 2.16518391980806 41.4059524347217, 2.16441805905417 41.405488448518, 2.16408020555905 41.4052667883202, 2.16527512415806 41.4043658881047, 2.16582399222739 41.4047914910655, 2.1663979477473 41.4052242539573))"
"06","Gràcia","32","el Camp d'en Grassot i Gràcia Nova","131","067","POLYGON ((430386.9155 4584013.6345, 430323.6095 4584077.6285, 430275.1725 4584030.0455, 430228.8395 4583983.2375, 430132.1975 4583889.3985, 430226.7045 4583792.8175, 430322.2975 4583888.8985, 430417.6815 4583982.6635, 430386.9155 4584013.6345))","POLYGON ((2.167162618328 41.4046533667952, 2.1663979477473 41.4052242539573, 2.16582399222739 41.4047914910655, 2.16527512415806 41.4043658881047, 2.1641298728424 41.4035123204274, 2.16527153370399 41.4026506569163, 2.16640397858909 41.4035243153496, 2.16753421987713 41.4043770852931, 2.167162618328 41.4046533667952))"
"06","Gràcia","32","el Camp d'en Grassot i Gràcia Nova","131","068","POLYGON ((430324.0235 4583887.2095, 430322.2975 4583888.8985, 430226.7045 4583792.8175, 430133.1535 4583700.2135, 430147.7815 4583685.3915, 430175.9795 4583655.6415, 430222.9711 4583607.5357, 430304.8259 4583687.5889, 430416.0995 4583794.8955, 430369.8935 4583841.5655, 430324.0235 4583887.2095))","POLYGON ((2.16642482008015 41.4035092527057, 2.16640397858909 41.4035243153496, 2.16527153370399 41.4026506569163, 2.16416314437209 41.4018084810546, 2.164339835711 41.4016762555358, 2.16468057268027 41.4014107570689, 2.16524823055371 41.4009815644856, 2.16621815439717 41.4017096755083, 2.16753688027527 41.4026857871331, 2.16697878500916 41.403102127173, 2.16642482008015 41.4035092527057))"
"06","Gràcia","32","el Camp d'en Grassot i Gràcia Nova","131","069","POLYGON ((430451.7335 4583758.9035, 430416.0995 4583794.8955, 430304.8259 4583687.5889, 430398.8168 4583591.8288, 430509.494 4583699.8922, 430451.7335 4583758.9035))","POLYGON ((2.16796727768592 41.4023647029091, 2.16753688027527 41.4026857871331, 2.16621815439717 41.4017096755083, 2.16735348815403 41.4008553393425, 2.16866499311565 41.401838202787, 2.16796727768592 41.4023647029091))"
"06","Gràcia","32","el Camp d'en Grassot i Gràcia Nova","131","070","POLYGON ((430439.8715 4583959.2975, 430417.6815 4583982.6635, 430322.2975 4583888.8985, 430369.8935 4583841.5655, 430451.7335 4583758.9035, 430509.494 4583699.8922, 430603.4203 4583791.6112, 430439.8715 4583959.2975))","POLYGON ((2.16780235396738 41.4041685561539, 2.16753421987713 41.4043770852931, 2.16640397858909 41.4035243153496, 2.16697878500916 41.403102127173, 2.16796727768592 41.4023647029091, 2.16866499311565 41.401838202787, 2.16977803267547 41.4026723973217, 2.16780235396738 41.4041685561539))"
"06","Gràcia","32","el Camp d'en Grassot i Gràcia Nova","132","071","POLYGON ((430605.1555 4583981.9195, 430512.7215 4584076.4915, 430417.6815 4583982.6635, 430449.6735 4583948.9735, 430508.6955 4583888.9375, 430605.1555 4583981.9195))","POLYGON ((2.169776971821 41.4043865889135, 2.16866036831955 41.4052303819682, 2.16753421987713 41.4043770852931, 2.16792079671951 41.4040764195234, 2.1686337392585 41.4035407999346, 2.169776971821 41.4043865889135))"
"06","Gràcia","32","el Camp d'en Grassot i Gràcia Nova","132","072","POLYGON ((430794.5415 4583978.2075, 430699.6907 4584075.3481, 430605.1555 4583981.9195, 430508.6955 4583888.9375, 430603.4203 4583791.6112, 430794.5415 4583978.2075))","POLYGON ((2.17204293689952 41.404369481643, 2.17089715708406 41.4052362231337, 2.169776971821 41.4043865889135, 2.1686337392585 41.4035407999346, 2.16977803267547 41.4026723973217, 2.17204293689952 41.404369481643))"
"06","Gràcia","32","el Camp d'en Grassot i Gràcia Nova","132","073","POLYGON ((430699.6907 4584075.3481, 430607.8024 4584169.4547, 430512.7215 4584076.4915, 430605.1555 4583981.9195, 430699.6907 4584075.3481))","POLYGON ((2.17089715708406 41.4052362231337, 2.16978713466359 41.406075882345, 2.16866036831955 41.4052303819682, 2.169776971821 41.4043865889135, 2.17089715708406 41.4052362231337))"
"06","Gràcia","32","el Camp d'en Grassot i Gràcia Nova","132","074","POLYGON ((430607.8024 4584169.4547, 430514.4425 4584265.0685, 430457.8455 4584209.0875, 430420.0985 4584172.2475, 430512.7215 4584076.4915, 430607.8024 4584169.4547))","POLYGON ((2.16978713466359 41.406075882345, 2.16865930584209 41.4069289780776, 2.16798866774845 41.4064198825965, 2.16754133882484 41.4060848113067, 2.16866036831955 41.4052303819682, 2.16978713466359 41.406075882345))"
"06","Gràcia","32","el Camp d'en Grassot i Gràcia Nova","132","075","POLYGON ((430514.4425 4584265.0685, 430443.1297 4584338.814, 430350.7135 4584264.5755, 430339.2515 4584255.0735, 430420.0985 4584172.2475, 430457.8455 4584209.0875, 430514.4425 4584265.0685))","POLYGON ((2.16865930584209 41.4069289780776, 2.16779771411923 41.407587010364, 2.16670067093321 41.4069103683481, 2.16656464468209 41.4068237940073, 2.16754133882484 41.4060848113067, 2.16798866774845 41.4064198825965, 2.16865930584209 41.4069289780776))"
"06","Gràcia","32","el Camp d'en Grassot i Gràcia Nova","132","076","POLYGON ((430368.5815 4584224.8255, 430339.2515 4584255.0735, 430260.7965 4584191.0695, 430235.0035 4584169.5385, 430323.6095 4584077.6285, 430417.6815 4583982.6635, 430512.7215 4584076.4915, 430426.4715 4584165.7435, 430368.5815 4584224.8255))","POLYGON ((2.16691899928856 41.4065539020991, 2.16656464468209 41.4068237940073, 2.16563346378793 41.4062405301912, 2.16532738717065 41.4060443700885, 2.1663979477473 41.4052242539573, 2.16753421987713 41.4043770852931, 2.16866036831955 41.4052303819682, 2.16761832576718 41.4060267836501, 2.16691899928856 41.4065539020991))"
"06","Gràcia","32","el Camp d'en Grassot i Gràcia Nova","133","077","POLYGON ((430424.1927 4584358.397, 430389.0401 4584394.7487, 430300.7055 4584324.3195, 430169.8295 4584218.5175, 430112.5275 4584173.1115, 430157.8545 4584108.0845, 430222.9135 4584159.4475, 430260.7965 4584191.0695, 430322.5215 4584241.2025, 430350.7135 4584264.5755, 430443.1297 4584338.814, 430424.1927 4584358.397))","POLYGON ((2.16756891689266 41.407761748665, 2.1671441992069 41.4080861121281, 2.16609554444409 41.4074441268477, 2.16454206987789 41.4064798476234, 2.1638618139721 41.4060659123828, 2.16441155759427 41.4054841767928, 2.16518391980806 41.4059524347217, 2.16563346378793 41.4062405301912, 2.16636610085696 41.4066974128692, 2.16670067093321 41.4069103683481, 2.16779771411923 41.407587010364, 2.16756891689266 41.407761748665))"
"06","Gràcia","32","el Camp d'en Grassot i Gràcia Nova","133","078","POLYGON ((430348.3232 4584436.8546, 430284.7653 4584502.5807, 430224.2075 4584452.8455, 430160.6845 4584402.6385, 430202.5275 4584349.6915, 430203.9955 4584342.4035, 430250.0835 4584283.2225, 430300.7055 4584324.3195, 430389.0401 4584394.7487, 430348.3232 4584436.8546))","POLYGON ((2.16665224772647 41.4084618178577, 2.16588431439911 41.4090482793473, 2.16516557232207 41.4085950777334, 2.1644114213549 41.4081373647323, 2.16491810516123 41.4076641245521, 2.16493650757727 41.4075986116207, 2.16549468494483 41.4070695899466, 2.16609554444409 41.4074441268477, 2.1671441992069 41.4080861121281, 2.16665224772647 41.4084618178577))"
"06","Gràcia","32","el Camp d'en Grassot i Gràcia Nova","133","079","POLYGON ((430226.0684 4584563.2799, 430152.6747 4584637.8493, 430113.8018 4584459.6138, 430160.6845 4584402.6385, 430224.2075 4584452.8455, 430284.7653 4584502.5807, 430226.0684 4584563.2799))","POLYGON ((2.16517510145905 41.4095898820378, 2.1642884492256 41.4102551270085, 2.16384397348069 41.408646445853, 2.1644114213549 41.4081373647323, 2.16516557232207 41.4085950777334, 2.16588431439911 41.4090482793473, 2.16517510145905 41.4095898820378))"
"06","Gràcia","32","el Camp d'en Grassot i Gràcia Nova","133","080","POLYGON ((430160.6845 4584402.6385, 430113.8018 4584459.6138, 430085.0055 4584328.9325, 430125.4035 4584277.8695, 430172.2175 4584220.4435, 430250.0835 4584283.2225, 430203.9955 4584342.4035, 430202.5275 4584349.6915, 430160.6845 4584402.6385))","POLYGON ((2.1644114213549 41.4081373647323, 2.16384397348069 41.408646445853, 2.16351457188594 41.4074669426785, 2.16400375277294 41.40701054931, 2.16457041511401 41.4064974018515, 2.16549468494483 41.4070695899466, 2.16493650757727 41.4075986116207, 2.16491810516123 41.4076641245521, 2.1644114213549 41.4081373647323))"
"06","Gràcia","32","el Camp d'en Grassot i Gràcia Nova","133","081","POLYGON ((430095.2855 4584315.9395, 430085.0055 4584328.9325, 430071.1665 4584257.6395, 430055.1765 4584169.9195, 430041.3045 4584106.6055, 430080.8975 4584046.0015, 430129.1015 4584083.4695, 430157.8545 4584108.0845, 430112.5275 4584173.1115, 430172.2175 4584220.4435, 430125.4035 4584277.8695, 430095.2855 4584315.9395))","POLYGON ((2.16363905333602 41.4073508134791, 2.16351457188594 41.4074669426785, 2.16335725230335 41.4068236286677, 2.16317610204103 41.406032175186, 2.16301747199664 41.4054607217237, 2.16349811327871 41.4049183278215, 2.16407043464769 41.4052599797344, 2.16441155759427 41.4054841767928, 2.1638618139721 41.4060659123828, 2.16457041511401 41.4064974018515, 2.16400375277294 41.40701054931, 2.16363905333602 41.4073508134791))"
"06","Gràcia","32","el Camp d'en Grassot i Gràcia Nova","134","082","POLYGON ((429952.6175 4584426.6075, 429932.6765 4584456.1245, 429838.1025 4584401.7075, 429880.5455 4584343.1395, 429925.9015 4584277.4355, 429959.2905 4584230.3875, 429998.6875 4584172.9575, 430023.5115 4584132.1835, 430041.3045 4584106.6055, 430055.1765 4584169.9195, 430071.1665 4584257.6395, 430053.9135 4584281.3445, 430033.9475 4584311.7575, 430008.1255 4584347.5605, 429972.2275 4584399.4295, 429952.6175 4584426.6075))","POLYGON ((2.16191949619553 41.4083351400979, 2.16167751941515 41.4085992508764, 2.16055241166142 41.4081008876333, 2.16106695205169 41.4075770907677, 2.16161715866152 41.406989274075, 2.16202203628906 41.4065684398088, 2.16249998227666 41.4060546203236, 2.16280166194301 41.4056895449148, 2.16301747199664 41.4054607217237, 2.16317610204103 41.406032175186, 2.16335725230335 41.4068236286677, 2.16314811534511 41.4070356299666, 2.1629057457444 41.4073078112509, 2.16259269473195 41.4076280278844, 2.16215724052572 41.4080920664598, 2.16191949619553 41.4083351400979))"
"06","Gràcia","32","el Camp d'en Grassot i Gràcia Nova","134","083","POLYGON ((430113.8018 4584459.6138, 430060.8685 4584528.7295, 430001.8075 4584495.1775, 429953.9075 4584468.5395, 429932.6765 4584456.1245, 429952.6175 4584426.6075, 429972.2275 4584399.4295, 430008.1255 4584347.5605, 430033.9475 4584311.7575, 430053.9135 4584281.3445, 430071.1665 4584257.6395, 430085.0055 4584328.9325, 430113.8018 4584459.6138))","POLYGON ((2.16384397348069 41.408646445853, 2.16320272779899 41.4092643417414, 2.16250003706446 41.4089570100376, 2.1619300751988 41.4087129186205, 2.16167751941515 41.4085992508764, 2.16191949619553 41.4083351400979, 2.16215724052572 41.4080920664598, 2.16259269473195 41.4076280278844, 2.1629057457444 41.4073078112509, 2.16314811534511 41.4070356299666, 2.16335725230335 41.4068236286677, 2.16351457188594 41.4074669426785, 2.16384397348069 41.408646445853))"
"06","Gràcia","32","el Camp d'en Grassot i Gràcia Nova","134","084","POLYGON ((430002.8455 4584602.5915, 429962.4021 4584654.0009, 429869.2095 4584591.6605, 429791.2905 4584538.6315, 429758.7045 4584517.3525, 429806.0625 4584450.0115, 429823.8535 4584423.8355, 429838.1025 4584401.7075, 429932.6765 4584456.1245, 429928.9475 4584458.0655, 429893.7645 4584508.6005, 430012.6305 4584589.4085, 430002.8455 4584602.5915))","POLYGON ((2.16250003007699 41.4099245388271, 2.16201023332928 41.4103840412085, 2.16090253713002 41.4098144384744, 2.15997650442246 41.4093300237516, 2.15958913415902 41.4091355248052, 2.16016350773403 41.408533146567, 2.16037938195823 41.4082989424738, 2.16055241166142 41.4081008876333, 2.16167751941515 41.4085992508764, 2.16163268352258 41.4086164076862, 2.16120592419515 41.4090684899401, 2.16261861811078 41.4098066564744, 2.16250003007699 41.4099245388271))"
"06","Gràcia","32","el Camp d'en Grassot i Gràcia Nova","134","085","POLYGON ((429915.0601 4584713.7503, 429893.7485 4584741.0906, 429818.5165 4584689.0515, 429785.1365 4584665.6855, 429773.0795 4584656.7875, 429697.6875 4584604.9495, 429758.7045 4584517.3525, 429791.2905 4584538.6315, 429869.2095 4584591.6605, 429962.4021 4584654.0009, 429915.0601 4584713.7503))","POLYGON ((2.16143693080941 41.4109180551639, 2.16117879698805 41.4111624404275, 2.16028477479724 41.4106871781261, 2.15988813864487 41.4104738139909, 2.159744925763 41.4103926196781, 2.15884898714157 41.4099191436067, 2.15958913415902 41.4091355248052, 2.15997650442246 41.4093300237516, 2.16090253713002 41.4098144384744, 2.16201023332928 41.4103840412085, 2.16143693080941 41.4109180551639))"
"06","Gràcia","32","el Camp d'en Grassot i Gràcia Nova","134","086","POLYGON ((429893.7485 4584741.0906, 429837.7427 4584812.0821, 429769.1355 4584766.0515, 429644.1095 4584680.4515, 429657.4075 4584662.3055, 429697.6875 4584604.9495, 429773.0795 4584656.7875, 429785.1365 4584665.6855, 429818.5165 4584689.0515, 429893.7485 4584741.0906))","POLYGON ((2.16117879698805 41.4111624404275, 2.16050052462014 41.4117969471336, 2.15968505915806 41.4113763747784, 2.15819922635789 41.4105944735019, 2.15836042852658 41.4104322032761, 2.15884898714157 41.4099191436067, 2.159744925763 41.4103926196781, 2.15988813864487 41.4104738139909, 2.16028477479724 41.4106871781261, 2.16117879698805 41.4111624404275))"
"06","Gràcia","32","el Camp d'en Grassot i Gràcia Nova","134","087","POLYGON ((429966.6155 4584906.5975, 429965.7342 4584907.9632, 429923.0325 4584874.8745, 429837.7427 4584812.0821, 430002.8455 4584602.5915, 430012.6305 4584589.4085, 430124.0665 4584666.6225, 430103.1615 4584690.3795, 430046.5315 4584775.6055, 429966.6155 4584906.5975))","POLYGON ((2.1620314039312 41.4126594519338, 2.16202070193327 41.4126716754868, 2.16151364926462 41.4123699357957, 2.16050052462014 41.4117969471336, 2.16250003007699 41.4099245388271, 2.16261861811078 41.4098066564744, 2.163942869177 41.4105117901192, 2.16369002465581 41.4107239430174, 2.16300266761018 41.4114866154004, 2.1620314039312 41.4126594519338))"
"06","Gràcia","32","el Camp d'en Grassot i Gràcia Nova","134","088","POLYGON ((430152.6747 4584637.8493, 430124.0665 4584666.6225, 430013.4375 4584589.9615, 429893.7645 4584508.6005, 429928.9475 4584458.0655, 429932.6765 4584456.1245, 429953.9075 4584468.5395, 430001.8075 4584495.1775, 430060.8685 4584528.7295, 430113.8018 4584459.6138, 430152.6747 4584637.8493))","POLYGON ((2.1642884492256 41.4102551270085, 2.163942869177 41.4105117901192, 2.16262820871536 41.4098117074097, 2.16120592419515 41.4090684899401, 2.16163268352258 41.4086164076862, 2.16167751941515 41.4085992508764, 2.1619300751988 41.4087129186205, 2.16250003706446 41.4089570100376, 2.16320272779899 41.4092643417414, 2.16384397348069 41.408646445853, 2.1642884492256 41.4102551270085))"
"07","Horta-Guinardó","33","el Baix Guinardó","135","001","POLYGON ((430217.1195 4584804.0175, 430214.9635 4584809.4665, 430190.0355 4584809.1495, 430184.8155 4584786.8115, 430152.6747 4584637.8493, 430226.0684 4584563.2799, 430278.8125 4584606.1955, 430304.0055 4584627.4535, 430327.0245 4584645.5155, 430344.9105 4584660.6175, 430311.9355 4584695.7795, 430272.7555 4584736.7515, 430226.2855 4584784.7095, 430224.1855 4584787.1615, 430222.6175 4584789.8785, 430217.1195 4584804.0175))","POLYGON ((2.16504027789985 41.4117573411371, 2.1650138552858 41.4118062310905, 2.16471565583274 41.4118012111622, 2.16465578179018 41.4115995675609, 2.1642884492256 41.4102551270085, 2.16517510145905 41.4095898820378, 2.16580116041495 41.4099809841981, 2.16610011004374 41.4101746322538, 2.16637342049993 41.4103393058746, 2.16658566359338 41.4104768743803, 2.16618711237713 41.4107907074621, 2.16571365259217 41.411156329389, 2.16515216545514 41.4115842368156, 2.16512675858897 41.4116061387746, 2.16510768592144 41.4116304736731, 2.16504027789985 41.4117573411371))"
"07","Horta-Guinardó","33","el Baix Guinardó","135","002","POLYGON ((430360.8235 4584645.5575, 430344.9105 4584660.6175, 430327.0245 4584645.5155, 430304.0055 4584627.4535, 430278.8125 4584606.1955, 430226.0684 4584563.2799, 430443.1297 4584338.814, 430542.7855 4584420.9295, 430563.7565 4584437.3385, 430533.3015 4584469.3455, 430494.5575 4584507.6345, 430421.9645 4584583.2535, 430405.6765 4584599.1915, 430390.0785 4584615.0515, 430360.8235 4584645.5575))","POLYGON ((2.16677777452138 41.4103426132675, 2.16658566359338 41.4104768743803, 2.16637342049993 41.4103393058746, 2.16610011004374 41.4101746322538, 2.16580116041495 41.4099809841981, 2.16517510145905 41.4095898820378, 2.16779771411923 41.407587010364, 2.16898048526378 41.4083352130255, 2.16922948429384 41.4084848149495, 2.16886146781916 41.4087704593447, 2.16839356192206 41.4091119655516, 2.16751640720943 41.4097867584336, 2.16731971212452 41.4099288961851, 2.1671312800297 41.4100703908283, 2.16677777452138 41.4103426132675))"
"07","Horta-Guinardó","33","el Baix Guinardó","135","003","POLYGON ((430565.3725 4584435.6415, 430563.7565 4584437.3385, 430542.7855 4584420.9295, 430443.1297 4584338.814, 430514.4425 4584265.0685, 430625.1038 4584373.2472, 430578.4055 4584420.5875, 430565.3725 4584435.6415))","POLYGON ((2.16924901169998 41.4084696702601, 2.16922948429384 41.4084848149495, 2.16898048526378 41.4083352130255, 2.16779771411923 41.407587010364, 2.16865930584209 41.4069289780776, 2.16997074793529 41.4079128640224, 2.16940665631703 41.4083352098612, 2.16924901169998 41.4084696702601))"
"07","Horta-Guinardó","33","el Baix Guinardó","135","004","POLYGON ((430778.8055 4584580.4375, 430758.3295 4584601.9185, 430698.8975 4584549.8035, 430660.2975 4584517.6975, 430580.4255 4584450.3815, 430563.7565 4584437.3385, 430578.4055 4584420.5875, 430625.1038 4584373.2472, 430807.9127 4584551.935, 430778.8055 4584580.4375))","POLYGON ((2.17178581242591 41.4097922060878, 2.17153838878689 41.4099839143293, 2.17083333767638 41.4095094106871, 2.17037522576488 41.4092169142034, 2.16942740435545 41.4086037284357, 2.16922948429384 41.4084848149495, 2.16940665631703 41.4083352098612, 2.16997074793529 41.4079128640224, 2.17213729696389 41.4095380001211, 2.17178581242591 41.4097922060878))"
"07","Horta-Guinardó","33","el Baix Guinardó","135","005","POLYGON ((430649.9155 4584715.4015, 430602.5145 4584765.3065, 430511.3615 4584677.7205, 430613.5535 4584570.2025, 430662.7615 4584519.7465, 430698.8975 4584549.8035, 430758.3295 4584601.9185, 430688.9315 4584673.9155, 430649.9155 4584715.4015))","POLYGON ((2.17022836284226 41.410996669046, 2.16965554471799 41.4114420543602, 2.16857506316446 41.4106453227537, 2.16980998636732 41.4096857745429, 2.17040446890057 41.4092355813857, 2.17083333767638 41.4095094106871, 2.17153838878689 41.4099839143293, 2.17069989327259 41.4106263847229, 2.17022836284226 41.410996669046))"
"07","Horta-Guinardó","33","el Baix Guinardó","135","006","POLYGON ((430460.1075 4584724.6245, 430443.9995 4584741.3175, 430380.4475 4584688.5265, 430344.9105 4584660.6175, 430360.8235 4584645.5575, 430390.0785 4584615.0515, 430405.6765 4584599.1915, 430421.9645 4584583.2535, 430494.5575 4584507.6345, 430533.3015 4584469.3455, 430563.7565 4584437.3385, 430580.4255 4584450.3815, 430662.7615 4584519.7465, 430613.5535 4584570.2025, 430511.3615 4584677.7205, 430499.7455 4584685.1095, 430460.1075 4584724.6245))","POLYGON ((2.16795648547876 41.4110633374992, 2.16776185413631 41.4112122915366, 2.16700760505637 41.4107313196369, 2.16658566359338 41.4104768743803, 2.16677777452138 41.4103426132675, 2.1671312800297 41.4100703908283, 2.16731971212452 41.4099288961851, 2.16751640720943 41.4097867584336, 2.16839356192206 41.4091119655516, 2.16886146781916 41.4087704593447, 2.16922948429384 41.4084848149495, 2.16942740435545 41.4086037284357, 2.17040446890057 41.4092355813857, 2.16980998636732 41.4096857745429, 2.16857506316446 41.4106453227537, 2.16843524418129 41.4107108684962, 2.16795648547876 41.4110633374992))"
"07","Horta-Guinardó","33","el Baix Guinardó","135","007","POLYGON ((430393.228 4584831.553, 430382.595 4584852.9941, 430348.8086 4584841.4272, 430308.1895 4584829.0985, 430286.0735 4584822.8515, 430262.1445 4584817.0875, 430237.3725 4584812.0695, 430219.0785 4584809.6935, 430214.9635 4584809.4665, 430222.6175 4584789.8785, 430224.1855 4584787.1615, 430226.2855 4584784.7095, 430272.7555 4584736.7515, 430311.9355 4584695.7795, 430344.9105 4584660.6175, 430380.4475 4584688.5265, 430443.9995 4584741.3175, 430460.1075 4584724.6245, 430490.9078 4584755.8179, 430477.041 4584778.221, 430455.6074 4584807.9779, 430417.7673 4584790.9434, 430393.228 4584831.553))","POLYGON ((2.16714405348072 41.412020614742, 2.1670143738236 41.4122128060196, 2.16661148564573 41.4121056998472, 2.16612694056973 41.4119911385691, 2.16586306597441 41.4119329560827, 2.16557744561629 41.4118789658896, 2.16528165415897 41.411831620769, 2.16506306054573 41.4118086328816, 2.1650138552858 41.4118062310905, 2.16510768592144 41.4116304736731, 2.16512675858897 41.4116061387746, 2.16515216545514 41.4115842368156, 2.16571365259217 41.411156329389, 2.16618711237713 41.4107907074621, 2.16658566359338 41.4104768743803, 2.16700760505637 41.4107313196369, 2.16776185413631 41.4112122915366, 2.16795648547876 41.4110633374992, 2.1683213898078 41.4113469495756, 2.16815291571065 41.4115475269173, 2.16789306692433 41.4118136823271, 2.16744231047858 41.41165698359, 2.16714405348072 41.412020614742))"
"07","Horta-Guinardó","33","el Baix Guinardó","135","008","POLYGON ((430484.6115 4584884.1115, 430479.4876 4584889.2776, 430420.6866 4584864.3409, 430382.595 4584852.9941, 430393.569 4584830.885, 430417.7673 4584790.9434, 430455.6071515 4584807.977788, 430477.041 4584778.221, 430490.9078 4584755.8179, 430460.1075 4584724.6245, 430499.7455 4584685.1095, 430511.3615 4584677.7205, 430602.5145 4584765.3065, 430554.6475 4584815.7035, 430495.9735 4584872.6595, 430484.6115 4584884.1115))","POLYGON ((2.16823132209003 41.4125018994914, 2.16816942596582 41.4125479854922, 2.16746879606748 41.4123183011568, 2.1670143738236 41.4122128060196, 2.16714821003416 41.41201462784, 2.16744231047858 41.41165698359, 2.16789306396418 41.4118136812969, 2.16815291571065 41.4115475269173, 2.1683213898078 41.4113469495756, 2.16795648547876 41.4110633374992, 2.16843524418129 41.4107108684962, 2.16857506316446 41.4106453227537, 2.16965554471799 41.4114420543602, 2.169077087106 41.411891827719, 2.16836857302369 41.4123997381064, 2.16823132209003 41.4125018994914))"
"07","Horta-Guinardó","33","el Baix Guinardó","136","009","POLYGON ((430653.6055 4584897.5435, 430645.6895 4584905.4235, 430554.2885 4584816.0505, 430650.7395 4584714.5205, 430700.9375 4584762.6395, 430744.0235 4584805.1395, 430695.463 4584855.5075, 430653.6055 4584897.5435))","POLYGON ((2.17025163347619 41.4126374759957, 2.1701560226449 41.4127077652897, 2.16907275222915 41.4118949220048, 2.17023832195788 41.4109888052872, 2.17083336795176 41.4114265258762, 2.17134397764926 41.411813022263, 2.17075723450059 41.4122624831664, 2.17025163347619 41.4126374759957))"
"07","Horta-Guinardó","33","el Baix Guinardó","136","010","POLYGON ((430747.2535 4584801.8595, 430744.0235 4584805.1395, 430700.9375 4584762.6395, 430650.7395 4584714.5205, 430688.9315 4584673.9155, 430778.8055 4584580.4375, 430807.9127 4584551.935, 430901.1076 4584643.059, 430792.4585 4584754.8085, 430747.2535 4584801.8595))","POLYGON ((2.17138299652494 41.4117837587754, 2.17134397764926 41.411813022263, 2.17083336795176 41.4114265258762, 2.17023832195788 41.4109888052872, 2.17069989327259 41.4106263847229, 2.17178581242591 41.4097922060878, 2.17213729696389 41.4095380001211, 2.17324182902735 41.4103667397487, 2.17192920701314 41.4113638806966, 2.17138299652494 41.4117837587754))"
"07","Horta-Guinardó","33","el Baix Guinardó","136","011","POLYGON ((430904.1175 4584824.4975, 430884.6075 4584844.3315, 430863.3175 4584823.3175, 430792.4585 4584754.8085, 430901.1076 4584643.059, 430992.8295 4584732.7232, 430957.3853 4584768.9216, 430904.1175 4584824.4975))","POLYGON ((2.17325711919125 41.4120011523198, 2.17302143669566 41.4121781127313, 2.17276912455916 41.411987015826, 2.17192920701314 41.4113638806966, 2.17324182902735 41.4103667397487, 2.17432893295812 41.4111821945289, 2.17390075476188 41.4115051770921, 2.17325711919125 41.4120011523198))"
"07","Horta-Guinardó","33","el Baix Guinardó","136","012","POLYGON ((430786.3325 4584944.9265, 430738.2495 4584994.4875, 430672.5785 4584930.5735, 430645.6895 4584905.4235, 430695.463 4584855.5075, 430792.4585 4584754.8085, 430863.3175 4584823.3175, 430884.6075 4584844.3315, 430835.6195 4584894.1255, 430786.3325 4584944.9265))","POLYGON ((2.17183416800003 41.4130756793235, 2.17125322199153 41.4135179153436, 2.17047484292993 41.4129366023389, 2.1701560226449 41.4127077652897, 2.17075723450059 41.4122624831664, 2.17192920701314 41.4113638806966, 2.17276912455916 41.411987015826, 2.17302143669566 41.4121781127313, 2.17242965262085 41.4126223756317, 2.17183416800003 41.4130756793235))"
"07","Horta-Guinardó","33","el Baix Guinardó","136","013","POLYGON ((430712.9695 4585020.6955, 430701.7415 4585032.5765, 430658.8225 4585003.3105, 430637.7295 4584987.4405, 430588.3345 4584952.7685, 430548.5735 4584927.8855, 430511.6135 4584907.6305, 430494.7918 4584897.4026, 430479.4876 4584889.2776, 430495.9735 4584872.6595, 430554.2885 4584816.0505, 430645.6895 4584905.4235, 430672.5785 4584930.5735, 430738.2495 4584994.4875, 430712.9695 4585020.6955))","POLYGON ((2.17094776479795 41.413751782424, 2.17081206904974 41.4138578222783, 2.17030192796113 41.4135905318791, 2.17005138569695 41.413445776255, 2.16946439127545 41.4131292333259, 2.16899154096875 41.4129016860396, 2.16855167380144 41.412716061749, 2.16835159269513 41.4126224881275, 2.16816942596582 41.4125479854922, 2.16836857302369 41.4123997381064, 2.16907275222915 41.4118949220048, 2.1701560226449 41.4127077652897, 2.17047484292993 41.4129366023389, 2.17125322199153 41.4135179153436, 2.17094776479795 41.413751782424))"
"07","Horta-Guinardó","33","el Baix Guinardó","137","014","POLYGON ((430646.4095 4585089.6635, 430641.4455 4585094.4775, 430629.6955 4585085.3275, 430606.2295 4585068.4375, 430576.1435 4585047.3995, 430551.5375 4585029.5235, 430533.2785 4585017.5135, 430596.0415 4584958.1785, 430637.7295 4584987.4405, 430658.8225 4585003.3105, 430701.7415 4585032.5765, 430680.5075 4585055.0475, 430672.3015 4585063.0515, 430646.4095 4585089.6635))","POLYGON ((2.1701435166417 41.4143672113921, 2.17008357353318 41.4144101409646, 2.16994404113916 41.414326716026, 2.16966522248069 41.4141725679475, 2.16930767736249 41.4139804878148, 2.16901533560651 41.4138173591531, 2.1687982588592 41.4137076113498, 2.16955597840495 41.4131786248566, 2.17005138569695 41.413445776255, 2.17030192796113 41.4135905318791, 2.17081206904974 41.4138578222783, 2.17055544456316 41.4140583793169, 2.17045634807791 41.4141297606366, 2.1701435166417 41.4143672113921))"
"07","Horta-Guinardó","33","el Baix Guinardó","137","015","POLYGON ((430487.4355 4585245.8915, 430477.0635 4585245.4355, 430466.8075 4585243.4435, 430460.3975 4585241.1995, 430456.1235 4585239.1915, 430408.1605 4585211.8235, 430422.0375 4585188.8095, 430437.1515 4585162.8875, 430497.2135 4585058.0335, 430504.1015 4585047.0535, 430511.5495 4585036.8755, 430533.2785 4585017.5135, 430551.5375 4585029.5235, 430576.1435 4585047.3995, 430606.2295 4585068.4375, 430629.6955 4585085.3275, 430641.4455 4585094.4775, 430598.8175 4585138.7875, 430593.7205 4585145.2255, 430588.4675 4585153.9955, 430585.7515 4585159.5415, 430582.8175 4585167.5935, 430580.8415 4585175.7435, 430579.6675 4585182.9395, 430579.3885 4585189.5355, 430579.7655 4585199.5755, 430582.0295 4585218.3505, 430579.5335 4585231.9555, 430565.2115 4585232.1935, 430500.4035 4585244.1195, 430493.6415 4585245.2935, 430487.4355 4585245.8915))","POLYGON ((2.16822353999072 41.4157605652616, 2.16809949522511 41.4157555609849, 2.16797701493106 41.4157367324205, 2.16790057962324 41.4157159668737, 2.16784967366238 41.4156975116932, 2.16727896303119 41.4154468660271, 2.1674476423707 41.4152407889493, 2.16763145510735 41.4150086273885, 2.16836211288491 41.4140694421786, 2.16844578443753 41.4139711449534, 2.16853606362083 41.4138801194083, 2.1687982588592 41.4137076113498, 2.16901533560651 41.4138173591531, 2.16930767736249 41.4139804878148, 2.16966522248069 41.4141725679475, 2.16994404113916 41.414326716026, 2.17008357353318 41.4144101409646, 2.16956847233658 41.4148055450633, 2.1695067508529 41.414863089622, 2.1694428952324 41.4149416241553, 2.16940976332588 41.4149913403854, 2.16937373554858 41.4150636084122, 2.16934915845661 41.4151368418316, 2.16933428634077 41.4152015521913, 2.16933019131563 41.4152609358797, 2.16933354981651 41.4153513950992, 2.1693584831291 41.4155206903093, 2.16932705824792 41.4156430100089, 2.16915567372067 41.415643916246, 2.16837890093926 41.4157457271379, 2.16829786121474 41.4157557160921, 2.16822353999072 41.4157605652616))"
"07","Horta-Guinardó","33","el Baix Guinardó","137","016","POLYGON ((430422.0375 4585188.8095, 430408.1605 4585211.8235, 430369.5555 4585188.2535, 430325.1935 4585157.7585, 430291.4152 4585150.3997, 430154.9835 4585125.6895, 430196.8315 4585072.2895, 430181.9295 4585061.9335, 430157.0795 4585043.5635, 430122.3775 4585018.9305, 430185.0495 4584886.9935, 430193.9395 4584867.2615, 430200.6995 4584845.5095, 430214.9635 4584809.4665, 430219.0785 4584809.6935, 430237.3725 4584812.0695, 430262.1445 4584817.0875, 430286.0735 4584822.8515, 430308.1895 4584829.0985, 430348.8086 4584841.4272, 430382.595 4584852.9941, 430420.6866 4584864.3409, 430479.4876 4584889.2776, 430494.7918 4584897.4026, 430511.6135 4584907.6305, 430548.5735 4584927.8855, 430588.3345 4584952.7685, 430596.0415 4584958.1785, 430528.4355 4585022.0915, 430511.5495 4585036.8755, 430504.1015 4585047.0535, 430497.2135 4585058.0335, 430422.0375 4585188.8095))","POLYGON ((2.1674476423707 41.4152407889493, 2.16727896303119 41.4154468660271, 2.16681978369202 41.4152312356361, 2.16629252541036 41.4149527333919, 2.16588923362237 41.4148835261037, 2.16425975466796 41.4146491246125, 2.16476660303944 41.4141718065472, 2.16458950571702 41.4140772394036, 2.16429431327959 41.4139096283818, 2.16388197396072 41.4136847515382, 2.16464702156188 41.4125018904034, 2.1647556583221 41.412324943724, 2.16483904428361 41.4121296185515, 2.1650138552858 41.4118062310905, 2.16506306054573 41.4118086328816, 2.16528165415897 41.411831620769, 2.16557744561629 41.4118789658896, 2.16586306597441 41.4119329560827, 2.16612694056973 41.4119911385691, 2.16661148564573 41.4121056998472, 2.1670143738236 41.4122128060196, 2.16746879606748 41.4123183011568, 2.16816942596582 41.4125479854922, 2.16835159269513 41.4126224881275, 2.16855167380144 41.412716061749, 2.16899154096875 41.4129016860396, 2.16946439127545 41.4131292333259, 2.16955597840495 41.4131786248566, 2.16873979026605 41.4137484251163, 2.16853606362083 41.4138801194083, 2.16844578443753 41.4139711449534, 2.16836211288491 41.4140694421786, 2.1674476423707 41.4152407889493))"
"07","Horta-Guinardó","33","el Baix Guinardó","137","017","POLYGON ((430125.4055 4585012.2315, 430122.3775 4585018.9305, 430006.0555 4584934.7495, 429965.7342 4584907.9632, 429989.0295 4584869.8583, 430013.4 4584872.0499, 430063.2085 4584850.2815, 430126.8395 4584821.4535, 430149.3815 4584814.4575, 430168.0415 4584811.0225, 430176.7285 4584809.9975, 430190.4735 4584809.1215, 430214.9635 4584809.4665, 430200.6995 4584845.5095, 430193.9395 4584867.2615, 430185.0495 4584886.9935, 430125.4055 4585012.2315))","POLYGON ((2.16391897538187 41.4136246794057, 2.16388197396072 41.4136847515382, 2.16250000907196 41.412916442299, 2.16202070193327 41.4126716754868, 2.16230381730327 41.4123305084892, 2.16259513212339 41.4123523699673, 2.16319355683018 41.4121606458395, 2.16395816466859 41.4119065371588, 2.1642286628659 41.4118454861891, 2.16445230574647 41.4118161699165, 2.1645563544146 41.4118076928494, 2.16472089924974 41.4118009970204, 2.1650138552858 41.4118062310905, 2.16483904428361 41.4121296185515, 2.1647556583221 41.412324943724, 2.16464702156188 41.4125018904034, 2.16391897538187 41.4136246794057))"
"07","Horta-Guinardó","33","el Baix Guinardó","137","018","POLYGON ((430063.2085 4584850.2815, 430013.4 4584872.0499, 429989.0295 4584869.8583, 430046.5315 4584775.6055, 430103.1615 4584690.3795, 430124.0665 4584666.6225, 430152.6747 4584637.8493, 430184.8155 4584786.8115, 430190.0355 4584809.1495, 430176.7285 4584809.9975, 430168.0415 4584811.0225, 430149.3815 4584814.4575, 430126.8395 4584821.4535, 430063.2085 4584850.2815))","POLYGON ((2.16319355683018 41.4121606458395, 2.16259513212339 41.4123523699673, 2.16230381730327 41.4123305084892, 2.16300266761018 41.4114866154004, 2.16369002465581 41.4107239430174, 2.163942869177 41.4105117901192, 2.1642884492256 41.4102551270085, 2.16465578179018 41.4115995675609, 2.16471565583274 41.4118012111622, 2.1645563544146 41.4118076928494, 2.16445230574647 41.4118161699165, 2.1642286628659 41.4118454861891, 2.16395816466859 41.4119065371588, 2.16319355683018 41.4121606458395))"
"07","Horta-Guinardó","33","el Baix Guinardó","137","019","POLYGON ((430196.8315 4585072.2895, 430154.9835 4585125.6895, 430104.1115 4585110.8105, 430080.2635 4585102.9675, 430056.8355 4585094.3995, 430028.8895 4585082.9875, 430016.6915 4585077.5335, 429993.2075 4585066.4135, 429970.2695 4585054.5015, 429936.3935 4585034.9655, 429914.9812 4585023.3024, 429913.8575 4585019.9375, 429906.8955 4585011.9055, 429901.0995 4585008.1275, 429965.7342 4584907.9632, 430006.0555 4584934.7495, 430122.3775 4585018.9305, 430157.0795 4585043.5635, 430181.9295 4585061.9335, 430196.8315 4585072.2895))","POLYGON ((2.16476660303944 41.4141718065472, 2.16425975466796 41.4146491246125, 2.16365281997131 41.4145106920721, 2.16336839967156 41.4144379785979, 2.16308908886784 41.4143587711755, 2.16275605277622 41.4142535548836, 2.1626107426729 41.4142033706204, 2.16233105912817 41.4141011715894, 2.16205800064903 41.4139918862166, 2.16165496085185 41.4138129801995, 2.16140012973131 41.4137060680396, 2.16138707532854 41.413675663659, 2.1613047109234 41.4136027152922, 2.16123580406945 41.4135681827442, 2.16202070193327 41.4126716754868, 2.16250000907196 41.412916442299, 2.16388197396072 41.4136847515382, 2.16429431327959 41.4139096283818, 2.16458950571702 41.4140772394036, 2.16476660303944 41.4141718065472))"
"07","Horta-Guinardó","34","Can Baró","138","020","POLYGON ((430097.0245 4585220.1435, 430079.0335 4585223.6365, 430009.2435 4585164.8435, 429895.8061 4585066.6872, 429913.6815 4585048.8515, 429916.9675 4585039.3875, 429916.8811 4585028.9918, 429914.9812 4585023.3024, 429936.3935 4585034.9655, 429970.2695 4585054.5015, 429993.2075 4585066.4135, 430007.3935 4585073.2195, 430028.8895 4585082.9875, 430056.8355 4585094.3995, 430091.3715 4585106.7315, 430123.9295 4585116.7765, 430154.9835 4585125.6895, 430291.4152 4585150.3997, 430325.1935 4585157.7585, 430281.7235 4585171.9615, 430258.7335 4585178.9715, 430176.107 4585205.6477, 430162.205 4585207.3588, 430097.0245 4585220.1435))","POLYGON ((2.16355539487097 41.4154947970925, 2.1633397365662 41.4155246920738, 2.1625115311772 41.4149890903594, 2.16116568705199 41.4140951461165, 2.16138162004021 41.4139360658023, 2.16142203098042 41.4138511136864, 2.16142220151793 41.4137574760022, 2.16140012973131 41.4137060680396, 2.16165496085185 41.4138129801995, 2.16205800064903 41.4139918862166, 2.16233105912817 41.4141011715894, 2.16249999743503 41.4141637063027, 2.16275605277622 41.4142535548836, 2.16308908886784 41.4143587711755, 2.1635008650047 41.4144728458956, 2.16388924116773 41.414566149013, 2.16425975466796 41.4146491246125, 2.16588923362237 41.4148835261037, 2.16629252541036 41.4149527333919, 2.16577079272937 41.415076884547, 2.16549492074433 41.4151380262106, 2.1645032562912 41.4153711139685, 2.16433672757967 41.4153853171879, 2.16355539487097 41.4154947970925))"
"07","Horta-Guinardó","34","Can Baró","138","021","POLYGON ((429582.6895 4585478.3975, 429568.0735 4585482.8335, 429553.6795 4585482.0215, 429513.4365 4585461.3267, 429505.4135 4585453.4875, 429498.8655 4585438.4555, 429497.9595 4585428.1755, 429498.6275 4585422.2255, 429510.8355 4585383.6095, 429511.8935 4585371.8415, 429510.9655 4585361.9175, 429508.9775 4585354.2275, 429503.3505 4585341.3875, 429480.9855 4585294.9895, 429475.9895 4585288.2025, 429466.7955 4585279.7395, 429454.7855 4585272.6655, 429411.7555 4585252.7705, 429404.2015 4585246.0735, 429398.4775 4585238.7035, 429394.9315 4585224.2175, 429396.5295 4585210.1355, 429402.7515 4585197.9155, 429413.4695 4585188.6715, 429423.2495 4585184.4395, 429435.646 4585182.5941, 429445.1895 4585183.4455, 429454.2555 4585186.4335, 429464.8295 4585192.3575, 429518.2365 4585239.2055, 429561.6066 4585327.6506, 429567.9855 4585338.2815, 429573.3075 4585341.9115, 429580.0875 4585344.0895, 429585.7535 4585344.4835, 429591.5055 4585342.5815, 429598.0955 4585338.5575, 429602.3775 4585332.6555, 429623.3058 4585269.4189, 429640.0655 4585233.7495, 429661.623 4585194.8075, 429681.2695 4585165.0555, 429711.028 4585128.425, 429731.3395 4585107.3935, 429754.0915 4585087.6175, 429780.0115 4585069.0455, 429801.9666 4585056.5694, 429809.3248 4585052.8462, 429821.3695 4585048.7535, 429831.6095 4585047.2435, 429839.7835 4585048.2595, 429886.6741 4585075.6715, 429883.6717 4585081.6362, 429850.8235 4585093.8375, 429820.1445 4585106.4885, 429821.7935 4585117.0915, 429822.4455 4585128.9615, 429754.7395 4585189.5095, 429697.3545 4585207.0835, 429690.6855 4585219.2575, 429687.1015 4585228.1375, 429660.7705 4585309.3575, 429708.4482 4585325.2465, 429713.0675 4585335.6055, 429702.7609 4585339.5362, 429696.026 4585348.8902, 429686.3152 4585371.7761, 429678.5585 4585382.6997, 429648.0335 4585415.1395, 429600.4275 4585462.7395, 429582.6895 4585478.3975))","POLYGON ((2.15737154130279 41.4177758856691, 2.15719614477714 41.4178145580073, 2.15702401548244 41.4178059828679, 2.15654492065005 41.4176160639091, 2.15644983956185 41.4175447555242, 2.15637324527111 41.4174087937615, 2.15636360325206 41.4173161263667, 2.15637228928331 41.4172625956703, 2.15652285643381 41.4169158675402, 2.15653688650928 41.4168099705978, 2.15652693962236 41.4167205076281, 2.15650404978576 41.4166510724333, 2.1564382204647 41.4165349339749, 2.15617603799782 41.4161150830969, 2.15611705380096 41.4160535168204, 2.15600803758163 41.4159764869879, 2.15586516726651 41.4159117200302, 2.15535265109048 41.4157287550281, 2.15526305213247 41.415667774219, 2.15519542704111 41.4156008926724, 2.15515469141671 41.4154701114406, 2.15517545427013 41.4153434208132, 2.1552513235631 41.4152339067048, 2.15538063764498 41.4151515911222, 2.15549814400774 41.4151143341282, 2.15564667688874 41.415098801934, 2.15576076054379 41.415107308092, 2.15586888203624 41.415135015739, 2.15599470374008 41.4151892990471, 2.15662823314701 41.4156159265052, 2.15713683917734 41.4164163196385, 2.15721192313609 41.4165126271126, 2.15727517684695 41.4165457875429, 2.15735604426126 41.4165659981112, 2.15742379065923 41.4165700432186, 2.15749283327794 41.4165534166459, 2.15757214928357 41.4165177514227, 2.15762406915413 41.4164649695436, 2.15788182759043 41.4158972552184, 2.15808649985854 41.4155774623436, 2.15834895393769 41.415228613974, 2.15858747291912 41.4149623685342, 2.15894777323833 41.4146350550559, 2.15919323097808 41.4144474086517, 2.15946774047459 41.414271282837, 2.15978001165156 41.4141062771293, 2.16004413678389 41.41399582769, 2.16013260434777 41.4139629369351, 2.16027718525027 41.4139271274214, 2.1603998745369 41.4139144215549, 2.16049755266094 41.4139242859199, 2.16105538779428 41.4141752676549, 2.16101877482014 41.4142287275045, 2.16062435336307 41.4143357533972, 2.16025583156806 41.4144470176325, 2.16027433083778 41.4145426588159, 2.16028075467502 41.4146496243194, 2.15946366221879 41.4151890416907, 2.1587750370676 41.4153423058325, 2.15869383071975 41.4154513689048, 2.15864991765305 41.4155310340599, 2.15832543480205 41.4162602468438, 2.15889403767189 41.416407524769, 2.15894810267023 41.4165012283188, 2.15882433008591 41.4165357290639, 2.15874266157014 41.4166193877233, 2.15862381392239 41.4168246625049, 2.15852973666525 41.4169223683714, 2.15816073776053 41.4172118691653, 2.15758559833447 41.4176364144326, 2.15737154130279 41.4177758856691))"
"07","Horta-Guinardó","34","Can Baró","138","022","POLYGON ((429762.1125 4585341.3055, 429731.4575 4585355.8935, 429730.7235 4585346.1695, 429722.6875 4585337.4015, 429713.0675 4585335.6055, 429708.4482 4585325.2465, 429660.7705 4585309.3575, 429682.9415 4585240.3955, 429687.1015 4585228.1375, 429690.6855 4585219.2575, 429697.3545 4585207.0835, 429754.7395 4585189.5095, 429822.4455 4585128.9615, 429821.7935 4585117.0915, 429820.1445 4585106.4885, 429850.8235 4585093.8375, 429883.6717 4585081.6362, 429886.6741 4585075.6715, 429895.8061 4585066.6872, 430009.2435 4585164.8435, 430079.0335 4585223.6365, 430015.8955 4585205.9785, 429884.7435 4585168.0855, 429849.5035 4585206.7135, 429798.3095 4585264.2875, 429780.1815 4585288.8055, 429771.7535 4585307.2395, 429767.1015 4585320.0535, 429764.1915 4585330.0175, 429762.2675 4585339.3095, 429762.1125 4585341.3055))","POLYGON ((2.15953425159899 41.416556854313, 2.15916577752674 41.4166855627863, 2.15915812497456 41.4165979182951, 2.15906299482283 41.4165182455652, 2.15894810267023 41.4165012283188, 2.15889403767189 41.416407524769, 2.15832543480205 41.4162602468438, 2.15859872022821 41.4156410731362, 2.15864991765305 41.4155310340599, 2.15869383071975 41.4154513689048, 2.1587750370676 41.4153423058325, 2.15946366221879 41.4151890416907, 2.16028075467502 41.4146496243194, 2.16027433083778 41.4145426588159, 2.16025583156806 41.4144470176325, 2.16062435336307 41.4143357533972, 2.16101877482014 41.4142287275045, 2.16105538779428 41.4141752676549, 2.16116568705199 41.4140951461165, 2.1625115311772 41.4149890903594, 2.1633397365662 41.4155246920738, 2.16258636013775 41.4153601571313, 2.16102157880031 41.4150074370711, 2.16059547148198 41.4153522693442, 2.15997627782101 41.4158663457826, 2.15975653702037 41.4160855861479, 2.15965355871688 41.4162508775945, 2.15959641119877 41.4163658817921, 2.15956043696217 41.4164553693635, 2.15953633789672 41.4165388906588, 2.15953425159899 41.416556854313))"
"07","Horta-Guinardó","34","Can Baró","138","023","POLYGON ((429804.3915 4585480.2735, 429795.8955 4585480.9575, 429787.7655 4585479.8275, 429780.4835 4585477.2735, 429774.2055 4585474.3795, 429767.6875 4585469.9675, 429761.8655 4585464.7815, 429702.6765 4585391.0715, 429695.5495 4585383.8015, 429711.3776 4585375.5534, 429723.4795 4585366.8015, 429731.4575 4585355.8935, 429762.1125 4585341.3055, 429762.2675 4585339.3095, 429764.1915 4585330.0175, 429767.1015 4585320.0535, 429771.7535 4585307.2395, 429780.1815 4585288.8055, 429791.5815 4585273.3885, 429801.4715 4585280.9865, 429843.1435 4585311.2495, 429877.4275 4585336.6695, 429890.5275 4585346.1075, 429906.2675 4585356.7595, 429935.6315 4585370.5815, 429963.8915 4585384.5595, 429923.4475 4585445.5415, 429920.2335 4585447.2705, 429917.0795 4585446.6315, 429894.1555 4585435.5235, 429888.7745 4585435.3105, 429882.5875 4585437.3105, 429872.7275 4585442.3695, 429859.3775 4585450.6495, 429832.0875 4585468.6935, 429821.6935 4585474.8955, 429813.6235 4585477.9335, 429804.3915 4585480.2735))","POLYGON ((2.16002398262637 41.417812179807, 2.15992224873081 41.4178175981025, 2.15982510457023 41.4178067102923, 2.15973827205914 41.4177830710879, 2.15966349191973 41.4177564573145, 2.15958601650566 41.4177161504788, 2.15951695867553 41.4176689333105, 2.15881733121264 41.4169998801444, 2.15873290281686 41.4169337785696, 2.15892324160253 41.4168608757678, 2.15906905528246 41.416783109251, 2.15916577752674 41.4166855627863, 2.15953425159899 41.416556854313, 2.15953633789672 41.4165388906588, 2.15956043696217 41.4164553693635, 2.15959641119877 41.4163658817921, 2.15965355871688 41.4162508775945, 2.15975653702037 41.4160855861479, 2.15989472354222 41.4159477272201, 2.16001217214755 41.416017023489, 2.16050725349681 41.4162932299159, 2.16091450482732 41.4165251705321, 2.16107014919959 41.4166113180152, 2.16125724034103 41.4167086296071, 2.1616069733683 41.4168356798764, 2.16194348053293 41.416964037906, 2.16145251000995 41.4175097535176, 2.1614138543967 41.4175250456665, 2.16137619102441 41.4175190153663, 2.16110319428781 41.4174169702131, 2.1610388357674 41.4174145823266, 2.16096457700283 41.417432055716, 2.16084601639897 41.4174767597583, 2.16068532451596 41.417550169359, 2.16035670819207 41.4177103021699, 2.16023162476329 41.4177652534979, 2.16013471488898 41.4177919107556, 2.16002398262637 41.417812179807))"
"07","Horta-Guinardó","34","Can Baró","138","024","POLYGON ((430034.5885 4585359.1775, 430005.5212 4585404.3275, 429975.3545 4585390.201, 429935.6315 4585370.5815, 429906.2675 4585356.7595, 429890.5275 4585346.1075, 429877.4275 4585336.6695, 429843.1435 4585311.2495, 429801.4715 4585280.9865, 429791.5815 4585273.3885, 429798.3095 4585264.2875, 429806.9275 4585254.4375, 429849.5035 4585206.7135, 429884.7435 4585168.0855, 430015.8955 4585205.9785, 429988.3125 4585303.6135, 429997.2915 4585303.4865, 430007.4395 4585306.2955, 430021.7275 4585314.3995, 430027.5355 4585320.3235, 430032.2155 4585326.6095, 430040.5245 4585349.9555, 430034.5885 4585359.1775))","POLYGON ((2.16279229438733 41.4167415903823, 2.16243928563666 41.4171457079603, 2.16207998036064 41.4170158477334, 2.1616069733683 41.4168356798764, 2.16125724034103 41.4167086296071, 2.16107014919959 41.4166113180152, 2.16091450482732 41.4165251705321, 2.16050725349681 41.4162932299159, 2.16001217214755 41.416017023489, 2.15989472354222 41.4159477272201, 2.15997627782101 41.4158663457826, 2.16008053192335 41.4157783834171, 2.16059547148198 41.4153522693442, 2.16102157880031 41.4150074370711, 2.16258636013775 41.4153601571313, 2.16224504242316 41.4162371160699, 2.16235248818457 41.4162367544571, 2.1624735809721 41.4162629380045, 2.1626435952322 41.4163371720164, 2.16271240109015 41.4163910329945, 2.16276766896157 41.416448056116, 2.16286438397928 41.4166590481253, 2.16279229438733 41.4167415903823))"
"07","Horta-Guinardó","34","Can Baró","138","025","POLYGON ((430042.5415 4585412.5235, 430035.1045 4585419.4415, 430005.5212 4585404.3275, 430040.5245 4585349.9555, 430032.2155 4585326.6095, 430027.5355 4585320.3235, 430021.7275 4585314.3995, 430007.4395 4585306.2955, 429997.2915 4585303.4865, 429988.3125 4585303.6135, 430015.8955 4585205.9785, 430079.0335 4585223.6365, 430162.205 4585207.3588, 430176.107 4585205.6477, 430258.7335 4585178.9715, 430281.7235 4585171.9615, 430325.1935 4585157.7585, 430290.9652 4585188.5294, 430193.1115 4585274.4115, 430120.8015 4585340.2435, 430042.5415 4585412.5235))","POLYGON ((2.16288128084502 41.4172227500059, 2.16279149781879 41.4172844103182, 2.16243928563666 41.4171457079603, 2.16286438397928 41.4166590481253, 2.16276766896157 41.416448056116, 2.16271240109015 41.4163910329945, 2.1626435952322 41.4163371720164, 2.1624735809721 41.4162629380045, 2.16235248818457 41.4162367544571, 2.16224504242316 41.4162371160699, 2.16258636013775 41.4153601571313, 2.1633397365662 41.4155246920738, 2.16433672757967 41.4153853171879, 2.1645032562912 41.4153711139685, 2.16549492074433 41.4151380262106, 2.16577079272937 41.415076884547, 2.16629252541036 41.4149527333919, 2.16587945592259 41.4152269072151, 2.16469877246021 41.4159919211873, 2.16382600286379 41.4165785606525, 2.16288128084502 41.4172227500059))"
"07","Horta-Guinardó","34","Can Baró","138","026","POLYGON ((430309.1775 4585736.0395, 430300.0715 4585737.5795, 430285.3055 4585737.0295, 430259.8895 4585733.9445, 430239.6449 4585724.5448, 430231.5645 4585721.2004, 430214.3665 4585718.8192, 430198.0153 4585717.8138, 430179.4415 4585719.5071, 430166.1594 4585719.6129, 430129.488 4585716.7025, 430109.9617 4585715.4854, 430091.9171 4585711.5167, 430077.3121 4585710.4583, 430061.9133 4585711.1992, 430040.3233 4585718.3958, 430029.687 4585723.4229, 430013.177 4585729.8259, 429997.6724 4585733.6359, 429986.7715 4585735.2234, 429966.1545 4585727.4415, 429950.9415 4585721.2635, 429948.3515 4585719.9335, 429946.4755 4585718.5255, 429945.6045 4585717.3875, 429945.385592 4585714.9719505, 429960.3366 4585717.4727, 429960.5951 4585718.0114, 429962.2478 4585719.3562, 429968.6118 4585721.4192, 429970.6732 4585721.8072, 429975.8102 4585721.7652, 429982.3138 4585720.6198, 429994.3892 4585717.1898, 429999.2432 4585715.4582, 430019.1352 4585706.0178, 430027.612996 4585700.4469945, 430022.1071 4585692.9951, 430011.4681 4585676.1771, 430001.7297 4585663.9154, 430000.203 4585663.758, 429993.516 4585661.574, 429992.973 4585664.005, 429986.124 4585660.206, 429969.5332 4585650.1465, 429945.833 4585637.006, 429937.994 4585633.709, 429926.007 4585633.04, 429922.728 4585633.575, 429919.566 4585635.409, 429918.614 4585635.652, 429916.921 4585635.078, 429915.426 4585633.645, 429914.914 4585632.305, 429914.858 4585630.924, 429915.6104895 4585624.9682575, 429918.2012 4585622.4359, 429913.382024 4585617.5928245, 429913.95 4585613.456, 429911.636 4585613.251, 429910.036 4585610.221, 429911.4465 4585601.4059, 429917.191 4585602.266, 429928.757 4585604.784, 429934.561 4585602.663, 429940.0485 4585603.4285, 429941.1127 4585601.4923, 429924.191 4585582.621, 429915.98 4585570.217, 429909.342 4585554.899, 429907.971 4585549.098, 429906.108 4585545.253, 429902.93 4585532.501, 429895.327 4585529.416, 429891.243 4585528.287, 429887.259 4585528.452, 429884.088 4585529.021, 429877.403 4585531.013, 429870.8953 4585533.5414, 429868.5477 4585529.6876, 429877.3010205 4585517.98204, 429869.2438 4585505.2598, 429859.9745 4585489.7966, 429879.8552 4585478.4972, 429882.2402 4585470.3418, 429883.4274 4585468.0274, 429884.3738 4585467.5158, 429877.201216 4585447.029846, 429876.7405 4585444.6295, 429875.2335 4585441.0825, 429882.5875 4585437.3105, 429888.7745 4585435.3105, 429894.1555 4585435.5235, 429917.0795 4585446.6315, 429920.2335 4585447.2705, 429923.4475 4585445.5415, 429963.8915 4585384.5595, 430005.5212 4585404.3275, 430035.1045 4585419.4415, 430120.8015 4585340.2435, 430193.1115 4585274.4115, 430290.9652 4585188.5294, 430325.1935 4585157.7585, 430369.5555 4585188.2535, 430408.1605 4585211.8235, 430399.8635 4585224.7255, 430323.1495 4585332.5675, 430310.7355 4585351.0795, 430320.0785 4585358.1035, 430363.7255 4585388.8335, 430367.9335 4585392.1095, 430383.3295 4585407.8715, 430428.3853 4585452.0733, 430433.8055 4585458.5615, 430436.5715 4585463.1355, 430438.1195 4585467.1155, 430438.9175 4585471.4775, 430438.9815 4585501.2915, 430439.2515 4585506.6175, 430441.1615 4585511.4375, 430443.9975 4585516.3135, 430449.5361 4585521.5144, 430459.5725 4585525.7645, 430470.1655 4585529.6235, 430474.1635 4585532.0015, 430476.7295 4585533.9835, 430479.3395 4585536.8935, 430494.3195 4585563.6355, 430510.4967 4585590.1722, 430507.897 4585592.2919, 430504.0187 4585591.7105, 430494.8662 4585589.3258, 430481.3997 4585587.7857, 430470.7633 4585582.758, 430468.2037 4585581.1353, 430466.4195 4585574.5415, 430464.4351 4585570.2064, 430459.4756405 4585563.1096875, 430455.9595 4585560.0535, 430452.8135 4585557.8785, 430446.5255 4585555.1455, 430435.6855 4585555.1295, 430430.5815 4585555.4475, 430409.1515 4585558.6375, 430403.3075 4585558.7175, 430398.0735 4585557.9755, 430393.3095 4585556.4975, 430388.6515 4585553.5675, 430386.4555 4585551.4995, 430382.9895 4585542.4835, 430382.5315 4585536.4955, 430383.9355 4585521.0395, 430384.1815 4585513.0615, 430382.9335 4585502.7375, 430379.1855 4585490.5395, 430377.2415 4585486.5115, 430374.2555 4585482.1075, 430372.7495 4585481.9935, 430360.4975 4585477.2915, 430352.9485 4585475.5275, 430348.9475 4585475.2295, 430342.1855 4585475.7215, 430335.4895 4585478.8795, 430331.6075 4585481.6415, 430322.6655 4585489.1975, 430306.7675 4585501.3495, 430299.8455 4585507.6395, 430299.8195 4585512.7715, 430300.5735 4585516.1055, 430303.2215 4585519.1255, 430304.5995 4585519.8655, 430313.3135 4585521.0635, 430328.1555 4585521.0875, 430335.1015 4585521.5675, 430339.1075 4585522.7195, 430341.9115 4585523.7235, 430344.8695 4585525.4815, 430345.0845 4585526.8735, 430344.8995 4585528.4595, 430344.2115 4585530.3915, 430342.9695 4585531.6055, 430335.3815 4585533.1475, 430329.5735 4585534.9895, 430310.6895 4585542.5835, 430303.3175 4585544.3495, 430295.3015 4585544.7025, 430288.1575 4585544.0495, 430280.6395 4585542.0135, 430268.1375 4585537.6395, 430264.4035 4585536.9195, 430260.3795 4585536.7455, 430253.6595 4585538.1435, 430241.5675 4585545.1285, 430236.3915 4585548.7315, 430231.1015 4585553.2595, 430225.9915 4585558.2075, 430208.6395 4585580.2775, 430210.062 4585584.23, 430209.3705455 4585626.9104655, 430217.749885 4585626.9486175, 430221.972673 4585624.4646645, 430226.6333655 4585622.662667, 430257.2815 4585620.5975, 430269.0795 4585622.0735, 430274.5845 4585623.5655, 430280.8295 4585627.2815, 430291.6575 4585635.6215, 430303.0975 4585649.2775, 430306.5415 4585655.3675, 430308.8775 4585660.9675, 430310.6555 4585666.1715, 430317.3175 4585695.8595, 430320.1255 4585710.9615, 430320.6815 4585720.6995, 430316.0025 4585729.1015, 430309.1775 4585736.0395))","POLYGON ((2.16603427592514 41.420159706313, 2.16592514120967 41.4201727866457, 2.16574852298667 41.4201665519598, 2.1654447652619 41.4201365608977, 2.16520361417448 41.42005014393, 2.1651073146684 41.4200193205883, 2.16490180839265 41.4199963805031, 2.16470627578004 41.4199859049258, 2.16448383740153 41.4199995420495, 2.16432489955424 41.4199993406696, 2.16388644787536 41.4199699397398, 2.16365294868797 41.4199572795643, 2.16343749676295 41.4199199652233, 2.16326286472889 41.419909161773, 2.1630785265752 41.4199144945704, 2.16281936158508 41.4199774320448, 2.1626915125147 41.4200217830341, 2.16249322285021 41.4200780144815, 2.162307263005 41.4201109790251, 2.16217664545883 41.4201243272303, 2.16193085561313 41.4200524418944, 2.16174954150749 41.4199954728899, 2.16171870519357 41.4199832682904, 2.16169642121148 41.4199704234183, 2.16168613117459 41.4199600979518, 2.16168379164928 41.4199383229442, 2.16186239654633 41.4199621496365, 2.16186542721422 41.4199670240328, 2.16188504667652 41.4199792801901, 2.16196095552879 41.4199984155408, 2.16198557606166 41.4200020897742, 2.16204704714668 41.420002159203, 2.16212499787814 41.4199924097896, 2.16226988178634 41.4199625692833, 2.16232816218845 41.4199473963274, 2.16256726993632 41.4198641030307, 2.16266935440092 41.4198146672587, 2.16260433657252 41.4197470714044, 2.16247898340505 41.4195946714952, 2.16236387944255 41.4194833867535, 2.16234563023831 41.4194818361103, 2.16226587108334 41.419461583074, 2.16225909254404 41.4194834308475, 2.16217758198926 41.419448617951, 2.16198023299483 41.419356570083, 2.16169817562474 41.4192361526966, 2.16160476194059 41.4192057744054, 2.16146141205851 41.4191987036874, 2.16142211603865 41.419203236259, 2.16138406943425 41.4192194786136, 2.16137265036267 41.4192215841891, 2.1613524597098 41.4192162667291, 2.1613347377156 41.4192032298541, 2.16132876678444 41.4191911163328, 2.16132825675558 41.419178673314, 2.16133795059133 41.4191250978728, 2.16136924246175 41.4191025158689, 2.1613121411393 41.4190584758171, 2.16131941645671 41.4190212665752, 2.16129175271523 41.4190192183794, 2.16127295950432 41.418991788773, 2.16129085792168 41.4189125176005, 2.16135949229884 41.4189207652442, 2.16149759000096 41.4189444526015, 2.16156728170558 41.4189258556902, 2.16163285203702 41.4189332287354, 2.1616458096699 41.4189158829151, 2.16144552468466 41.4187444407994, 2.1613487160232 41.4186320066186, 2.16127106650236 41.4184934642925, 2.16125533456987 41.4184410973266, 2.16123348916305 41.4184063043799, 2.161196941923 41.4182911747928, 2.16110632901128 41.4182627260968, 2.16105759452519 41.4182522013096, 2.16100990656638 41.4182533397871, 2.16097189937483 41.4182581878592, 2.1608916819497 41.4182755456817, 2.16081352369849 41.4182977500699, 2.16078588132321 41.4182628354879, 2.16089197246766 41.4181581719457, 2.16079704249716 41.4180428844613, 2.16068792815928 41.4179028043296, 2.16092711070497 41.4178027700775, 2.16095659258267 41.417729525643, 2.16097106568152 41.4177087843253, 2.16098244863127 41.4177042591212, 2.16089900381237 41.4175191241166, 2.16089376964614 41.4174974649176, 2.16087614970638 41.4174653869402, 2.16096457700283 41.417432055716, 2.1610388357674 41.4174145823266, 2.16110319428781 41.4174169702131, 2.16137619102441 41.4175190153663, 2.1614138543967 41.4175250456665, 2.16145251000995 41.4175097535176, 2.16194348053293 41.416964037906, 2.16243928563666 41.4171457079603, 2.16279149781879 41.4172844103182, 2.16382600286379 41.4165785606525, 2.16469877246021 41.4159919211873, 2.16587945592259 41.4152269072151, 2.16629252541036 41.4149527333919, 2.16681978369202 41.4152312356361, 2.16727896303119 41.4154468660271, 2.16717820856273 41.4155623510632, 2.16624793535441 41.4165269963295, 2.16609727202862 41.4166926505694, 2.16620825002939 41.4167567233351, 2.16672694047805 41.4170372806094, 2.16677691150639 41.4170671509771, 2.16695930858651 41.4172104474511, 2.16749331262825 41.4176124588862, 2.16755741896191 41.4176713649701, 2.16758998806992 41.4177128007566, 2.16760805216403 41.4177487811563, 2.16761709859516 41.4177881371612, 2.16761443568221 41.418056666388, 2.16761705374263 41.4181046590749, 2.16763935271161 41.4181482363753, 2.16767272493215 41.4181923981996, 2.16773839667998 41.4182397201973, 2.16785799444404 41.4182788679188, 2.16798429708711 41.4183145411864, 2.16803186021952 41.418336304891, 2.16806233486441 41.4183543780525, 2.16809322932868 41.4183808131664, 2.16826939370626 41.4186229644081, 2.16845990771087 41.418863369857, 2.16842855823186 41.4188822363833, 2.16838222037419 41.4188766645056, 2.16827298287132 41.4188543947473, 2.16811203051072 41.4188393586615, 2.1679853418415 41.4187931557232, 2.16795490228767 41.418778319177, 2.16793431203611 41.4187187768642, 2.16791106672542 41.4186795604981, 2.16785254188687 41.4186152138367, 2.16781082211223 41.418587383578, 2.16777342983661 41.4185675218706, 2.1676985072706 41.4185423624866, 2.16756880697385 41.4185412799981, 2.16750770031622 41.4185437022194, 2.16725092031511 41.4185705776756, 2.16718098679827 41.4185707920563, 2.16711844661087 41.4185636557844, 2.16706161475461 41.4185499313145, 2.16700621833642 41.4185231383755, 2.166980180908 41.4185043224216, 2.16693974747965 41.4184228183784, 2.16693495666364 41.4183688470072, 2.16695353458823 41.4182297621962, 2.16695739622073 41.4181579286249, 2.1669436520641 41.4180648360658, 2.16690021105689 41.4179546484802, 2.16687741467519 41.4179182013445, 2.16684219405067 41.4178782774255, 2.16682418785695 41.4178771201768, 2.16667813381691 41.4178337092835, 2.16658801307982 41.4178171673227, 2.16654017540767 41.4178141365542, 2.16645921138633 41.4178179816625, 2.16637872999637 41.4178458441059, 2.16633196370202 41.4178703838488, 2.16622410213566 41.4179376625973, 2.1660324819828 41.4180457324198, 2.16594893512109 41.4181017837102, 2.16594803265209 41.4181480034623, 2.16595667012606 41.4181780969576, 2.16598800564247 41.4182055266539, 2.16600440824873 41.4182123110802, 2.16610853390242 41.4182238567852, 2.16628611684283 41.4182253599754, 2.16636917100261 41.4182302853881, 2.16641697044175 41.4182410083236, 2.16645040490917 41.4182502940589, 2.16648559517917 41.4182663841314, 2.16648800737118 41.4182789399942, 2.16648561118614 41.4182932084687, 2.16647715671138 41.4183105496329, 2.1664621562544 41.4183213760129, 2.16637118749322 41.4183346064069, 2.16630148202234 41.4183506930532, 2.16607465807648 41.4184174518177, 2.16598624776106 41.4184327181227, 2.16589029470638 41.4184352021316, 2.16580489117375 41.4184287010472, 2.16571517212047 41.418409711286, 2.16556608856478 41.4183692314623, 2.16552149387873 41.4183624226419, 2.16547336636923 41.4183605062522, 2.16539279968067 41.4183725142502, 2.16524731205958 41.4184343758529, 2.16518496505579 41.4184663773509, 2.16512114726874 41.4185067000432, 2.16505943467689 41.4185508211114, 2.16484926905816 41.4187480903477, 2.16486583345313 41.4187838125775, 2.1648526352709 41.4191681593694, 2.16495289174829 41.4191692307501, 2.16500370502646 41.4191472254458, 2.16505967923295 41.4191314002604, 2.16542662974137 41.4191154608348, 2.16556762548248 41.4191297785581, 2.16563332214897 41.4191436941603, 2.165707616766 41.4191777046663, 2.16583621531279 41.4192537593663, 2.16597152432311 41.4193777462267, 2.16601203103388 41.4194328952992, 2.1660393367094 41.419483535011, 2.16606001140728 41.4195305596966, 2.16613630390531 41.4197985261468, 2.16616816275849 41.4199347877044, 2.16617369360554 41.4200225424271, 2.1661167393966 41.4200978102997, 2.16603427592514 41.420159706313))"
"07","Horta-Guinardó","35","el Guinardó","139","027","POLYGON ((430651.3301 4585438.9611, 430537.2825 4585491.7035, 430523.1975 4585464.0515, 430520.2075 4585458.8155, 430518.7335 4585455.4455, 430518.4435 4585451.9015, 430526.8795 4585394.4775, 430528.7595 4585371.1435, 430529.5895 4585348.6265, 430502.893952 4585374.6569515, 430485.2152 4585356.9072, 430485.9512 4585352.7732, 430484.9652 4585350.3598, 430483.217937 4585348.1719715, 430480.1292 4585346.7738, 430477.5692 4585346.6358, 430475.0512 4585347.7218, 430473.6712 4585349.3052, 430472.6638 4585351.8138, 430472.0512 4585355.6872, 430472.0632 4585358.2178, 430439.936 4585385.455, 430399.4204 4585423.518, 430383.3295 4585407.8715, 430367.9335 4585392.1095, 430363.7255 4585388.8335, 430320.0785 4585358.1035, 430310.7355 4585351.0795, 430323.1495 4585332.5675, 430399.8635 4585224.7255, 430408.1605 4585211.8235, 430456.1235 4585239.1915, 430460.3975 4585241.1995, 430466.8075 4585243.4435, 430477.0635 4585245.4355, 430484.6535 4585245.9475, 430493.6415 4585245.2935, 430565.2115 4585232.1935, 430579.5335 4585231.9555, 430589.2735 4585237.9275, 430597.2745 4585244.9235, 430604.7215 4585254.0575, 430636.4995 4585301.1355, 430648.4795 4585317.4865, 430656.0645 4585326.8835, 430715.6785 4585383.8865, 430721.2875 4585390.0205, 430724.2775 4585394.3235, 430728.9975 4585403.0425, 430651.3301 4585438.9611))","POLYGON ((2.17016234524428 41.4175136336281, 2.16879171366488 41.4179788144818, 2.16862636223184 41.417728545359, 2.16859118833687 41.4176811281003, 2.16857393905433 41.4176506482945, 2.16857087630588 41.4176187037106, 2.16867840818921 41.4171022361582, 2.16870358203633 41.4168922378807, 2.16871609883775 41.4166895072367, 2.16839370118909 41.4169216456928, 2.16818421743013 41.4167602510446, 2.16819349860454 41.4167230812887, 2.16818197864793 41.4167012593837, 2.1681613244151 41.4166814032619, 2.16812452897637 41.416668543235, 2.16809391495039 41.4166670788436, 2.16806366276674 41.4166766421975, 2.16804696934955 41.4166907839041, 2.16803462766984 41.4167132907836, 2.16802685281815 41.4167481240741, 2.16802670552702 41.416770917299, 2.16763917732481 41.4170134523689, 2.16715003418249 41.4173527635632, 2.16695930858651 41.4172104474511, 2.16677691150639 41.4170671509771, 2.16672694047805 41.4170372806094, 2.16620825002939 41.4167567233351, 2.16609727202862 41.4166926505694, 2.16624793535441 41.4165269963295, 2.16717820856273 41.4155623510632, 2.16727896303119 41.4154468660271, 2.16784967366238 41.4156975116932, 2.16790057962324 41.4157159668737, 2.16797701493106 41.4157367324205, 2.16809949522511 41.4157555609849, 2.16819024794633 41.4157608289837, 2.16829786121474 41.4157557160921, 2.16915567372067 41.415643916246, 2.16932705824792 41.4156430100089, 2.16944290836868 41.4156976389904, 2.16953783470204 41.4157613404694, 2.1696258875426 41.4158442502239, 2.1700007021141 41.4162710083349, 2.17014216502199 41.4164193098719, 2.17023184050369 41.4165045998243, 2.17093857972848 41.4170231473894, 2.17100498817295 41.4170788777084, 2.17104027037068 41.4171178910524, 2.17109574617096 41.4171968268422, 2.17016234524428 41.4175136336281))"
"07","Horta-Guinardó","35","el Guinardó","139","028","POLYGON ((430590.1035 4586083.5215, 430584.2405 4586090.3145, 430574.4395 4586078.0815, 430569.1435 4586072.5855, 430565.2955 4586070.0855, 430560.6375 4586068.0035, 430557.0405 4586066.9115, 430552.8175 4586066.2575, 430544.7355 4586065.9715, 430539.1015 4586066.5155, 430530.7055 4586068.4375, 430510.3755 4586074.0855, 430504.9755 4586075.1095, 430499.6635 4586075.7155, 430493.2775 4586075.9155, 430486.6235 4586075.2915, 430480.1455 4586073.1695, 430478.1335 4586071.9815, 430471.5515 4586065.6435, 430467.6235 4586061.2515, 430460.9105 4586052.0155, 430452.0735 4586038.3355, 430440.9875 4586023.7815, 430435.9315 4586018.3755, 430434.6075 4586017.5655, 430432.0295 4586016.7235, 430420.2365 4586013.3175, 430407.0955 4586010.0595, 430394.5475 4586005.9635, 430389.6135 4586003.4275, 430388.9115 4586002.6685, 430388.8295 4586001.6115, 430389.5975 4586000.2635, 430390.8295 4585999.7375, 430402.5475 4586000.8915, 430415.3115 4586000.3435, 430425.8535 4585998.4715, 430441.5655 4585994.2575, 430446.1175 4585993.6075, 430454.1555 4585993.2575, 430466.9215 4585994.3575, 430474.7175 4585994.0995, 430479.6255 4585993.4955, 430483.6375 4585992.3055, 430485.3135 4585991.4755, 430493.8195 4585985.3175, 430494.8015 4585983.7315, 430495.3555 4585981.8275, 430495.2635 4585979.9675, 430494.453808 4585978.727837, 430492.5375 4585977.7635, 430488.4485 4585977.0775, 430484.508500001 4585976.9235, 430479.0195 4585977.1935, 430476.3125 4585976.8255, 430466.9215 4585973.8075, 430462.9755 4585971.8295, 430458.3755 4585971.0075, 430442.9815 4585967.0155, 430425.8155 4585963.3635, 430420.3505 4585961.5275, 430416.233602 4585959.163562, 430412.6715 4585955.2615, 430410.1355 4585953.2755, 430406.1455 4585949.0775, 430402.2315 4585941.0555, 430399.3255 4585931.1735, 430388.957 4585904.1666, 430377.402 4585881.9296, 430369.9695 4585871.3975, 430361.2235 4585860.9235, 430353.2238 4585858.0797, 430346.8864 4585858.6437, 430340.92 4585860.4672, 430319.564 4585876.0047, 430306.0645 4585880.9946, 430285.3995 4585890.5215, 430279.5575 4585892.3395, 430274.5785 4585893.0675, 430269.9275 4585891.8355, 430262.6705 4585888.1425, 430261.7435 4585884.4495, 430259.3655 4585881.5035, 430252.6195 4585875.6815, 430242.5875 4585867.9815, 430236.3135 4585862.3855, 430233.3315 4585858.1415, 430231.9855 4585854.9815, 430225.7135 4585832.4575, 430223.3882 4585818.7481, 430219.6684 4585805.0123, 430216.0145 4585797.9865, 430214.4585 4585795.7895, 430212.5865 4585793.8435, 430207.5165 4585790.8465, 430198.4095 4585729.2517, 430214.1555 4585729.4655, 430267.2435 4585734.7095, 430285.3055 4585737.0295, 430300.0715 4585737.5795, 430309.1775 4585736.0395, 430316.0025 4585729.1015, 430320.6815 4585720.6995, 430320.1255 4585710.9615, 430317.3175 4585695.8595, 430310.6555 4585666.1715, 430306.5415 4585655.3675, 430303.0975 4585649.2775, 430291.6575 4585635.6215, 430280.8295 4585627.2815, 430274.5845 4585623.5655, 430269.0795 4585622.0735, 430257.2815 4585620.5975, 430229.6615 4585622.2905, 430226.6333655 4585622.662667, 430221.972673 4585624.4646645, 430217.749885 4585626.9486175, 430209.3705455 4585626.9104655, 430210.062 4585584.23, 430208.6395 4585580.2775, 430225.9915 4585558.2075, 430231.1015 4585553.2595, 430236.3915 4585548.7315, 430241.5675 4585545.1285, 430253.6595 4585538.1435, 430260.3795 4585536.7455, 430264.4035 4585536.9195, 430268.1375 4585537.6395, 430280.6395 4585542.0135, 430288.1575 4585544.0495, 430295.3015 4585544.7025, 430303.3175 4585544.3495, 430310.6895 4585542.5835, 430329.5735 4585534.9895, 430335.3815 4585533.1475, 430342.9695 4585531.6055, 430344.2115 4585530.3915, 430344.8995 4585528.4595, 430345.0845 4585526.8735, 430344.8695175 4585525.481613, 430341.9115 4585523.7235, 430335.1015 4585521.5675, 430328.1555 4585521.0875, 430313.3135 4585521.0635, 430304.5995 4585519.8655, 430303.2215 4585519.1255, 430300.5735 4585516.1055, 430299.8195 4585512.7715, 430299.6875 4585508.8845, 430300.2235 4585507.0635, 430306.7675 4585501.3495, 430322.6655 4585489.1975, 430331.6075 4585481.6415, 430335.4895 4585478.8795, 430342.1855 4585475.7215, 430348.9475 4585475.2295, 430352.9485 4585475.5275, 430360.4975 4585477.2915, 430372.7495 4585481.9935, 430374.2555 4585482.1075, 430377.2415 4585486.5115, 430379.1855 4585490.5395, 430382.9335 4585502.7375, 430383.7205 4585508.1535, 430384.1815 4585513.0615, 430383.9355 4585521.0395, 430382.5315 4585536.4955, 430382.9895 4585542.4835, 430386.4555 4585551.4995, 430390.7525 4585555.0795, 430393.3095 4585556.4975, 430398.0735 4585557.9755, 430403.3075 4585558.7175, 430409.1515 4585558.6375, 430430.5815 4585555.4475, 430435.6855 4585555.1295, 430446.5255 4585555.1455, 430452.8135 4585557.8785, 430455.9595 4585560.0535, 430459.4755 4585563.1095, 430464.4351 4585570.2064, 430466.4195 4585574.5415, 430468.2037 4585581.1353, 430470.7633 4585582.758, 430481.3997 4585587.7857, 430494.8662 4585589.3258, 430504.0187 4585591.7105, 430507.897 4585592.2919, 430510.4967 4585590.1722, 430494.3195 4585563.6355, 430479.3395 4585536.8935, 430476.7295 4585533.9835, 430474.1635 4585532.0015, 430470.1655 4585529.6235, 430459.5725 4585525.7645, 430449.5361 4585521.5144, 430443.9975 4585516.3135, 430441.1615 4585511.4375, 430439.2515 4585506.6175, 430438.9815 4585501.2915, 430438.9175 4585471.4775, 430438.1195 4585467.1155, 430436.5715 4585463.1355, 430433.8055 4585458.5615, 430428.3853 4585452.0733, 430399.4204 4585423.518, 430439.936 4585385.455, 430472.063 4585358.2179695, 430472.0512 4585355.6872, 430472.6638 4585351.8138, 430473.6712 4585349.3052, 430475.051041 4585347.7219825, 430477.5692 4585346.6358, 430480.1292 4585346.7738, 430483.2178 4585348.1718, 430484.9652 4585350.3598, 430485.9512 4585352.7732, 430485.2152 4585356.9072, 430502.8938 4585374.6571, 430529.5895 4585348.6265, 430528.7595 4585371.1435, 430526.8795 4585394.4775, 430518.4435 4585451.9015, 430518.7335 4585455.4455, 430520.2075 4585458.8155, 430523.1975 4585464.0515, 430537.2825 4585491.7035, 430664.7725 4585432.7445, 430672.0655 4585448.1875, 430697.1575 4585498.4715, 430723.0755 4585549.3715, 430730.9891 4585555.497, 430731.2935 4585566.6435, 430767.5615 4585637.1315, 430711.2515 4585676.0795, 430707.7535 4585679.8895, 430705.2975 4585683.3855, 430703.0195 4585687.4895, 430679.3935 4585738.4455, 430678.1855 4585742.0695, 430677.6815 4585745.2315, 430678.1605 4585751.3035, 430691.4115 4585815.4435, 430691.8595 4585819.4795, 430691.6255 4585825.2155, 430690.2965 4585830.4535, 430687.7905 4585835.9695, 430684.4115 4585840.9715, 430680.6595 4585844.4815, 430674.2735 4585848.6755, 430669.3755 4585850.7515, 430664.1915 4585851.7915, 430653.775500001 4585851.5415, 430583.6415 4585846.3495, 430576.1455 4585847.2425, 430569.8755 4585850.7375, 430564.1075 4585856.7355, 430560.8755 4585863.5655, 430560.2035 4585868.1055, 430561.6455 4585875.5575, 430612.8955 4586017.9475, 430614.0195 4586028.9795, 430612.5155 4586038.2695, 430610.9005 4586043.7315, 430603.7555 4586061.4135, 430596.5835 4586074.3995, 430590.1035 4586083.5215))","POLYGON ((2.16935579740177 41.4233136648831, 2.16928486081891 41.4233743403342, 2.16916898618786 41.4232633153848, 2.16910624522155 41.4232133572986, 2.16906048709931 41.4231905081756, 2.16900498855381 41.4231713537946, 2.16896207226994 41.423161207656, 2.16891161498708 41.4231549522913, 2.16881493868733 41.4231516777351, 2.16874745980431 41.4231560902509, 2.1686467725352 41.4231726750331, 2.16840285483225 41.4232217862716, 2.1683381207341 41.4232305419656, 2.16827448766949 41.4232355404669, 2.16819804977222 41.4232367893264, 2.16811849970568 41.4232305934889, 2.16804122788885 41.4232109209044, 2.16801728887889 41.4232000469307, 2.16793925741648 41.423142393355, 2.16789276003317 41.423102496317, 2.16781349451276 41.4230187301255, 2.1677093246228 41.4228947545834, 2.16757834431106 41.4227627124451, 2.16751846651841 41.4227135848796, 2.16750271683746 41.4227061748745, 2.16747196559742 41.4226983680718, 2.16733124358939 41.4226666702669, 2.16717437466665 41.4226361885066, 2.16702469812034 41.4225982103603, 2.166965950368 41.4225749420858, 2.16695763769015 41.4225680452361, 2.16695677816146 41.422558518132, 2.16696612312416 41.4225464437478, 2.16698092562905 41.4225418130078, 2.16712100893115 41.4225532218275, 2.16727380444057 41.4225493918011, 2.16740016408597 41.4225334443858, 2.16758865661378 41.4224968509445, 2.16764320000454 41.4224913907295, 2.16773942189442 41.4224889342397, 2.16789205167091 41.4224999464798, 2.16798536724999 41.4224982974494, 2.16804416517269 41.4224932821558, 2.16809230903299 41.4224829114235, 2.16811245923554 41.4224755809403, 2.16821494867391 41.4224208540682, 2.1682268814324 41.4224066545159, 2.16823372935097 41.422389553829, 2.16823284227176 41.4223727935474, 2.16822329610352 41.42236155832, 2.16820047669995 41.4223527071126, 2.16815162722138 41.4223461748011, 2.16810449950842 41.4223444468854, 2.16803878796733 41.4223464037243, 2.16800643874253 41.4223428550426, 2.16789441455 41.4223148603514, 2.1678474248111 41.4222967037286, 2.16779247651237 41.4222889021366, 2.16760873369378 41.4222516150963, 2.16740374854881 41.4222172365685, 2.16733856661293 41.4222002271381, 2.16728957658966 41.4221785794907, 2.16724740217162 41.4221431265721, 2.16721728543636 41.4221250197642, 2.1671700250107 41.4220868643526, 2.16712411413156 41.4220142741788, 2.16709047891313 41.4219250189902, 2.16696952061467 41.4216808797428, 2.16683381680896 41.421479598244, 2.1667460945346 41.4213840954919, 2.16664264895389 41.4212890021128, 2.16654725490293 41.4212626956697, 2.16647135891251 41.4212672260271, 2.16639975709057 41.4212831323412, 2.16614242864715 41.4214212208881, 2.16598032309966 41.4214649921486, 2.16573195424148 41.4215490045022, 2.16566184110199 41.4215648716094, 2.16560217999409 41.4215709963517, 2.16554666961612 41.4215594965541, 2.1654602604672 41.4215256052471, 2.16544959414118 41.4214922633371, 2.16542147949417 41.4214655234234, 2.16534143052936 41.4214125012897, 2.16522227918491 41.421342279378, 2.16514785224488 41.4212913335874, 2.16511266030457 41.4212528505615, 2.16509691911337 41.4212242727644, 2.16502446937396 41.4210208630087, 2.16499822752884 41.4208971857164, 2.16495530287553 41.4207731495319, 2.16491239266458 41.4207095534751, 2.16489402780848 41.4206896307855, 2.1648718528945 41.4206719413078, 2.16481153354269 41.4206445080844, 2.16470967246748 41.420088955998, 2.16489805525772 41.4200922493673, 2.16553267081573 41.4201440892353, 2.16574852298667 41.4201665519598, 2.16592514120967 41.4201727866457, 2.16603427592514 41.420159706313, 2.1661167393966 41.4200978102997, 2.16617369360554 41.4200225424271, 2.16616816275849 41.4199347877044, 2.16613630390531 41.4197985261468, 2.16606001140728 41.4195305596966, 2.16601203103388 41.4194328952992, 2.16597152432311 41.4193777462267, 2.16583621531279 41.4192537593663, 2.165707616766 41.4191777046663, 2.16563332214897 41.4191436941603, 2.16556762548248 41.4191297785581, 2.16542662974137 41.4191154608348, 2.16509595452711 41.4191283112359, 2.16505967923295 41.4191314002604, 2.16500370502646 41.4191472254458, 2.16495289174829 41.4191692307501, 2.1648526352709 41.4191681593694, 2.16486583345313 41.4187838125775, 2.16484926905816 41.4187480903477, 2.16505943467689 41.4185508211114, 2.16512114726874 41.4185067000432, 2.16518496505579 41.4184663773509, 2.16524731205958 41.4184343758529, 2.16539279968067 41.4183725142502, 2.16547336636923 41.4183605062522, 2.16552149387873 41.4183624226419, 2.16556608856478 41.4183692314623, 2.16571517212047 41.418409711286, 2.16580489117375 41.4184287010472, 2.16589029470638 41.4184352021316, 2.16598624776106 41.4184327181227, 2.16607465807648 41.4184174518177, 2.16630148202234 41.4183506930532, 2.16637118749322 41.4183346064069, 2.1664621562544 41.4183213760129, 2.16647715671138 41.4183105496329, 2.16648561118614 41.4182932084687, 2.16648800737118 41.4182789399942, 2.16648559537555 41.4182663851506, 2.16645040490917 41.4182502940589, 2.16636917100261 41.4182302853881, 2.16628611684283 41.4182253599754, 2.16610853390242 41.4182238567852, 2.16600440824873 41.4182123110802, 2.16598800564247 41.4182055266539, 2.16595667012606 41.4181780969576, 2.16594803265209 41.4181480034623, 2.16594690117659 41.4181129832552, 2.16595352428615 41.4180966286814, 2.1660324819828 41.4180457324198, 2.16622410213566 41.4179376625973, 2.16633196370202 41.4178703838488, 2.16637872999637 41.4178458441059, 2.16645921138633 41.4178179816625, 2.16654017540767 41.4178141365542, 2.16658801307982 41.4178171673227, 2.16667813381691 41.4178337092835, 2.16682418785695 41.4178771201768, 2.16684219405067 41.4178782774255, 2.16687741467519 41.4179182013445, 2.16690021105689 41.4179546484802, 2.1669436520641 41.4180648360658, 2.16695244520865 41.4181136841512, 2.16695739622073 41.4181579286249, 2.16695353458823 41.4182297621962, 2.16693495666364 41.4183688470072, 2.16693974747965 41.4184228183784, 2.166980180908 41.4185043224216, 2.16703118307909 41.4185369384084, 2.16706161475461 41.4185499313145, 2.16711844661087 41.4185636557844, 2.16718098679827 41.4185707920563, 2.16725092031511 41.4185705776756, 2.16750770031622 41.4185437022194, 2.16756880697385 41.4185412799981, 2.1676985072706 41.4185423624866, 2.16777342983661 41.4185675218706, 2.16781082211223 41.418587383578, 2.16785254022733 41.4186152121358, 2.16791106672542 41.4186795604981, 2.16793431203611 41.4187187768642, 2.16795490228767 41.418778319177, 2.1679853418415 41.4187931557232, 2.16811203051072 41.4188393586615, 2.16827298287132 41.4188543947473, 2.16838222037419 41.4188766645056, 2.16842855823186 41.4188822363833, 2.16845990771087 41.418863369857, 2.16826939370626 41.4186229644081, 2.16809322932868 41.4183808131664, 2.16806233486441 41.4183543780525, 2.16803186021952 41.418336304891, 2.16798429708711 41.4183145411864, 2.16785799444404 41.4182788679188, 2.16773839667998 41.4182397201973, 2.16767272493215 41.4181923981996, 2.16763935271161 41.4181482363753, 2.16761705374263 41.4181046590749, 2.16761443568221 41.418056666388, 2.16761709859516 41.4177881371612, 2.16760805216403 41.4177487811563, 2.16758998806992 41.4177128007566, 2.16755741896191 41.4176713649701, 2.16749331262825 41.4176124588862, 2.16715003418249 41.4173527635632, 2.16763917732481 41.4170134523689, 2.16802670311457 41.4167709188083, 2.16802685281815 41.4167481240741, 2.16803462766984 41.4167132907836, 2.16804696934955 41.4166907839041, 2.16806366084336 41.4166766438275, 2.16809391495039 41.4166670788436, 2.16812452897637 41.416668543235, 2.16816132279563 41.4166814017055, 2.16818197864793 41.4167012593837, 2.16819349860454 41.4167230812887, 2.16818421743013 41.4167602510446, 2.16839369935337 41.4169216470172, 2.16871609883775 41.4166895072367, 2.16870358203633 41.4168922378807, 2.16867840818921 41.4171022361582, 2.16857087630588 41.4176187037106, 2.16857393905433 41.4176506482945, 2.16859118833687 41.4176811281003, 2.16862636223184 41.417728545359, 2.16879171366488 41.4179788144818, 2.17032389562338 41.4174588029581, 2.17040938602153 41.4175985217073, 2.17070384996483 41.4180535759419, 2.17100813063603 41.4185142487284, 2.17110211651406 41.4185701011248, 2.17110448217823 41.4186705198511, 2.17153036679628 41.4193085054439, 2.17085213923381 41.4196544420928, 2.17080984791597 41.4196884557194, 2.17078006044311 41.4197197311107, 2.17075233311562 41.4197564978794, 2.17046379879588 41.4202134019613, 2.17044892914068 41.4202459377799, 2.17044253611556 41.4202743732712, 2.17044757159928 41.4203291028759, 2.17059877568694 41.4209079314805, 2.17060367373761 41.4209443208957, 2.17060021643155 41.4209959627556, 2.17058371384882 41.4210430248533, 2.17055309584758 41.4210924892561, 2.17051209071847 41.4211372489262, 2.17046679336607 41.4211685385047, 2.17038990007128 41.4212057613318, 2.17033105437837 41.4212240364627, 2.17026890525465 41.4212329560119, 2.17014429977906 41.4212298054154, 2.16930569746572 41.4211769866623, 2.16921590058952 41.4211843819136, 2.16914047483787 41.4212153182882, 2.16907076838681 41.4212688415881, 2.16903131119523 41.4213300775396, 2.16902274898321 41.4213709095544, 2.16903914783756 41.4214381515761, 2.16963605124103 41.4227250331131, 2.16964823510923 41.4228244913038, 2.16962917237403 41.4229080329798, 2.16960922061835 41.4229570876949, 2.16952169467366 41.4231157257373, 2.16943438418665 41.4232320662546, 2.16935579740177 41.4233136648831))"
"07","Horta-Guinardó","35","el Guinardó","139","029","POLYGON ((430667.4735 4585918.5635, 430659.6385 4585939.9565, 430649.4575 4585926.1575, 430598.3195 4585847.4435, 430657.1155 4585851.7655, 430664.1915 4585851.7915, 430669.3755 4585850.7515, 430675.0415 4585848.2595, 430680.6595 4585844.4815, 430685.0415 4585840.2095, 430688.5615 4585834.5035, 430690.6675 4585829.3575, 430691.7175 4585824.4555, 430691.8595 4585819.4795, 430691.4115 4585815.4435, 430678.1605 4585751.3035, 430677.6815 4585745.2315, 430678.1855 4585742.0695, 430679.3935 4585738.4455, 430703.0195 4585687.4895, 430705.2975 4585683.3855, 430707.7535 4585679.8895, 430711.2515 4585676.0795, 430767.5615 4585637.1315, 430731.2935 4585566.6435, 430730.9891 4585555.497, 430723.0755 4585549.3715, 430697.1575 4585498.4715, 430672.0655 4585448.1875, 430664.7725 4585432.7445, 430728.9975 4585403.0425, 430795.7945 4585533.4735, 430833.2145 4585604.4835, 430881.0615 4585693.1795, 430760.2235 4585759.0675, 430783.0667 4585783.905, 430816.0735 4585822.8315, 430825.4675 4585838.9355, 430827.6375 4585846.5155, 430826.8575 4585859.8035, 430821.6295 4585871.7705, 430814.7135 4585879.8555, 430808.3595 4585882.4295, 430684.7435 4585901.0265, 430677.4575 4585905.2775, 430671.4155 4585911.4675, 430667.4735 4585918.5635))","POLYGON ((2.17030052140266 41.4218346300065, 2.17020431678687 41.4220266326896, 2.17008407552524 41.4219014714649, 2.16948120345136 41.4211881079199, 2.17018423934218 41.4212321111697, 2.17026890525465 41.4212329560119, 2.17033105437837 41.4212240364627, 2.17039913736855 41.4212020808391, 2.17046679336607 41.4211685385047, 2.17051971639923 41.4211304402233, 2.17056248935476 41.4210793520447, 2.17058827869612 41.4210331855879, 2.17060140436443 41.4209891256509, 2.17060367373761 41.4209443208957, 2.17059877568694 41.4209079314805, 2.17044757159928 41.4203291028759, 2.17044253611556 41.4202743732712, 2.17044892914068 41.4202459377799, 2.17046379879588 41.4202134019613, 2.17075233311562 41.4197564978794, 2.17078006044311 41.4197197311107, 2.17080984791597 41.4196884557194, 2.17085213923381 41.4196544420928, 2.17153036679628 41.4193085054439, 2.17110448217823 41.4186705198511, 2.17110211651406 41.4185701011248, 2.17100813063603 41.4185142487284, 2.17070384996483 41.4180535759419, 2.17040938602153 41.4175985217073, 2.17032389562338 41.4174588029581, 2.17109574617096 41.4171968268422, 2.17188004326903 41.4183773274011, 2.17231965792182 41.4190201108387, 2.17288202282403 41.419823081062, 2.17142860596153 41.4204061063579, 2.17169909357123 41.4206317768688, 2.17208958469653 41.4209852164708, 2.17220014758391 41.4211310681781, 2.1722252460152 41.4211995253053, 2.17221439292959 41.42131913833, 2.17215046753268 41.4214264706166, 2.17206678792142 41.4214986937529, 2.17199046338076 41.4215213296594, 2.17050918004272 41.4216781708414, 2.17042151047229 41.4217158294129, 2.17034850389409 41.421771059119, 2.17030052140266 41.4218346300065))"
"07","Horta-Guinardó","35","el Guinardó","139","030","POLYGON ((430811.3685 4585944.3435, 430702.8635 4586004.7685, 430659.6385 4585939.9565, 430667.4735 4585918.5635, 430671.4155 4585911.4675, 430677.4575 4585905.2775, 430684.7435 4585901.0265, 430808.3595 4585882.4295, 430814.7135 4585879.8555, 430821.6295 4585871.7705, 430826.8575 4585859.8035, 430827.6375 4585846.5155, 430825.4675 4585838.9355, 430816.0735 4585822.8315, 430783.0667 4585783.905, 430760.2235 4585759.0675, 430881.0615 4585693.1795, 430894.1395 4585718.4275, 430921.2415 4585766.7415, 430937.8315 4585798.1695, 430952.7655 4585825.3215, 430970.5895 4585858.8365, 430905.4737 4585893.7146, 430906.8152 4585896.3365, 430907.4934 4585899.0562, 430907.6868 4585901.7486, 430907.1725 4585906.805, 430905.1727 4585912.0716, 430903.8167 4585914.1329, 430902.0148 4585916.5351, 430898.1555 4585920.3515, 430895.8435 4585921.4475, 430890.8975 4585922.7365, 430885.7895 4585922.7635, 430882.0405 4585921.9495, 430877.3995 4585919.8105, 430875.3155 4585918.3235, 430871.7941 4585914.6338, 430870.1345 4585912.0155, 430842.8735 4585927.3595, 430811.3685 4585944.3435))","POLYGON ((2.17201938466507 41.4220792255612, 2.17071411118108 41.422614099828, 2.17020431678687 41.4220266326896, 2.17030052140266 41.4218346300065, 2.17034850389409 41.421771059119, 2.17042151047229 41.4217158294129, 2.17050918004272 41.4216781708414, 2.17199046338076 41.4215213296594, 2.17206678792142 41.4214986937529, 2.17215046753268 41.4214264706166, 2.17221439292959 41.42131913833, 2.1722252460152 41.4211995253053, 2.17220014758391 41.4211310681781, 2.17208958469653 41.4209852164708, 2.17169909357123 41.4206317768688, 2.17142860596153 41.4204061063579, 2.17288202282403 41.419823081062, 2.17303562136658 41.4200516056079, 2.17335439026297 41.4204890829325, 2.17354930932923 41.4207735697669, 2.17372490320593 41.4210194015707, 2.17393435286568 41.4213227906594, 2.17315121384426 41.4216313279365, 2.1731669663126 41.4216550578046, 2.17317477074713 41.421679611479, 2.17317677731613 41.4217038775811, 2.17317004564253 41.4217493745146, 2.17314551481296 41.4217966368924, 2.17312905373197 41.4218150856578, 2.17310721815712 41.4218365664347, 2.17306060260429 41.4218706074431, 2.17303281250646 41.4218802798635, 2.17297348249998 41.4218914639935, 2.17291235824757 41.4218912677816, 2.17286759160074 41.4218836138693, 2.17281230294602 41.4218639494049, 2.1727875362565 41.4218503772398, 2.17274582177968 41.4218168424783, 2.17272626270961 41.4217931176081, 2.17239830961349 41.4219289693536, 2.17201938466507 41.4220792255612))"
"07","Horta-Guinardó","35","el Guinardó","140","031","POLYGON ((431026.9735 4585936.9135, 431016.8585 4585942.5205, 430970.5295 4585858.7315, 430952.7655 4585825.3215, 430937.8315 4585798.1695, 430921.2415 4585766.7415, 430894.1395 4585718.4275, 430881.0615 4585693.1795, 430973.0875 4585642.2045, 431051.3505 4585702.5945, 431067.4105 4585714.5385, 431040.1425 4585753.3875, 431005.7095 4585803.7825, 431048.6915 4585882.3275, 431066.5435 4585915.6165, 431051.5195 4585923.0755, 431026.9735 4585936.9135))","POLYGON ((2.17460012054272 41.4220308444603, 2.17447844685138 41.422080476273, 2.17393364691041 41.4213218398073, 2.17372490320593 41.4210194015707, 2.17354930932923 41.4207735697669, 2.17335439026297 41.4204890829325, 2.17303562136658 41.4200516056079, 2.17288202282403 41.419823081062, 2.17398896800313 41.4193718785437, 2.17491852503784 41.4199225093509, 2.17510932832712 41.4200314626835, 2.17477862516888 41.4203790219416, 2.17436086802156 41.420829955648, 2.17486621757095 41.4215410721035, 2.17507603501657 41.4218424260529, 2.17489541087471 41.4219083174152, 2.17460012054272 41.4220308444603))"
"07","Horta-Guinardó","35","el Guinardó","140","032","POLYGON ((431083.8555 4585691.1595, 431067.4105 4585714.5385, 431051.3505 4585702.5945, 430973.0875 4585642.2045, 430881.0615 4585693.1795, 430833.2145 4585604.4835, 430816.7415 4585573.2225, 430985.4635 4585544.7675, 430983.4321 4585570.4822, 431032.0291 4585606.1556, 431104.0035 4585662.2645, 431083.8555 4585691.1595))","POLYGON ((2.17530876393958 41.4198223070061, 2.17510932832712 41.4200314626835, 2.17491852503784 41.4199225093509, 2.17398896800313 41.4193718785437, 2.17288202282403 41.419823081062, 2.17231965792182 41.4190201108387, 2.17212613020003 41.4187371361158, 2.17414816872943 41.4184953612684, 2.17412092851526 41.4187267899498, 2.17469833343372 41.4190522602501, 2.17555313434395 41.4195637878255, 2.17530876393958 41.4198223070061))"
"07","Horta-Guinardó","35","el Guinardó","140","033","POLYGON ((431078.8235 4585910.6395, 431066.5435 4585915.6165, 431048.6915 4585882.3275, 431005.7095 4585803.7825, 431040.1425 4585753.3875, 431100.4875 4585667.2425, 431163.7115 4585578.3515, 431168.3675 4585573.0895, 431190.3655 4585646.1815, 431213.3525 4585734.8545, 431160.1455 4585791.6195, 431107.9375 4585848.2875, 431099.7095 4585857.7715, 431116.7175 4585891.3335, 431078.8235 4585910.6395))","POLYGON ((2.17522354189033 41.421798653505, 2.17507603501657 41.4218424260529, 2.17486621757095 41.4215410721035, 2.17436086802156 41.420829955648, 2.17477862516888 41.4203790219416, 2.17551049707761 41.4196083214231, 2.1762771120018 41.4188131303725, 2.17633342087862 41.4187661362426, 2.17658831612647 41.4194263343481, 2.1768532781691 41.4202269491157, 2.17621016974976 41.420733654539, 2.1755790160711 41.4212395682458, 2.17547948211017 41.4213242816995, 2.17567917155448 41.4216280210151, 2.17522354189033 41.421798653505))"
"07","Horta-Guinardó","35","el Guinardó","140","034","POLYGON ((431295.0135 4585647.4075, 431213.3525 4585734.8545, 431190.3655 4585646.1815, 431168.3635 4585573.0735, 431143.6872 4585507.293, 431229.131 4585478.2155, 431361.2655 4585434.8395, 431399.1985 4585421.8475, 431452.4915 4585404.2775, 431442.3505 4585501.7775, 431440.7375 4585509.1615, 431433.3755 4585534.5575, 431404.2675 4585527.6735, 431399.1155 4585534.1615, 431295.0135 4585647.4075))","POLYGON ((2.17784032511971 41.4194463314215, 2.1768532781691 41.4202269491157, 2.17658831612647 41.4194263343481, 2.1763333748386 41.4187659917935, 2.17604560623267 41.4181714157117, 2.17707125598097 41.4179168420325, 2.1786571752222 41.4175374670776, 2.17911251670466 41.4174236918721, 2.17975215708087 41.4172699927838, 2.17961976971281 41.4181472768321, 2.17959963303923 41.418213644369, 2.17950866693925 41.4184417492594, 2.17916116581425 41.4183772630804, 2.17909878552702 41.4184352584342, 2.17784032511971 41.4194463314215))"
"07","Horta-Guinardó","35","el Guinardó","140","035","POLYGON ((431516.5011 4585528.3445, 431521.6966 4585557.4522, 431433.3755 4585534.5575, 431440.7375 4585509.1615, 431442.3505 4585501.7775, 431452.4915 4585404.2775, 431399.1985 4585421.8475, 431363.1275 4585434.1905, 431332.5625 4585369.038, 431302.3215 4585306.0715, 431444.6465 4585239.0805, 431487.2269 4585219.4269, 431512.1765 4585244.0295, 431506.0675 4585304.2355, 431506.4315 4585427.3275, 431515.3375 4585521.8255, 431516.5011 4585528.3445))","POLYGON ((2.18050398161782 41.4183928798247, 2.18056285112391 41.4186554857415, 2.17950866693925 41.4184417492594, 2.17959963303923 41.418213644369, 2.17961976971281 41.4181472768321, 2.17975215708087 41.4172699927838, 2.17911251670466 41.4174236918721, 2.17867952767848 41.4175317808049, 2.17832121396638 41.4169423633157, 2.17796653499592 41.4163726609601, 2.17967701413582 41.4157814502818, 2.1801887005805 41.4156080683246, 2.18048442821633 41.4158317823788, 2.1804045189814 41.4163735168385, 2.18039493623288 41.4174821958122, 2.18049079708114 41.4183340662412, 2.18050398161782 41.4183928798247))"
"07","Horta-Guinardó","35","el Guinardó","140","036","POLYGON ((431229.131 4585478.2155, 431143.6872 4585507.293, 431122.1811 4585470.0673, 431110.7758 4585455.2856, 431072.6178 4585412.9096, 431167.7105 4585368.5435, 431185.3195 4585360.0135, 431212.6035 4585347.6095, 431249.1775 4585329.6315, 431302.3215 4585306.0715, 431332.5625 4585369.038, 431363.1275 4585434.1905, 431229.131 4585478.2155))","POLYGON ((2.17707125598097 41.4179168420325, 2.17604560623267 41.4181714157117, 2.17579252263207 41.4178342937202, 2.1756577413011 41.4177001824244, 2.1752060092671 41.4173152444622, 2.17634883645578 41.4169238056003, 2.17656049627352 41.4168484870052, 2.17688835602089 41.41673910449, 2.17732800137269 41.4165803127972, 2.17796653499592 41.4163726609601, 2.17832121396638 41.4169423633157, 2.17867952767848 41.4175317808049, 2.17707125598097 41.4179168420325))"
"07","Horta-Guinardó","35","el Guinardó","140","037","POLYGON ((431163.7115 4585578.3515, 431104.0035 4585662.2645, 431032.0291 4585606.1556, 430983.4321 4585570.4822, 430985.4635 4585544.7675, 430816.7415 4585573.2225, 430795.7945 4585533.4735, 430763.6545 4585470.7145, 430816.8775 4585446.8205, 430850.6065 4585512.8515, 430988.4325 4585479.7555, 430988.4515 4585452.0835, 431063.6735 4585417.8965, 431072.6178 4585412.9096, 431110.7758 4585455.2856, 431122.1811 4585470.0673, 431143.6872 4585507.293, 431168.3635 4585573.0735, 431163.7115 4585578.3515))","POLYGON ((2.1762771120018 41.4188131303725, 2.17555313434395 41.4195637878255, 2.17469833343372 41.4190522602501, 2.17412092851526 41.4187267899498, 2.17414816872943 41.4184953612684, 2.17212613020003 41.4187371361158, 2.17188004326903 41.4183773274011, 2.17150266799091 41.4178093110347, 2.17214221517842 41.4175986904413, 2.17253823333361 41.4181963112462, 2.17419111084038 41.4179100762498, 2.17419449535738 41.417660845977, 2.17509842292279 41.4173593924523, 2.1752060092671 41.4173152444622, 2.1756577413011 41.4177001824244, 2.17579252263207 41.4178342937202, 2.17604560623267 41.4181714157117, 2.1763333748386 41.4187659917935, 2.1762771120018 41.4188131303725))"
"07","Horta-Guinardó","35","el Guinardó","140","038","POLYGON ((430988.4325 4585479.7555, 430850.6065 4585512.8515, 430816.8775 4585446.8205, 430763.6545 4585470.7145, 430728.9975 4585403.0425, 430724.2775 4585394.3235, 430721.2875 4585390.0205, 430715.6785 4585383.8865, 430656.0645 4585326.8835, 430648.4795 4585317.4865, 430636.4995 4585301.1355, 430604.7215 4585254.0575, 430597.2745 4585244.9235, 430589.2735 4585237.9275, 430579.5335 4585231.9555, 430582.0295 4585218.3505, 430579.7655 4585199.5755, 430579.3885 4585189.5355, 430579.6675 4585182.9395, 430580.8415 4585175.7435, 430582.8175 4585167.5935, 430585.7515 4585159.5415, 430588.4675 4585153.9955, 430593.7205 4585145.2255, 430598.8175 4585138.7875, 430641.4455 4585094.4775, 430680.5075 4585055.0475, 430712.9695 4585020.6955, 430809.4475 4585114.4975, 430963.2795 4585261.1815, 430968.1275 4585266.8955, 430972.7475 4585273.4195, 430991.6635 4585307.0135, 430995.3223 4585328.3624, 431016.4755 4585350.9915, 431072.6178 4585412.9096, 431063.6735 4585417.8965, 430988.4515 4585452.0835, 430988.4325 4585479.7555))","POLYGON ((2.17419111084038 41.4179100762498, 2.17253823333361 41.4181963112462, 2.17214221517842 41.4175986904413, 2.17150266799091 41.4178093110347, 2.17109574617096 41.4171968268422, 2.17104027037068 41.4171178910524, 2.17100498817295 41.4170788777084, 2.17093857972848 41.4170231473894, 2.17023184050369 41.4165045998243, 2.17014216502199 41.4164193098719, 2.1700007021141 41.4162710083349, 2.1696258875426 41.4158442502239, 2.16953783470204 41.4157613404694, 2.16944290836868 41.4156976389904, 2.16932705824792 41.4156430100089, 2.1693584831291 41.4155206903093, 2.16933354981651 41.4153513950992, 2.16933019131563 41.4152609358797, 2.16933428634077 41.4152015521913, 2.16934915845661 41.4151368418316, 2.16937373554858 41.4150636084122, 2.16940976332588 41.4149913403854, 2.1694428952324 41.4149416241553, 2.1695067508529 41.414863089622, 2.16956847233658 41.4148055450633, 2.17008357353318 41.4144101409646, 2.17055544456316 41.4140583793169, 2.17094776479795 41.413751782424, 2.1720913261938 41.4146049358597, 2.17391509983367 41.4159392968582, 2.17397245255889 41.4159911773186, 2.17402698499478 41.4160503335512, 2.17424947698738 41.4163545275168, 2.17429081829973 41.4165471237394, 2.17454133140544 41.4167527522557, 2.1752060092671 41.4173152444622, 2.17509842292279 41.4173593924523, 2.17419449535738 41.417660845977, 2.17419111084038 41.4179100762498))"
"07","Horta-Guinardó","35","el Guinardó","141","039","POLYGON ((431004.6215 4585293.6435, 430991.6635 4585307.0135, 430972.7475 4585273.4195, 430968.1275 4585266.8955, 430963.2795 4585261.1815, 430809.4475 4585114.4975, 430712.9695 4585020.6955, 430835.6195 4584894.1255, 430904.1175 4584824.4975, 430957.3853 4584768.9216, 430992.8295 4584732.7232, 431088.9155 4584826.6535, 431385.9836 4585119.5912, 431316.5695 4585192.0355, 431256.5095 4585255.5115, 431146.1735 4585150.8815, 431083.5835 4585215.0755, 431026.3295 4585272.8055, 431019.0615 4585278.7435, 431004.6215 4585293.6435))","POLYGON ((2.17440604130796 41.4162352212871, 2.17424947698738 41.4163545275168, 2.17402698499478 41.4160503335512, 2.17397245255889 41.4159911773186, 2.17391509983367 41.4159392968582, 2.1720913261938 41.4146049358597, 2.17094776479795 41.413751782424, 2.17242965262085 41.4126223756317, 2.17325711919125 41.4120011523198, 2.17390075476188 41.4115051770921, 2.17432893295812 41.4111821945289, 2.17546779013762 41.4120364366702, 2.17898868451939 41.4147002440485, 2.17814995670878 41.4153467956395, 2.1774241504424 41.4159133667414, 2.17611592368824 41.4149615543768, 2.17535975203224 41.4155343623722, 2.1746681478415 41.4160494042471, 2.17458051123694 41.4161022618795, 2.17440604130796 41.4162352212871))"
"07","Horta-Guinardó","35","el Guinardó","141","040","POLYGON ((431167.7105 4585368.5435, 431072.6178 4585412.9096, 431016.4755 4585350.9915, 430995.3223 4585328.3624, 430991.6635 4585307.0135, 431019.0615 4585278.7435, 431026.3295 4585272.8055, 431083.5835 4585215.0755, 431146.1735 4585150.8815, 431256.5095 4585255.5115, 431178.8935 4585336.2705, 431167.6055 4585348.8575, 431161.5645 4585356.2025, 431167.7105 4585368.5435))","POLYGON ((2.17634883645578 41.4169238056003, 2.1752060092671 41.4173152444622, 2.17454133140544 41.4167527522557, 2.17429081829973 41.4165471237394, 2.17424947698738 41.4163545275168, 2.17458051123694 41.4161022618795, 2.1746681478415 41.4160494042471, 2.17535975203224 41.4155343623722, 2.17611592368824 41.4149615543768, 2.1774241504424 41.4159133667414, 2.1764863113897 41.4166340917307, 2.17634982024117 41.41674649165, 2.1762767047833 41.4168121280324, 2.17634883645578 41.4169238056003))"
"07","Horta-Guinardó","35","el Guinardó","141","041","POLYGON ((431185.3195 4585360.0135, 431167.7105 4585368.5435, 431161.5645 4585356.2025, 431167.6055 4585348.8575, 431178.8935 4585336.2705, 431256.5095 4585255.5115, 431316.5695 4585192.0355, 431385.9836 4585119.5912, 431487.2269 4585219.4269, 431444.6465 4585239.0805, 431302.3215 4585306.0715, 431249.1775 4585329.6315, 431212.6035 4585347.6095, 431185.3195 4585360.0135))","POLYGON ((2.17656049627352 41.4168484870052, 2.17634883645578 41.4169238056003, 2.1762767047833 41.4168121280324, 2.17634982024117 41.41674649165, 2.1764863113897 41.4166340917307, 2.1774241504424 41.4159133667414, 2.17814995670878 41.4153467956395, 2.17898868451939 41.4147002440485, 2.1801887005805 41.4156080683246, 2.17967701413582 41.4157814502818, 2.17796653499592 41.4163726609601, 2.17732800137269 41.4165803127972, 2.17688835602089 41.41673910449, 2.17656049627352 41.4168484870052))"
"07","Horta-Guinardó","35","el Guinardó","142","042","POLYGON ((431505.19 4585802.0794, 431457.6226 4585872.1629, 431447.1575 4585858.4995, 431418.1635 4585800.5115, 431415.7225 4585797.2165, 431431.7655 4585775.4115, 431384.5095 4585731.7155, 431295.0135 4585647.4075, 431399.1155 4585534.1615, 431404.2675 4585527.6735, 431433.3755 4585534.5575, 431521.6966 4585557.4522, 431545.0535 4585688.3095, 431545.8713 4585710.2598, 431542.8095 4585732.8115, 431538.7905 4585745.9329, 431531.5875 4585760.1175, 431516.1114 4585785.9883, 431505.19 4585802.0794))","POLYGON ((2.18033764229916 41.4208573520537, 2.17976052659759 41.4214845133314, 2.17963685298118 41.4213605589853, 2.17929649556143 41.4208358068553, 2.17926766120305 41.4208059215734, 2.17946209739201 41.4206109007799, 2.17890161053094 41.4202133118786, 2.17784032511971 41.4194463314215, 2.17909878552702 41.4184352584342, 2.17916116581425 41.4183772630804, 2.17950866693925 41.4184417492594, 2.18056285112391 41.4186554857415, 2.1808275105693 41.4198360629566, 2.18083481147109 41.4200338314646, 2.18079562301323 41.420236686034, 2.18074604838877 41.4203545235482, 2.18065825495175 41.4204816655944, 2.18047014558335 41.4207133560302, 2.18033764229916 41.4208573520537))"
"07","Horta-Guinardó","35","el Guinardó","142","043","POLYGON ((431457.6226 4585872.1629, 431392.6133 4585967.9445, 431302.7415 4585897.9335, 431269.6515 4585871.6755, 431256.5985 4585860.7515, 431234.2045 4585864.9045, 431213.3525 4585734.8545, 431295.0135 4585647.4075, 431384.5095 4585731.7155, 431431.7655 4585775.4115, 431415.7225 4585797.2165, 431418.1635 4585800.5115, 431447.1575 4585858.4995, 431457.6226 4585872.1629))","POLYGON ((2.17976052659759 41.4214845133314, 2.17897177744672 41.4223416360981, 2.17790433615553 41.4217033921608, 2.1775113736326 41.4214640656085, 2.17735642698726 41.4213645602768, 2.17708799512813 41.4214000485319, 2.1768532781691 41.4202269491157, 2.17784032511971 41.4194463314215, 2.17890161053094 41.4202133118786, 2.17946209739201 41.4206109007799, 2.17926766120305 41.4208059215734, 2.17929649556143 41.4208358068553, 2.17963685298118 41.4213605589853, 2.17976052659759 41.4214845133314))"
"07","Horta-Guinardó","35","el Guinardó","142","044","POLYGON ((431332.8965 4586055.9284, 431227.5256 4586211.1769, 431156.0505 4586079.5945, 431229.0775 4586038.9955, 431258.6405 4586023.5905, 431245.3795 4585934.3855, 431234.2045 4585864.9045, 431256.5985 4585860.7515, 431269.6515 4585871.6755, 431302.7415 4585897.9335, 431392.6133 4585967.9445, 431332.8965 4586055.9284))","POLYGON ((2.17824722312455 41.4231289743825, 2.17696869677004 41.424518229131, 2.17612838757829 41.4233269918749, 2.17700684930547 41.4229675856027, 2.17736235084183 41.4228313682653, 2.17721381242286 41.4220267957124, 2.17708799512813 41.4214000485319, 2.17735642698726 41.4213645602768, 2.1775113736326 41.4214640656085, 2.17790433615553 41.4217033921608, 2.17897177744672 41.4223416360981, 2.17824722312455 41.4231289743825))"
"07","Horta-Guinardó","35","el Guinardó","142","045","POLYGON ((431203.8975 4586053.1155, 431156.0505 4586079.5945, 431111.2005 4585997.0275, 431158.9455 4585970.5345, 431116.7175 4585891.3335, 431099.7095 4585857.7715, 431107.9375 4585848.2875, 431160.1455 4585791.6195, 431213.3525 4585734.8545, 431245.3795 4585934.3855, 431258.6405 4586023.5905, 431229.0775 4586038.9955, 431203.8975 4586053.1155))","POLYGON ((2.17670393949398 41.4230926036209, 2.17612838757829 41.4233269918749, 2.17560111648844 41.4225794960463, 2.17617544468803 41.4223449755237, 2.17567917155448 41.4216280210151, 2.17547948211017 41.4213242816995, 2.1755790160711 41.4212395682458, 2.17621016974976 41.420733654539, 2.1768532781691 41.4202269491157, 2.17721381242286 41.4220267957124, 2.17736235084183 41.4228313682653, 2.17700684930547 41.4229675856027, 2.17670393949398 41.4230926036209))"
"07","Horta-Guinardó","35","el Guinardó","142","046","POLYGON ((431227.5256 4586211.1769, 431192.4225 4586262.8961, 431185.9235 4586252.0575, 431174.4235 4586231.7365, 431150.1265 4586188.1215, 431129.6455 4586150.0935, 431105.3395 4586106.4215, 431079.1455 4586057.2855, 431016.8585 4585942.5205, 431051.5195 4585923.0755, 431066.5435 4585915.6165, 431078.8235 4585910.6395, 431116.7175 4585891.3335, 431158.9455 4585970.5345, 431111.2005 4585997.0275, 431227.5256 4586211.1769))","POLYGON ((2.17696869677004 41.424518229131, 2.17654275830702 41.4249810395614, 2.17646622250956 41.4248828635233, 2.17633092274331 41.4246988544395, 2.17604514380056 41.4243039479039, 2.17580439479753 41.4239596878996, 2.1755185210341 41.4235642659149, 2.17521068163077 41.4231194689824, 2.17447844685138 41.422080476273, 2.17489541087471 41.4219083174152, 2.17507603501657 41.4218424260529, 2.17522354189033 41.421798653505, 2.17567917155448 41.4216280210151, 2.17617544468803 41.4223449755237, 2.17560111648844 41.4225794960463, 2.17696869677004 41.424518229131))"
"07","Horta-Guinardó","35","el Guinardó","143","047","POLYGON ((431129.9495 4586329.6835, 431120.4598 4586333.2641, 431114.2415 4586320.4375, 431097.1875 4586288.0055, 431067.2715 4586233.0955, 431031.6835 4586253.2915, 431002.8635 4586268.8055, 430958.7175 4586186.0515, 430981.6385 4586173.8195, 431015.9865 4586154.5595, 431057.2655 4586132.9275, 431105.3395 4586106.4215, 431129.6455 4586150.0935, 431150.1265 4586188.1215, 431174.4235 4586231.7365, 431185.9235 4586252.0575, 431192.4225 4586262.8961, 431165.8215 4586301.4835, 431152.9148 4586315.3941, 431138.907 4586325.2837, 431129.9495 4586329.6835))","POLYGON ((2.17578757735252 41.4255772161763, 2.1756736113586 41.4256086517277, 2.17560066163101 41.4254925940031, 2.17540028178357 41.4251990282022, 2.17504855531789 41.4247019073318, 2.17462039525232 41.4248807509004, 2.17427375543473 41.4250180050975, 2.17375493795565 41.424268877318, 2.174030611681 41.4241606776514, 2.17444382374486 41.4239901599639, 2.17494024136944 41.4237988718404, 2.1755185210341 41.4235642659149, 2.17580439479753 41.4239596878996, 2.17604514380056 41.4243039479039, 2.17633092274331 41.4246988544395, 2.17646622250956 41.4248828635233, 2.17654275830702 41.4249810395614, 2.17622004855951 41.4253263034974, 2.17606401773184 41.4254504852227, 2.17589526798981 41.4255383566538, 2.17578757735252 41.4255772161763))"
"07","Horta-Guinardó","35","el Guinardó","143","048","POLYGON ((431120.4598 4586333.2641, 430844.0509 4586437.5563, 430850.6295 4586352.0895, 430910.1875 4586319.4675, 430957.8635 4586292.8115, 431031.6835 4586253.2915, 431067.2715 4586233.0955, 431097.1875 4586288.0055, 431114.2415 4586320.4375, 431120.4598 4586333.2641))","POLYGON ((2.1756736113586 41.4256086517277, 2.17235404749056 41.4265242253413, 2.17244254586238 41.4257550239222, 2.17315897323206 41.4254663340684, 2.17373252856204 41.4252303521603, 2.17462039525232 41.4248807509004, 2.17504855531789 41.4247019073318, 2.17540028178357 41.4251990282022, 2.17560066163101 41.4254925940031, 2.1756736113586 41.4256086517277))"
"07","Horta-Guinardó","35","el Guinardó","143","049","POLYGON ((430859.0415 4586347.4635, 430850.6295 4586352.0895, 430856.3285 4586274.6965, 430858.2575 4586256.6895, 430867.5115 4586128.7865, 430913.9215 4586103.4195, 430944.1415 4586158.8235, 431002.8635 4586268.8055, 430957.8635 4586292.8115, 430910.1875 4586319.4675, 430859.0415 4586347.4635))","POLYGON ((2.17254373689382 41.4257140833037, 2.17244254586238 41.4257550239222, 2.17251959314092 41.4250584643424, 2.17254473533075 41.4248964479669, 2.17267009491616 41.4237452691054, 2.17322834041566 41.4235207901264, 2.17358362797726 41.4240223918843, 2.17427375543473 41.4250180050975, 2.17373252856204 41.4252303521603, 2.17315897323206 41.4254663340684, 2.17254373689382 41.4257140833037))"
"07","Horta-Guinardó","35","el Guinardó","143","050","POLYGON ((430981.6385 4586173.8195, 430958.7175 4586186.0515, 430913.9215 4586103.4195, 430935.0235 4586092.2195, 430977.5195 4586068.1895, 430955.8055 4586026.3855, 430927.0115 4585972.7535, 430898.1935 4585920.3285, 430902.0148 4585916.5351, 430903.8167 4585914.1329, 430905.1727 4585912.0716, 430907.1725 4585906.805, 430907.6868 4585901.7486, 430907.4934 4585899.0562, 430906.8152 4585896.3365, 430905.4737 4585893.7146, 430970.5895 4585858.8365, 431016.5255 4585941.9035, 431079.1455 4586057.2855, 431105.3395 4586106.4215, 431057.2655 4586132.9275, 431015.9865 4586154.5595, 430981.6385 4586173.8195))","POLYGON ((2.174030611681 41.4241606776514, 2.17375493795565 41.424268877318, 2.17322834041566 41.4235207901264, 2.17348212768999 41.423421730163, 2.17399338007425 41.4232089527986, 2.17373832303751 41.4228305735503, 2.17339990153358 41.422345054576, 2.17306105993163 41.4218704035588, 2.17310721815712 41.4218365664347, 2.17312905373197 41.4218150856578, 2.17314551481296 41.4217966368924, 2.17317004564253 41.4217493745146, 2.17317677731613 41.4217038775811, 2.17317477074713 41.421679611479, 2.1731669663126 41.4216550578046, 2.17315121384426 41.4216313279365, 2.17393435286568 41.4213227906594, 2.17447453261796 41.4220748905845, 2.17521068163077 41.4231194689824, 2.1755185210341 41.4235642659149, 2.17494024136944 41.4237988718404, 2.17444382374486 41.4239901599639, 2.174030611681 41.4241606776514))"
"07","Horta-Guinardó","35","el Guinardó","143","051","POLYGON ((430857.0035 4586268.3955, 430856.3285 4586274.6965, 430796.5795 4586156.5235, 430802.9735 4586066.2375, 430725.1437 4586038.0981, 430702.8635 4586004.7685, 430811.3685 4585944.3435, 430842.8735 4585927.3595, 430870.1345 4585912.0155, 430871.7941 4585914.6338, 430875.3155 4585918.3235, 430877.3995 4585919.8105, 430882.0405 4585921.9495, 430885.7895 4585922.7635, 430890.8975 4585922.7365, 430895.8435 4585921.4475, 430898.1935 4585920.3285, 430927.0115 4585972.7535, 430955.8055 4586026.3855, 430977.5195 4586068.1895, 430935.0235 4586092.2195, 430909.1495 4586105.9535, 430867.5115 4586128.7865, 430858.2575 4586256.6895, 430857.0035 4586268.3955))","POLYGON ((2.17252839096156 41.425001771659, 2.17251959314092 41.4250584643424, 2.17181814040966 41.4239889790797, 2.17190498370636 41.4231763571016, 2.17097689566715 41.4229162086572, 2.17071411118108 41.422614099828, 2.17201938466507 41.4220792255612, 2.17239830961349 41.4219289693536, 2.17272626270961 41.4217931176081, 2.17274582177968 41.4218168424783, 2.1727875362565 41.4218503772398, 2.17281230294602 41.4218639494049, 2.17286759160074 41.4218836138693, 2.17291235824757 41.4218912677816, 2.17297348249998 41.4218914639935, 2.17303281250646 41.4218802798635, 2.17306105993163 41.4218704035588, 2.17339990153358 41.422345054576, 2.17373832303751 41.4228305735503, 2.17399338007425 41.4232089527986, 2.17348212768999 41.423421730163, 2.17317094878979 41.4235432025644, 2.17267009491616 41.4237452691054, 2.17254473533075 41.4248964479669, 2.17252839096156 41.425001771659))"
"07","Horta-Guinardó","36","la Font d'en Fargues","144","052","POLYGON ((430667.0099 4586504.3559, 430646.4285 4586512.1215, 430698.0715 4586406.3015, 430724.6435 4586382.8625, 430738.2575 4586368.2655, 430746.2995 4586358.2295, 430755.9675 4586342.3175, 430759.8235 4586334.3675, 430764.7255 4586321.6735, 430733.0085 4586333.8575, 430660.7255 4586360.5215, 430647.2715 4586365.3035, 430640.2325 4586367.3875, 430604.4105 4586329.7215, 430562.6955 4586372.4055, 430560.0845 4586374.4395, 430556.1675 4586376.2995, 430553.0715 4586377.0835, 430549.0975 4586377.1295, 430544.8635 4586376.3455, 430541.9455 4586375.1115, 430538.9215 4586373.0275, 430535.2655 4586369.4875, 430533.9495 4586367.9615, 430531.1995 4586363.3655, 430530.0635 4586361.9895, 430525.7075 4586359.0275, 430557.3535 4586323.6615, 430587.5915 4586288.4865, 430589.7715 4586285.1115, 430593.3475 4586278.0975, 430594.5595 4586275.0175, 430595.9655 4586269.4895, 430596.2115 4586266.5175, 430595.5755 4586259.3115, 430585.3175 4586208.1915, 430584.1335 4586202.6655, 430582.4875 4586197.0175, 430578.4475 4586186.4525, 430576.3195 4586183.0255, 430573.4895 4586179.3915, 430570.275500001 4586176.1395, 430565.8603 4586172.38, 430576.6298 4586162.2396, 430579.4785 4586121.1745, 430584.2405 4586090.3145, 430590.1035 4586083.5215, 430596.5835 4586074.3995, 430603.7555 4586061.4135, 430610.9005 4586043.7315, 430612.5155 4586038.2695, 430614.0195 4586028.9795, 430612.8955 4586017.9475, 430561.6455 4585875.5575, 430560.2035 4585868.1055, 430560.8755 4585863.5655, 430564.1075 4585856.7355, 430569.8755 4585850.7375, 430576.1455 4585847.2425, 430583.6415 4585846.3495, 430598.3195 4585847.4435, 430649.4575 4585926.1575, 430659.6385 4585939.9565, 430725.1437 4586038.0981, 430802.9735 4586066.2375, 430796.5795 4586156.5235, 430856.3285 4586274.6965, 430844.0509 4586437.5563, 430667.0099 4586504.3559))","POLYGON ((2.17022780533314 41.4271106033061, 2.16998062262682 41.4271787684542, 2.17061075033817 41.4262301445874, 2.17093141142364 41.4260213302246, 2.17109599583887 41.4258910344114, 2.17119337996668 41.425801337242, 2.17131089424131 41.4256588572037, 2.17135794731302 41.4255875868817, 2.1714180603933 41.4254736792482, 2.17103712549627 41.4255806818363, 2.17016909730497 41.4258145986418, 2.17000755171448 41.4258565069178, 2.16992308051366 41.4258746689982, 2.16949873983634 41.4255323318409, 2.16899465827713 41.4259131658625, 2.1689631801469 41.4259312596372, 2.16891609372785 41.4259476733537, 2.1688789553779 41.4259544669022, 2.16883139519848 41.4259545376458, 2.16878081907281 41.425947110395, 2.16874604257244 41.4259357439298, 2.16871009528609 41.4259167126612, 2.16866675247443 41.425884513092, 2.16865117989399 41.4258706551913, 2.16861880010642 41.4258290229573, 2.16860536428113 41.4258165316093, 2.16855357864113 41.4257894772899, 2.16893633155971 41.4254736853381, 2.16930221020142 41.4251594906701, 2.16932868430188 41.4251292816752, 2.16937228111825 41.4250664181825, 2.16938713786968 41.4250387824942, 2.16940459706751 41.4249891153495, 2.16940788192006 41.4249623689166, 2.16940109846919 41.4248974122398, 2.16928421656366 41.424436107336, 2.16927068293227 41.424386234426, 2.16925163493766 41.4243352227855, 2.16920450440027 41.4242397187005, 2.16917943380216 41.4242086691094, 2.16914598673572 41.4241756944757, 2.1691079008304 41.4241461271768, 2.16905549947225 41.4241118851868, 2.16918553334825 41.4240214851274, 2.16922433576922 41.4236518733333, 2.16928486081891 41.4233743403342, 2.16935579740177 41.4233136648831, 2.16943438418665 41.4232320662546, 2.16952169467366 41.4231157257373, 2.16960922061835 41.4229570876949, 2.16962917237403 41.4229080329798, 2.16964823510923 41.4228244913038, 2.16963605124103 41.4227250331131, 2.16903914783756 41.4214381515761, 2.16902274898321 41.4213709095544, 2.16903131119523 41.4213300775396, 2.16907076838681 41.4212688415881, 2.16914047483787 41.4212153182882, 2.16921590058952 41.4211843819136, 2.16930569746572 41.4211769866623, 2.16948120345136 41.4211881079199, 2.17008407552524 41.4219014714649, 2.17020431678687 41.4220266326896, 2.17097689566715 41.4229162086572, 2.17190498370636 41.4231763571016, 2.17181814040966 41.4239889790797, 2.17251959314092 41.4250584643424, 2.17235404749056 41.4265242253413, 2.17022780533314 41.4271106033061))"
"07","Horta-Guinardó","36","la Font d'en Fargues","144","053","POLYGON ((430433.628 4586555.324, 430421.704 4586557.0201, 430424.2617 4586508.013, 430470.0876 4586490.7092, 430494.561 4586485.0633, 430494.1118 4586477.5859, 430483.0025 4586473.5015, 430470.0055 4586467.4215, 430453.2835 4586456.9015, 430444.3495 4586448.6255, 430446.9359 4586444.3174, 430448.0936 4586441.2902, 430448.0749 4586439.6221, 430443.1155 4586430.7315, 430441.2965 4586425.5815, 430439.6195 4586418.0735, 430438.9654 4586413.1121, 430439.2875 4586407.1815, 430440.7035 4586398.9955, 430448.3345 4586368.7515, 430455.3715 4586342.7035, 430456.2995 4586334.6315, 430455.4935 4586328.5775, 430453.3155 4586322.2695, 430449.7915 4586316.0055, 430445.6395 4586311.3675, 430441.3695 4586308.2115, 430438.7595 4586306.7415, 430435.5415 4586305.5215, 430427.3075 4586304.3035, 430418.0215 4586303.9555, 430412.4175 4586302.4185, 430412.215 4586298.7578, 430536.8275 4586253.5335, 430546.2675 4586247.8785, 430553.9035 4586239.7815, 430559.7015 4586229.7655, 430563.8375 4586216.6895, 430564.7734 4586208.9524, 430564.9375 4586203.6615, 430561.2835 4586191.9695, 430554.8341 4586181.0151, 430550.7386 4586177.4722, 430549.362 4586173.5119, 430551.0429 4586170.6664, 430555.6075 4586169.3235, 430559.1602 4586169.3282, 430562.2691 4586170.155, 430565.8603 4586172.38, 430570.275500001 4586176.1395, 430573.4895 4586179.3915, 430576.3195 4586183.0255, 430578.4475 4586186.4525, 430582.4875 4586197.0175, 430584.1335 4586202.6655, 430585.3175 4586208.1915, 430595.5755 4586259.3115, 430596.2115 4586266.5175, 430595.9655 4586269.4895, 430594.5595 4586275.0175, 430593.3475 4586278.0975, 430589.7715 4586285.1115, 430587.5915 4586288.4865, 430557.3535 4586323.6615, 430525.7075 4586359.0275, 430530.3975 4586362.3315, 430534.2095 4586368.2995, 430539.5215 4586373.5015, 430541.9455 4586375.1115, 430544.2675 4586376.1515, 430546.7075 4586376.7975, 430550.7495 4586377.2175, 430555.3055 4586376.6015, 430560.7835 4586373.9925, 430562.6955 4586372.4055, 430604.4105 4586329.7215, 430640.2325 4586367.3875, 430647.2715 4586365.3035, 430660.7255 4586360.5215, 430733.0085 4586333.8575, 430764.7255 4586321.6735, 430759.8235 4586334.3675, 430755.9675 4586342.3175, 430746.2995 4586358.2295, 430738.2575 4586368.2655, 430724.6435 4586382.8625, 430698.0715 4586406.3015, 430646.4285 4586512.1215, 430623.9645 4586517.8065, 430433.628 4586555.324))","POLYGON ((2.16742912561406 41.4275494759789, 2.16728623835893 41.427563719353, 2.16732248562901 41.4271225528009, 2.16787286121582 41.4269706719417, 2.1681663758851 41.4269219394274, 2.16816186007588 41.4268545544759, 2.16802938838771 41.4268168065288, 2.16787455689951 41.426760921436, 2.16767566067395 41.4266647242694, 2.16756970287873 41.4265894119878, 2.16760114894219 41.4265508345253, 2.167615350929 41.4265236699309, 2.1676153190466 41.4265086443738, 2.16755699468849 41.4264281407332, 2.16753581995752 41.4263815991492, 2.16751661579706 41.4263138322539, 2.16750935927752 41.4262690901828, 2.16751389602145 41.4262157034294, 2.16753178243279 41.4261420978717, 2.16762657815088 41.4258703624506, 2.16771378237465 41.4256363672812, 2.16772581566067 41.4255637461905, 2.16771686704234 41.4255091503445, 2.16769152973812 41.4254521480401, 2.16765008064205 41.4253954254902, 2.16760092967945 41.4253532933149, 2.16755019625607 41.425324498711, 2.16751913310403 41.4253110329854, 2.16748076564234 41.4252997662572, 2.16738237460433 41.4252880831385, 2.16727129485528 41.4252841445747, 2.16720441216335 41.4252698159882, 2.16720241027838 41.4252368279198, 2.16869876533668 41.424840294377, 2.16881237678204 41.4247901781153, 2.16890468134616 41.4247179116214, 2.16897521208878 41.4246282024706, 2.1690262061257 41.4245107893571, 2.16903829379905 41.4244411851006, 2.16904086501935 41.4243935461384, 2.16899848312678 41.4242879248693, 2.16892256639536 41.4241887052341, 2.16887396581125 41.4241564416324, 2.16885794803611 41.4241206536961, 2.16887838878395 41.424095170658, 2.16893316376634 41.4240834702439, 2.16897567541401 41.4240838196658, 2.16901278207406 41.424091535059, 2.16905549947225 41.4241118851868, 2.1691079008304 41.4241461271768, 2.16914598673572 41.4241756944757, 2.16917943380216 41.4242086691094, 2.16920450440027 41.4242397187005, 2.16925163493766 41.4243352227855, 2.16927068293227 41.424386234426, 2.16928421656366 41.424436107336, 2.16940109846919 41.4248974122398, 2.16940788192006 41.4249623689166, 2.16940459706751 41.4249891153495, 2.16938713786968 41.4250387824942, 2.16937228111825 41.4250664181825, 2.16932868430188 41.4251292816752, 2.16930221020142 41.4251594906701, 2.16893633155971 41.4254736853381, 2.16855357864113 41.4257894772899, 2.1686093217908 41.4258196407571, 2.16865425234836 41.425873721912, 2.16871722073121 41.4259210336795, 2.16874604257244 41.4259357439298, 2.16877370932173 41.4259453115803, 2.16880283338596 41.4259513408175, 2.16885115375869 41.4259554730499, 2.16890574391382 41.4259503188365, 2.16897159606868 41.4259272940994, 2.16899465827713 41.4259131658625, 2.16949873983634 41.4255323318409, 2.16992308051366 41.4258746689982, 2.17000755171448 41.4258565069178, 2.17016909730497 41.4258145986418, 2.17103712549627 41.4255806818363, 2.1714180603933 41.4254736792482, 2.17135794731302 41.4255875868817, 2.17131089424131 41.4256588572037, 2.17119337996668 41.425801337242, 2.17109599583887 41.4258910344114, 2.17093141142364 41.4260213302246, 2.17061075033817 41.4262301445874, 2.16998062262682 41.4271787684542, 2.16971114956402 41.4272280313009, 2.16742912561406 41.4275494759789))"
"07","Horta-Guinardó","36","la Font d'en Fargues","144","054","POLYGON ((430244.6675 4586582.201, 430231.2957 4586585.034, 430228.5035 4586567.4115, 430226.8895 4586554.9755, 430226.4535 4586546.1095, 430227.8935 4586523.2995, 430229.2595 4586511.3455, 430228.8995 4586488.6775, 430223.5955 4586463.8395, 430214.2795 4586448.9865, 430208.6155 4586439.0815, 430205.7575 4586431.5375, 430203.7115 4586424.3595, 430202.0675 4586415.6695, 430202.2975 4586407.9735, 430203.4055 4586399.0615, 430205.2715 4586391.5615, 430208.1455 4586384.4315, 430213.3395 4586375.5175, 430220.9555 4586366.4135, 430231.2335 4586356.6695, 430240.1275 4586351.1495, 430282.696000001 4586343.9115, 430264.0975 4586208.7475, 430254.2615 4586134.1655, 430243.7135 4586061.1455, 430231.0155 4585966.4175, 430228.1497 4585941.8695, 430262.6705 4585888.1425, 430269.9275 4585891.8355, 430274.5785 4585893.0675, 430279.5575 4585892.3395, 430285.3995 4585890.5215, 430306.0645 4585880.9946, 430319.564 4585876.0047, 430340.92 4585860.4672, 430346.8864 4585858.6437, 430353.2238 4585858.0797, 430361.2235 4585860.9235, 430369.9695 4585871.3975, 430377.402 4585881.9296, 430388.957 4585904.1666, 430399.3255 4585931.1735, 430402.2315 4585941.0555, 430406.1455 4585949.0775, 430410.1355 4585953.2755, 430412.6715 4585955.2615, 430416.2335 4585959.1635, 430420.3505 4585961.5275, 430425.8155 4585963.3635, 430442.9815 4585967.0155, 430458.3755 4585971.0075, 430462.9755 4585971.8295, 430466.9215 4585973.8075, 430476.3125 4585976.8255, 430479.0195 4585977.1935, 430487.2855 4585976.9655, 430492.5375 4585977.7635, 430494.4535 4585978.7275, 430495.3435 4585980.2715, 430495.0275 4585983.1995, 430493.6455 4585985.4855, 430484.7415 4585991.8035, 430479.6255 4585993.4955, 430474.7175 4585994.0995, 430466.9215 4585994.3575, 430454.1555 4585993.2575, 430444.9695 4585993.7195, 430441.5655 4585994.2575, 430425.8535 4585998.4715, 430414.1195 4586000.4895, 430402.5475 4586000.8915, 430390.5435 4585999.7775, 430389.5975 4586000.2635, 430389.0295 4586000.9895, 430388.7895 4586001.8995, 430388.9875 4586002.8075, 430392.3155 4586005.0155, 430399.3955 4586007.6655, 430407.0955 4586010.0595, 430427.4865 4586015.3755, 430434.2015 4586017.4115, 430435.9315 4586018.3755, 430440.9875 4586023.7815, 430452.0735 4586038.3355, 430460.9105 4586052.0155, 430467.6235 4586061.2515, 430470.4015 4586064.4495, 430476.9355 4586070.9455, 430480.1455 4586073.1695, 430485.7675 4586075.0975, 430489.2205 4586075.6695, 430494.8615 4586075.9215, 430501.4115 4586075.5635, 430510.3755 4586074.0855, 430536.8615 4586066.9455, 430541.7855 4586066.1675, 430546.7395 4586065.9495, 430553.7555 4586066.3555, 430559.2475 4586067.5135, 430565.2955 4586070.0855, 430569.7365 4586073.0675, 430575.133500001 4586078.8995, 430584.2405 4586090.3145, 430579.4785 4586121.1745, 430576.6298 4586162.2396, 430565.8603 4586172.38, 430562.2691 4586170.155, 430559.1602 4586169.3282, 430555.6075 4586169.3235, 430551.0429 4586170.6664, 430549.362 4586173.5119, 430550.7386 4586177.4722, 430554.8341 4586181.0151, 430561.2835 4586191.9695, 430564.9375 4586203.6615, 430564.7734 4586208.9524, 430563.8375 4586216.6895, 430559.7015 4586229.7655, 430553.9035 4586239.7815, 430546.2675 4586247.8785, 430536.8275 4586253.5335, 430412.215 4586298.7578, 430412.4175 4586302.4185, 430418.0215 4586303.9555, 430427.3075 4586304.3035, 430435.5415 4586305.5215, 430438.7595 4586306.7415, 430441.3695 4586308.2115, 430445.6395 4586311.3675, 430449.7915 4586316.0055, 430453.3155 4586322.2695, 430455.4935 4586328.5775, 430456.2995 4586334.6315, 430455.3715 4586342.7035, 430448.3345 4586368.7515, 430440.7035 4586398.9955, 430439.2875 4586407.1815, 430438.9654 4586413.1121, 430439.6195 4586418.0735, 430441.2965 4586425.5815, 430443.1155 4586430.7315, 430448.0749 4586439.6221, 430448.0936 4586441.2902, 430446.9359 4586444.3174, 430444.3495 4586448.6255, 430453.2835 4586456.9015, 430470.0055 4586467.4215, 430483.0025 4586473.5015, 430494.1118 4586477.5859, 430494.561 4586485.0633, 430470.0876 4586490.7092, 430424.2617 4586508.013, 430421.704 4586557.0201, 430244.6675 4586582.201))","POLYGON ((2.16516477396371 41.4277751598239, 2.16500442898427 41.4277995142412, 2.16497304895444 41.4276405527466, 2.1649551697591 41.4275284063605, 2.16495097545912 41.4274485158892, 2.16497084001555 41.427243200198, 2.16498856609488 41.4271356538285, 2.16498687402173 41.4269314607173, 2.16492626933765 41.4267072938225, 2.16481650258955 41.4265727093746, 2.16474986709035 41.4264830068266, 2.16471653743336 41.4264148126477, 2.16469288244524 41.4263499854302, 2.16467421260695 41.426271575141, 2.16467785335404 41.4262022802479, 2.16469214107652 41.4261221096006, 2.16471533638121 41.4260547221429, 2.16475055115925 41.4259907547002, 2.16481373403363 41.4259109209978, 2.16490592147379 41.425829586387, 2.16503003724138 41.4257427186653, 2.16513710377717 41.4256937745548, 2.16564733210652 41.4256322801379, 2.16544036313845 41.4244132958033, 2.16533126600516 41.4237407105159, 2.16521347105911 41.423082131584, 2.16507245630131 41.4222278501145, 2.16504099690886 41.4220065067826, 2.1654602604672 41.4215256052471, 2.16554666961612 41.4215594965541, 2.16560217999409 41.4215709963517, 2.16566184110199 41.4215648716094, 2.16573195424148 41.4215490045022, 2.16598032309966 41.4214649921486, 2.16614242864715 41.4214212208881, 2.16639975709057 41.4212831323412, 2.16647135891251 41.4212672260271, 2.16654725490293 41.4212626956697, 2.16664264895389 41.4212890021128, 2.1667460945346 41.4213840954919, 2.16683381680896 41.421479598244, 2.16696952061467 41.4216808797428, 2.16709047891313 41.4219250189902, 2.16712411413156 41.4220142741788, 2.1671700250107 41.4220868643526, 2.16721728543636 41.4221250197642, 2.16724740217162 41.4221431265721, 2.16728957537629 41.4221785789234, 2.16733856661293 41.4222002271381, 2.16740374854881 41.4222172365685, 2.16760873369378 41.4222516150963, 2.16779247651237 41.4222889021366, 2.1678474248111 41.4222967037286, 2.16789441455 41.4223148603514, 2.16800643874253 41.4223428550426, 2.16803878796733 41.4223464037243, 2.16813772382175 41.4223450654364, 2.16820047669995 41.4223527071126, 2.16822329245677 41.4223615552581, 2.16823376459934 41.4223755384822, 2.16822964686084 41.4224018825429, 2.16821284730549 41.4224223521279, 2.16810557705607 41.4224784856215, 2.16804416517269 41.4224932821558, 2.16798536724999 41.4224982974494, 2.16789205167091 41.4224999464798, 2.16773942189442 41.4224889342397, 2.16762945030745 41.4224923000855, 2.16758865661378 41.4224968509445, 2.16740016408597 41.4225334443858, 2.16725952431586 41.422550603527, 2.16712100893115 41.4225532218275, 2.16697749878473 41.4225421484932, 2.16696612312416 41.4225464437478, 2.16695924293628 41.422552933342, 2.16695626637412 41.4225611085734, 2.16695853109641 41.4225693037415, 2.16699809938718 41.4225894787061, 2.16708251283763 41.422613959632, 2.16717437466665 41.4226361885066, 2.16741775958086 41.4226858337508, 2.16749787639555 41.4227047527001, 2.16751846651841 41.4227135848796, 2.16757834431106 41.4227627124451, 2.1677093246228 41.4228947545834, 2.16781349451276 41.4230187301255, 2.16789276003317 41.423102496317, 2.16792563381791 41.423131539922, 2.16800307272223 41.4231906123996, 2.16804122788885 41.4232109209044, 2.16810827910774 41.4232287721388, 2.16814953196692 41.4232342226917, 2.168217003235 41.4232369804058, 2.16829542171611 41.4232343226741, 2.16840285483225 41.4232217862716, 2.16872060658769 41.4231597694291, 2.16877961649952 41.4231531879959, 2.16883892106125 41.4231516528358, 2.16892282783341 41.4231559160222, 2.16898841208833 41.4231668204066, 2.16906048709931 41.4231905081756, 2.16911328572016 41.4232177497399, 2.16917719668802 41.4232707427764, 2.16928486081891 41.4233743403342, 2.16922433576922 41.4236518733333, 2.16918553334825 41.4240214851274, 2.16905549947225 41.4241118851868, 2.16901278207406 41.424091535059, 2.16897567541401 41.4240838196658, 2.16893316376634 41.4240834702439, 2.16887838878395 41.424095170658, 2.16885794803611 41.4241206536961, 2.16887396581125 41.4241564416324, 2.16892256639536 41.4241887052341, 2.16899848312678 41.4242879248693, 2.16904086501935 41.4243935461384, 2.16903829379905 41.4244411851006, 2.1690262061257 41.4245107893571, 2.16897521208878 41.4246282024706, 2.16890468134616 41.4247179116214, 2.16881237678204 41.4247901781153, 2.16869876533668 41.424840294377, 2.16720241027838 41.4252368279198, 2.16720441216335 41.4252698159882, 2.16727129485528 41.4252841445747, 2.16738237460433 41.4252880831385, 2.16748076564234 41.4252997662572, 2.16751913310403 41.4253110329854, 2.16755019625607 41.425324498711, 2.16760092967945 41.4253532933149, 2.16765008064205 41.4253954254902, 2.16769152973812 41.4254521480401, 2.16771686704234 41.4255091503445, 2.16772581566067 41.4255637461905, 2.16771378237465 41.4256363672812, 2.16762657815088 41.4258703624506, 2.16753178243279 41.4261420978717, 2.16751389602145 41.4262157034294, 2.16750935927752 41.4262690901828, 2.16751661579706 41.4263138322539, 2.16753581995752 41.4263815991492, 2.16755699468849 41.4264281407332, 2.1676153190466 41.4265086443738, 2.167615350929 41.4265236699309, 2.16760114894219 41.4265508345253, 2.16756970287873 41.4265894119878, 2.16767566067395 41.4266647242694, 2.16787455689951 41.426760921436, 2.16802938838771 41.4268168065288, 2.16816186007588 41.4268545544759, 2.1681663758851 41.4269219394274, 2.16787286121582 41.4269706719417, 2.16732248562901 41.4271225528009, 2.16728623835893 41.427563719353, 2.16516477396371 41.4277751598239))"
"07","Horta-Guinardó","36","la Font d'en Fargues","145","055","POLYGON ((430192.8157 4586593.1865, 430183.422 4586595.1767, 430015.7285 4586421.7665, 430014.5085 4586371.6235, 430011.2535 4586325.3955, 430012.2075 4586295.2115, 430014.6075 4586247.6295, 430017.9055 4586163.5375, 430074.0455 4586173.0775, 430127.5235 4586182.6475, 430264.0975 4586208.7475, 430282.696000001 4586343.9115, 430240.1275 4586351.1495, 430231.2335 4586356.6695, 430220.9555 4586366.4135, 430213.3395 4586375.5175, 430208.1455 4586384.4315, 430205.2715 4586391.5615, 430203.4055 4586399.0615, 430202.2975 4586407.9735, 430202.0675 4586415.6695, 430203.7115 4586424.3595, 430205.7575 4586431.5375, 430208.6155 4586439.0815, 430214.2795 4586448.9865, 430223.5955 4586463.8395, 430228.8995 4586488.6775, 430229.2595 4586511.3455, 430227.8935 4586523.2995, 430226.4535 4586546.1095, 430226.8895 4586554.9755, 430228.5035 4586567.4115, 430231.2957 4586585.034, 430192.8157 4586593.1865))","POLYGON ((2.16454300393612 41.4278695974793, 2.16443036115571 41.4278867060254, 2.16244367250881 41.4263102762652, 2.16243487744243 41.4258585517366, 2.16240127767753 41.4254419107477, 2.16241618743658 41.4251701384326, 2.16245041402499 41.4247417951084, 2.16249961122079 41.4239846986649, 2.16317028635682 41.4240755101187, 2.1638091060331 41.4241663563568, 2.16544036313845 41.4244132958033, 2.16564733210652 41.4256322801379, 2.16513710377717 41.4256937745548, 2.16503003724138 41.4257427186653, 2.16490592147379 41.425829586387, 2.16481373403363 41.4259109209978, 2.16475055115925 41.4259907547002, 2.16471533638121 41.4260547221429, 2.16469214107652 41.4261221096006, 2.16467785335404 41.4262022802479, 2.16467421260695 41.426271575141, 2.16469288244524 41.4263499854302, 2.16471653743336 41.4264148126477, 2.16474986709035 41.4264830068266, 2.16481650258955 41.4265727093746, 2.16492626933765 41.4267072938225, 2.16498687402173 41.4269314607173, 2.16498856609488 41.4271356538285, 2.16497084001555 41.427243200198, 2.16495097545912 41.4274485158892, 2.1649551697591 41.4275284063605, 2.16497304895444 41.4276405527466, 2.16500442898427 41.4277995142412, 2.16454300393612 41.4278695974793))"
"07","Horta-Guinardó","36","la Font d'en Fargues","145","056","POLYGON ((430254.2635 4586134.1845, 430264.0975 4586208.7475, 430127.5235 4586182.6475, 430074.0455 4586173.0775, 430017.9355 4586163.5435, 429951.0495 4586151.2795, 429928.9415 4586144.2655, 429874.1135 4586127.6875, 429896.9895 4586054.9895, 429920.7055 4585974.4655, 429999.1495 4585993.0335, 430026.1455 4585905.6445, 430060.1556 4585899.522, 430063.9795 4585893.9655, 430080.9405 4585833.8705, 430095.4908 4585844.1578, 430099.1949 4585846.0099, 430103.4944 4585846.936, 430107.5293 4585847.1344, 430111.4981 4585846.6714, 430117.3189 4585844.1578, 430123.8695 4585838.7135, 430135.2533 4585830.1508, 430140.082 4585827.0419, 430157.862 4585822.6472, 430181.1666 4585819.1335, 430209.0008 4585813.99, 430206.9688 4585798.0303, 430207.5165 4585790.8465, 430212.5865 4585793.8435, 430214.4585 4585795.7895, 430216.0145 4585797.9865, 430219.6684 4585805.0123, 430223.3882 4585818.7481, 430225.7135 4585832.4575, 430231.9855 4585854.9815, 430233.3315 4585858.1415, 430236.3135 4585862.3855, 430242.5875 4585867.9815, 430252.6195 4585875.6815, 430259.3655 4585881.5035, 430261.7435 4585884.4495, 430262.4695 4585886.5475, 430262.6705 4585888.1425, 430228.1497 4585941.8695, 430231.0155 4585966.4175, 430243.7135 4586061.1455, 430254.2635 4586134.1845))","POLYGON ((2.16533128774585 41.4237408818152, 2.16544036313845 41.4244132958033, 2.1638091060331 41.4241663563568, 2.16317028635682 41.4240755101187, 2.16249996951014 41.4239847553178, 2.1617010240853 41.4238684690709, 2.16143729030923 41.4238033687676, 2.16078313622773 41.4236492732857, 2.16106529964958 41.4229965074317, 2.161358415524 41.4222733283039, 2.16229491215095 41.4224474015635, 2.16262805372009 41.4216626743536, 2.16303571644876 41.4216104926635, 2.16308211462763 41.4215607802716, 2.16329201237076 41.4210210039103, 2.16346492611551 41.4211149237431, 2.16350903382947 41.4211319271621, 2.1635603729125 41.4211406422345, 2.16360863000917 41.4211427801519, 2.16365617261556 41.4211389553232, 2.16372611247075 41.421116822591, 2.16380512339027 41.4210683575938, 2.16394232650392 41.4209922265897, 2.16400046382367 41.42096464578, 2.16421371928211 41.420926610145, 2.16449297773891 41.4208969890348, 2.16482662323148 41.4208530817209, 2.16480415100513 41.4207091622649, 2.16481153354269 41.4206445080844, 2.1648718528945 41.4206719413078, 2.16489402780848 41.4206896307855, 2.16491239266458 41.4207095534751, 2.16495530287553 41.4207731495319, 2.16499822752884 41.4208971857164, 2.16502446937396 41.4210208630087, 2.16509691911337 41.4212242727644, 2.16511266030457 41.4212528505615, 2.16514785224488 41.4212913335874, 2.16522227918491 41.421342279378, 2.16534143052936 41.4214125012897, 2.16542147949417 41.4214655234234, 2.16544959414118 41.4214922633371, 2.16545803929213 41.4215112222417, 2.1654602604672 41.4215256052471, 2.16504099690886 41.4220065067826, 2.16507245630131 41.4222278501145, 2.16521347105911 41.423082131584, 2.16533128774585 41.4237408818152))"
"07","Horta-Guinardó","36","la Font d'en Fargues","145","057","POLYGON ((430136.9981 4586606.6657, 430130.6875 4586609.3415, 430124.0785 4586601.3275, 430095.7815 4586584.6415, 430057.7965 4586560.9925, 430008.9515 4586535.2735, 429979.4075 4586521.0115, 429925.9595 4586492.0915, 429875.5435 4586464.1115, 429816.0075 4586431.5955, 429792.3975 4586420.9315, 429745.4815 4586398.8655, 429739.5755 4586394.9075, 429714.8135 4586376.7735, 429693.2675 4586360.7735, 429688.6975 4586356.9809, 429671.8885 4586337.5435, 429680.4105 4586287.6115, 429686.4755 4586276.8015, 429690.1435 4586255.3535, 429691.4295 4586242.5295, 429691.5795 4586233.6375, 429691.4655 4586228.0455, 429689.6135 4586212.3915, 429722.5575 4586233.4935, 429769.3995 4586262.6315, 429772.0115 4586263.9525, 429790.4735 4586270.5655, 429796.1956 4586274.97, 429826.2092 4586283.3726, 429828.9695 4586275.8055, 429833.2535 4586262.3215, 429874.1135 4586127.6875, 429928.9415 4586144.2655, 429951.0495 4586151.2795, 430017.9055 4586163.5375, 430014.6075 4586247.6295, 430012.2075 4586295.2115, 430011.2535 4586325.3955, 430014.5085 4586371.6235, 430015.7285 4586421.7665, 430183.422 4586595.1767, 430165.8916 4586598.0662, 430148.826 4586602.1011, 430136.9981 4586606.6657))","POLYGON ((2.16387348581419 41.4279861466191, 2.16379765847919 41.4280096976141, 2.16371949571712 41.4279369437848, 2.16338279901369 41.4277841975218, 2.16293097511856 41.4275678938071, 2.16234943505112 41.4273319984962, 2.16199754150212 41.4272009715759, 2.16136129657263 41.4269358399384, 2.16076123060573 41.4266794357086, 2.16005256086534 41.4263813776946, 2.15977126875872 41.4262832682022, 2.15921241068259 41.4260804268897, 2.1591421964787 41.4260442622404, 2.15884799020665 41.425878770465, 2.15859202133211 41.4257327794942, 2.15853777576303 41.4256982210964, 2.15833889295583 41.4255216848824, 2.1584466776346 41.4250727134478, 2.15852051039183 41.4249758829834, 2.15856689675396 41.4247830304848, 2.15858377651082 41.4246676424068, 2.15858660538172 41.4245875688531, 2.15858589145212 41.4245371939719, 2.15856555025902 41.4243960425773, 2.15895731182694 41.4245889824338, 2.15951444946335 41.4248555131243, 2.15954555194821 41.424867639186, 2.15976570551732 41.4249288135529, 2.15983366643869 41.4249689831974, 2.16019184295895 41.4250472843676, 2.16022575175108 41.4249793716177, 2.16027858012744 41.4248583007731, 2.16078313622773 41.4236492732857, 2.16143729030923 41.4238033687676, 2.1617010240853 41.4238684690709, 2.16249961122079 41.4239846986649, 2.16245041402499 41.4247417951084, 2.16241618743658 41.4251701384326, 2.16240127767753 41.4254419107477, 2.16243487744243 41.4258585517366, 2.16244367250881 41.4263102762652, 2.16443036115571 41.4278867060254, 2.16422024376891 41.4279112067588, 2.16401555608491 41.4279460636927, 2.16387348581419 41.4279861466191))"
"07","Horta-Guinardó","36","la Font d'en Fargues","145","058","POLYGON ((429828.9695 4586275.8055, 429826.2092 4586283.3726, 429796.1956 4586274.97, 429790.4735 4586270.5655, 429772.0115 4586263.9525, 429769.3995 4586262.6315, 429722.5575 4586233.4935, 429689.6135 4586212.3915, 429690.4995 4586198.6075, 429692.4515 4586189.8785, 429698.8695 4586169.7915, 429706.6015 4586144.1835, 429708.9035 4586134.8995, 429725.1675 4586082.0395, 429654.6875 4586060.5595, 429664.7315 4585991.5695, 429679.7735 4585900.1575, 429688.0135 4585901.3215, 429694.6655 4585900.8815, 429732.5005 4585871.5185, 429775.1775 4585939.6345, 429777.4995 4585941.4995, 429920.7055 4585974.4655, 429896.9895 4586054.9895, 429874.1135 4586127.6875, 429828.9695 4586275.8055))","POLYGON ((2.16022575175108 41.4249793716177, 2.16019184295895 41.4250472843676, 2.15983366643869 41.4249689831974, 2.15976570551732 41.4249288135529, 2.15954555194821 41.424867639186, 2.15951444946335 41.4248555131243, 2.15895731182694 41.4245889824338, 2.15856555025902 41.4243960425773, 2.15857775506528 41.4242719731477, 2.15860212797041 41.4241935253695, 2.15868126208464 41.4240131714367, 2.158776760992 41.4237832069671, 2.1588053861024 41.4236997910952, 2.15900614524013 41.4232251249368, 2.15816528220063 41.4230254950438, 2.15829349230189 41.4224050089745, 2.15848411169271 41.4215830140643, 2.15858257349926 41.4215942189017, 2.15866222031808 41.4215908381057, 2.15911835334073 41.4213296870024, 2.15962110075631 41.4219469122749, 2.15964866864764 41.4219639125479, 2.161358415524 41.4222733283039, 2.16106529964958 41.4229965074317, 2.16078313622773 41.4236492732857, 2.16022575175108 41.4249793716177))"
"07","Horta-Guinardó","37","el Carmel","146","059","POLYGON ((430026.1455 4585905.6445, 429999.1495 4585993.0335, 429920.7055 4585974.4655, 429777.4995 4585941.4995, 429775.1775 4585939.6345, 429732.5005 4585871.5185, 429691.5115 4585857.2765, 429689.3175 4585855.9675, 429686.3095 4585852.6575, 429681.1135 4585842.8615, 429678.3285 4585835.2895, 429676.0405 4585823.4575, 429674.9265 4585779.1175, 429675.525500001 4585775.1895, 429678.1295 4585768.6315, 429678.7635 4585765.7395, 429678.5755 4585762.2875, 429677.4035 4585759.0255, 429674.4935 4585754.1835, 429670.8535 4585748.9815, 429663.0235 4585739.5995, 429654.5465 4585730.9855, 429649.2235 4585726.3355, 429638.7935 4585718.8255, 429628.7935 4585712.7615, 429624.275500001 4585710.5215, 429618.8515 4585708.1735, 429602.8885 4585702.3875, 429613.1585 4585603.5885, 429615.4115 4585604.9615, 429621.7155 4585609.7715, 429630.7675 4585618.8495, 429679.5955 4585670.6135, 429685.2835 4585675.8635, 429691.7655 4585681.0735, 429698.4955 4585685.6815, 429737.7735 4585708.2715, 429741.3215 4585711.1835, 429744.2525 4585714.2835, 429746.9355 4585718.3775, 429758.9895 4585739.1175, 429766.4035 4585749.8415, 429774.8075 4585759.3775, 429779.5935 4585763.4875, 429785.9215 4585767.8175, 429804.7835 4585779.6675, 429849.4915 4585806.3835, 429855.9215 4585811.0915, 429859.4075 4585815.3735, 429862.1975 4585821.1695, 429863.2175 4585830.6455, 429860.6995 4585839.6755, 429856.2695 4585849.9155, 429853.3955 4585860.1415, 429853.0035 4585868.3255, 429855.0455 4585875.1755, 429858.6455 4585881.5075, 429863.2235 4585886.3375, 429869.1875 4585889.5055, 429877.9495 4585891.2235, 429885.1895 4585891.0075, 429891.5465 4585890.1095, 429905.3175 4585887.4455, 429919.4645 4585883.7815, 429934.0245 4585878.1855, 430023.8929 4585837.4724, 430048.1955 4585827.8335, 430053.9795 4585826.6535, 430058.5195 4585826.3755, 430063.3015 4585826.5075, 430066.1835 4585826.9315, 430070.8885 4585828.4235, 430074.7255 4585830.2415, 430080.9405 4585833.8705, 430063.9795 4585893.9655, 430060.1556 4585899.522, 430026.1455 4585905.6445))","POLYGON ((2.16262805372009 41.4216626743536, 2.16229491215095 41.4224474015635, 2.161358415524 41.4222733283039, 2.15964866864764 41.4219639125479, 2.15962110075631 41.4219469122749, 2.15911835334073 41.4213296870024, 2.15862955001899 41.4211978291189, 2.158603449674 41.4211858474786, 2.15856784198963 41.4211557723804, 2.15850680778171 41.4210670889417, 2.1584743641046 41.4209986471823, 2.15844836273055 41.4208918807774, 2.15844018903276 41.4204924303987, 2.15844781309494 41.42045710488, 2.15847973369537 41.4203982674712, 2.15848765605594 41.4203722758558, 2.15848580792732 41.4203411685985, 2.15847216371664 41.4203116864747, 2.15843790731732 41.4202678217938, 2.15839495806827 41.4202206508279, 2.15830235992715 41.4201354654531, 2.1582019310931 41.4200571404332, 2.15813878020569 41.4200147936707, 2.1580148549539 41.4199462407819, 2.15789590682098 41.4198907489725, 2.15784210797433 41.4198701784706, 2.1577774811212 41.4198485558709, 2.15758715168653 41.4197950452373, 2.15772153354423 41.418906101334, 2.15774833131592 41.4189186647598, 2.15782320012864 41.4189625387133, 2.15793045284567 41.4190450934805, 2.15850867154717 41.4195155862213, 2.15857611978011 41.4195633686878, 2.1586530732185 41.4196108603283, 2.15873306414285 41.4196529516388, 2.15920041363668 41.4198598465589, 2.15924252844894 41.4198863840527, 2.15927723882507 41.4199145608246, 2.1593088663575 41.4199516684711, 2.15945068827661 41.420139519381, 2.15953815447924 41.4202367543512, 2.15963760467697 41.4203233759327, 2.15969439409706 41.4203608113823, 2.15976960877827 41.4204003630114, 2.15999392589829 41.4205087394144, 2.16052577975101 41.4207532646588, 2.16060217203757 41.420796229154, 2.16064338727551 41.4208350997847, 2.16067609895765 41.4208875456521, 2.16068720487356 41.420972981328, 2.16065602831166 41.4210540912064, 2.16060183310952 41.4211459321522, 2.16056625787373 41.421237782827, 2.16056061808695 41.4213114586924, 2.16058425738646 41.4213733322431, 2.16062659929359 41.4214306763806, 2.16068081788546 41.4214745779506, 2.16075181369882 41.4215036314924, 2.16085645764916 41.4215198696118, 2.16094311412739 41.4215185560336, 2.16101928398158 41.4215110228324, 2.1611843719525 41.4214882307564, 2.16135407478126 41.4214564646281, 2.16152894309918 41.4214073334913, 2.16260898786748 41.4210484783914, 2.16290089764062 41.4209637807603, 2.16297024298367 41.4209536565057, 2.16302459882341 41.4209515478868, 2.16308180291521 41.4209531530194, 2.16311623865985 41.4209572226804, 2.16317236415602 41.420971070063, 2.16321806586302 41.4209877780336, 2.16329201237076 41.4210210039103, 2.16308211462763 41.4215607802716, 2.16303571644876 41.4216104926635, 2.16262805372009 41.4216626743536))"
"07","Horta-Guinardó","37","el Carmel","146","060","POLYGON ((429885.1895 4585891.0075, 429877.9495 4585891.2235, 429869.1875 4585889.5055, 429863.2235 4585886.3375, 429858.6455 4585881.5075, 429855.0455 4585875.1755, 429853.0035 4585868.3255, 429853.3955 4585860.1415, 429856.2695 4585849.9155, 429860.6995 4585839.6755, 429863.2175 4585830.6455, 429862.1975 4585821.1695, 429859.4075 4585815.3735, 429855.9215 4585811.0915, 429849.4915 4585806.3835, 429804.7835 4585779.6675, 429785.9215 4585767.8175, 429779.5935 4585763.4875, 429774.8075 4585759.3775, 429766.4035 4585749.8415, 429758.9895 4585739.1175, 429746.9355 4585718.3775, 429744.2525 4585714.2835, 429741.3215 4585711.1835, 429737.7735 4585708.2715, 429698.4955 4585685.6815, 429691.7655 4585681.0735, 429685.2835 4585675.8635, 429679.5955 4585670.6135, 429630.7675 4585618.8495, 429621.7155 4585609.7715, 429615.4115 4585604.9615, 429574.6655 4585579.9095, 429585.3035 4585530.2835, 429587.9775 4585520.1455, 429591.5815 4585511.5315, 429682.7905 4585395.4955, 429690.4115 4585387.7735, 429695.5495 4585383.8015, 429702.6765 4585391.0715, 429761.8655 4585464.7815, 429767.6875 4585469.9675, 429774.2055 4585474.3795, 429780.4835 4585477.2735, 429787.7655 4585479.8275, 429795.8955 4585480.9575, 429804.3915 4585480.2735, 429813.6235 4585477.9335, 429821.6935 4585474.8955, 429832.0875 4585468.6935, 429859.3775 4585450.6495, 429875.2335 4585441.0825, 429876.7405 4585444.6295, 429877.2012 4585447.0298, 429884.3738 4585467.5158, 429883.4274 4585468.0274, 429882.2402 4585470.3418, 429879.8552 4585478.4972, 429859.9746775 4585489.796496, 429869.2438 4585505.2598, 429877.3012 4585517.9818, 429868.5477 4585529.6876, 429870.8953 4585533.5414, 429877.403 4585531.013, 429884.088 4585529.021, 429887.259 4585528.452, 429891.243 4585528.287, 429895.327 4585529.416, 429902.93 4585532.501, 429906.108 4585545.253, 429907.971 4585549.098, 429909.342 4585554.899, 429915.98 4585570.217, 429924.191 4585582.621, 429941.1127 4585601.4923, 429940.0485 4585603.4285, 429934.561 4585602.663, 429928.757 4585604.784, 429917.191 4585602.266, 429911.4465 4585601.4059, 429910.036 4585610.221, 429911.636 4585613.251, 429913.95 4585613.456, 429913.3819 4585617.5927, 429918.2012 4585622.4359, 429915.6105 4585624.9682, 429914.858 4585630.924, 429914.914 4585632.305, 429915.426 4585633.645, 429916.921 4585635.078, 429918.614 4585635.652, 429919.566 4585635.409, 429922.728 4585633.575, 429926.007 4585633.04, 429937.994 4585633.709, 429945.833 4585637.006, 429969.5332 4585650.1465, 429986.124 4585660.206, 429992.973 4585664.005, 429993.516 4585661.574, 430000.203 4585663.758, 430001.7297 4585663.9154, 430011.468019 4585676.176998, 430022.107029 4585692.9949875, 430027.6133 4585700.4468, 430019.1352 4585706.0178, 429999.2432 4585715.4582, 429994.3892 4585717.1898, 429982.3138 4585720.6198, 429975.8102 4585721.7652, 429970.6732 4585721.8072, 429968.6118 4585721.4192, 429962.2478 4585719.3562, 429960.5951 4585718.0114, 429960.3367215 4585717.4729535, 429945.3856 4585714.9718, 429945.6045 4585717.3875, 429946.4755 4585718.5255, 429948.3515 4585719.9335, 429950.9415 4585721.2635, 429966.1545 4585727.4415, 429986.7715 4585735.2234, 429997.6724 4585733.6359, 430013.177 4585729.8259, 430029.687 4585723.4229, 430040.3233 4585718.3958, 430061.9133 4585711.1992, 430077.3121 4585710.4583, 430091.9171 4585711.5167, 430109.9617 4585715.4854, 430129.488 4585716.7025, 430166.1594 4585719.6129, 430179.4415 4585719.5071, 430198.0153 4585717.8138, 430214.3665 4585718.8192, 430231.5645 4585721.2004, 430239.6449 4585724.5448, 430259.8895 4585733.9445, 430214.1555 4585729.4655, 430198.4095 4585729.2517, 430207.5165 4585790.8465, 430206.9688 4585798.0303, 430209.0008 4585813.99, 430181.1666 4585819.1335, 430157.862 4585822.6472, 430140.082 4585827.0419, 430135.2533 4585830.1508, 430123.8695 4585838.7135, 430117.3189 4585844.1578, 430111.4981 4585846.6714, 430107.5293 4585847.1344, 430103.4944 4585846.936, 430099.1949 4585846.0099, 430095.4908 4585844.1578, 430080.9405 4585833.8705, 430074.7255 4585830.2415, 430068.9755 4585827.6835, 430063.3015 4585826.5075, 430058.5195 4585826.3755, 430051.6005 4585826.9955, 430048.1955 4585827.8335, 430023.8929 4585837.4724, 429934.0245 4585878.1855, 429919.4645 4585883.7815, 429912.3215 4585885.7895, 429891.5465 4585890.1095, 429885.1895 4585891.0075))","POLYGON ((2.16094311412739 41.4215185560336, 2.16085645764916 41.4215198696118, 2.16075181369882 41.4215036314924, 2.16068081788546 41.4214745779506, 2.16062659929359 41.4214306763806, 2.16058425738646 41.4213733322431, 2.16056061808695 41.4213114586924, 2.16056625787373 41.421237782827, 2.16060183310952 41.4211459321522, 2.16065602831166 41.4210540912064, 2.16068720487356 41.420972981328, 2.16067609895765 41.4208875456521, 2.16064338727551 41.4208350997847, 2.16060217203757 41.420796229154, 2.16052577975101 41.4207532646588, 2.15999392589829 41.4205087394144, 2.15976960877827 41.4204003630114, 2.15969439409706 41.4203608113823, 2.15963760467697 41.4203233759327, 2.15953815447924 41.4202367543512, 2.15945068827661 41.420139519381, 2.1593088663575 41.4199516684711, 2.15927723882507 41.4199145608246, 2.15924252844894 41.4198863840527, 2.15920041363668 41.4198598465589, 2.15873306414285 41.4196529516388, 2.1586530732185 41.4196108603283, 2.15857611978011 41.4195633686878, 2.15850867154717 41.4195155862213, 2.15793045284567 41.4190450934805, 2.15782320012864 41.4189625387133, 2.15774833131592 41.4189186647598, 2.15726371506446 41.4186894610893, 2.15739677748416 41.4182434315471, 2.15742995221344 41.4181523568877, 2.15747407691953 41.4180750897749, 2.15857888430098 41.4170379855027, 2.1586709658942 41.4169691032934, 2.15873290281686 41.4169337785696, 2.15881733121264 41.4169998801444, 2.15951695867553 41.4176689333105, 2.15958601650566 41.4177161504788, 2.15966349191973 41.4177564573145, 2.15973827205914 41.4177830710879, 2.15982510457023 41.4178067102923, 2.15992224873081 41.4178175981025, 2.16002398262637 41.417812179807, 2.16013471488898 41.4177919107556, 2.16023162476329 41.4177652534979, 2.16035670819207 41.4177103021699, 2.16068532451596 41.417550169359, 2.16087614970638 41.4174653869402, 2.16089376964614 41.4174974649176, 2.16089900362627 41.4175191237009, 2.16098244863127 41.4177042591212, 2.16097106568152 41.4177087843253, 2.16095659258267 41.417729525643, 2.16092711070497 41.4178027700775, 2.16068793029513 41.4179028034084, 2.16079704249716 41.4180428844613, 2.16089197464321 41.4181581697998, 2.16078588132321 41.4182628354879, 2.16081352369849 41.4182977500699, 2.1608916819497 41.4182755456817, 2.16097189937483 41.4182581878592, 2.16100990656638 41.4182533397871, 2.16105759452519 41.4182522013096, 2.16110632901128 41.4182627260968, 2.161196941923 41.4182911747928, 2.16123348916305 41.4184063043799, 2.16125533456987 41.4184410973266, 2.16127106650236 41.4184934642925, 2.1613487160232 41.4186320066186, 2.16144552468466 41.4187444407994, 2.1616458096699 41.4189158829151, 2.16163285203702 41.4189332287354, 2.16156728170558 41.4189258556902, 2.16149759000096 41.4189444526015, 2.16135949229884 41.4189207652442, 2.16129085792168 41.4189125176005, 2.16127295950432 41.418991788773, 2.16129175271523 41.4190192183794, 2.16131941645671 41.4190212665752, 2.16131213967004 41.4190584746849, 2.16136924246175 41.4191025158689, 2.16133795072363 41.4191250973558, 2.16132825675558 41.419178673314, 2.16132876678444 41.4191911163328, 2.1613347377156 41.4192032298541, 2.1613524597098 41.4192162667291, 2.16137265036267 41.4192215841891, 2.16138406943425 41.4192194786136, 2.16142211603865 41.419203236259, 2.16146141205851 41.4191987036874, 2.16160476194059 41.4192057744054, 2.16169817562474 41.4192361526966, 2.16198023299483 41.419356570083, 2.16217758198926 41.419448617951, 2.16225909254404 41.4194834308475, 2.16226587108334 41.419461583074, 2.16234563023831 41.4194818361103, 2.16236387944255 41.4194833867535, 2.16247898244766 41.4195946705695, 2.162604335736 41.419747070385, 2.16266935806089 41.4198146655334, 2.16256726993632 41.4198641030307, 2.16232816218845 41.4199473963274, 2.16226988178634 41.4199625692833, 2.16212499787814 41.4199924097896, 2.16204704714668 41.420002159203, 2.16198557606166 41.4200020897742, 2.16196095552879 41.4199984155408, 2.16188504667652 41.4199792801901, 2.16186542721422 41.4199670240328, 2.16186239797076 41.4199621519303, 2.16168379176243 41.4199383215894, 2.16168613117459 41.4199600979518, 2.16169642121148 41.4199704234183, 2.16171870519357 41.4199832682904, 2.16174954150749 41.4199954728899, 2.16193085561313 41.4200524418944, 2.16217664545883 41.4201243272303, 2.162307263005 41.4201109790251, 2.16249322285021 41.4200780144815, 2.1626915125147 41.4200217830341, 2.16281936158508 41.4199774320448, 2.1630785265752 41.4199144945704, 2.16326286472889 41.419909161773, 2.16343749676295 41.4199199652233, 2.16365294868797 41.4199572795643, 2.16388644787536 41.4199699397398, 2.16432489955424 41.4199993406696, 2.16448383740153 41.4199995420495, 2.16470627578004 41.4199859049258, 2.16490180839265 41.4199963805031, 2.1651073146684 41.4200193205883, 2.16520361417448 41.42005014393, 2.1654447652619 41.4201365608977, 2.16489805525772 41.4200922493673, 2.16470967246748 41.420088955998, 2.16481153354269 41.4206445080844, 2.16480415100513 41.4207091622649, 2.16482662323148 41.4208530817209, 2.16449297773891 41.4208969890348, 2.16421371928211 41.420926610145, 2.16400046382367 41.42096464578, 2.16394232650392 41.4209922265897, 2.16380512339027 41.4210683575938, 2.16372611247075 41.421116822591, 2.16365617261556 41.4211389553232, 2.16360863000917 41.4211427801519, 2.1635603729125 41.4211406422345, 2.16350903382947 41.4211319271621, 2.16346492611551 41.4211149237431, 2.16329201237076 41.4210210039103, 2.16321806586302 41.4209877780336, 2.16314955958032 41.4209642386677, 2.16308180291521 41.4209531530194, 2.16302459882341 41.4209515478868, 2.16294173733645 41.420956529659, 2.16290089764062 41.4209637807603, 2.16260898786748 41.4210484783914, 2.16152894309918 41.4214073334913, 2.16135407478126 41.4214564646281, 2.16126837137642 41.4214739268245, 2.16101928398158 41.4215110228324, 2.16094311412739 41.4215185560336))"
"07","Horta-Guinardó","37","el Carmel","147","061","POLYGON ((429220.8035 4585923.5375, 429207.8195 4585938.7905, 429158.5785 4585919.7905, 429150.7027 4585904.5781, 429121.9217 4585868.9251, 429111.6555 4585857.8795, 429069.9839 4585804.5465, 429051.2635 4585759.2535, 429049.1605 4585753.4325, 429080.4645 4585750.0135, 429114.6906 4585749.0391, 429117.4687 4585745.7318, 429109.3675 4585709.5535, 429108.0675 4585675.6755, 429106.2355 4585656.4335, 429099.0535 4585627.1375, 429094.6555 4585611.8995, 429072.4363 4585572.1788, 429063.5528 4585563.603, 429052.374 4585538.2282, 429049.6067 4585531.087, 429042.8267 4585508.439, 429041.8451 4585504.1275, 429040.3566 4585484.1297, 429040.28 4585481.4059, 429040.7021 4585477.3891, 429041.8215 4585473.3855, 429043.6259 4585469.5823, 429046.0164 4585466.1153, 429049.1566 4585462.7837, 429053.1428 4585459.6252, 429077.43231 4585444.4936265, 429084.6187 4585438.9205, 429085.01 4585429.13, 429089.7667 4585426.2001, 429098.9695 4585423.8435, 429106.1455 4585419.7815, 429113.9445 4585411.7555, 429119.5105 4585404.6315, 429123.2275 4585397.0795, 429126.5155 4585386.1465, 429192.9143 4585374.8728, 429201.9295 4585362.6585, 429210.5435 4585354.2615, 429231.0275 4585336.2955, 429235.0375 4585331.1315, 429265.7075 4585295.2835, 429266.3915 4585293.2155, 429267.2615 4585292.1355, 429312.0791 4585239.9329, 429341.5139 4585211.3637, 429352.9915 4585197.2985, 429369.5774 4585186.0113, 429383.8235 4585170.0445, 429390.3255 4585165.8655, 429400.0765 4585163.5435, 429409.3645 4585166.3295, 429412.5607 4585168.4606, 429420.4669 4585185.0787, 429428.3906 4585183.2233, 429435.646 4585182.5941, 429423.2495 4585184.4395, 429413.4695 4585188.6715, 429402.7515 4585197.9155, 429396.5295 4585210.1355, 429394.9315 4585224.2175, 429398.4775 4585238.7035, 429404.2015 4585246.0735, 429411.7555 4585252.7705, 429454.7855 4585272.6655, 429466.7955 4585279.7395, 429475.9895 4585288.2025, 429480.9855 4585294.9895, 429503.3505 4585341.3875, 429508.9775 4585354.2275, 429510.9655 4585361.9175, 429511.8935 4585371.8415, 429510.8355 4585383.6095, 429498.6275 4585422.2255, 429497.9595 4585428.1755, 429498.8655 4585438.4555, 429505.4135 4585453.4875, 429513.4365 4585461.3267, 429553.6795 4585482.0215, 429568.0735 4585482.8335, 429582.6895 4585478.3975, 429600.4275 4585462.7395, 429648.0335 4585415.1395, 429678.5585 4585382.6997, 429686.3152 4585371.7761, 429696.026 4585348.8902, 429702.7609 4585339.5362, 429713.0675 4585335.6055, 429722.6875 4585337.4015, 429730.7235 4585346.1695, 429731.4575 4585355.8935, 429723.4795 4585366.8015, 429711.3776 4585375.5534, 429695.5495 4585383.8015, 429690.4115 4585387.7735, 429682.7905 4585395.4955, 429591.5815 4585511.5315, 429587.9775 4585520.1455, 429585.3035 4585530.2835, 429574.6655 4585579.9095, 429552.3675 4585629.6935, 429541.9415 4585650.0055, 429529.9795 4585669.5255, 429522.9735 4585679.1215, 429516.3935 4585685.5195, 429509.1735 4585690.8335, 429501.5535 4585694.4895, 429487.2615 4585699.5275, 429469.6535 4585701.9235, 429460.1455 4585701.2555, 429434.8715 4585695.5635, 429423.1295 4585695.7655, 429406.2035 4585702.6195, 429391.9875 4585715.6695, 429298.2365 4585829.8035, 429293.9155 4585834.7535, 429289.1615 4585839.3055, 429274.8635 4585860.9835, 429220.8035 4585923.5375))","POLYGON ((2.15298949644594 41.4217532865108, 2.15283234845699 41.4218895201027, 2.15224537064662 41.4217140546952, 2.15215291356141 41.4215763483924, 2.15181270870743 41.4212526980114, 2.15169116228043 41.4211523091202, 2.15119879284692 41.4206682830341, 2.15098010763159 41.4202586947897, 2.15095562726435 41.4202060817372, 2.1513305929638 41.4201780518646, 2.15174023590341 41.4201722960771, 2.15177386457523 41.4201427536657, 2.15168117112604 41.4198161958103, 2.15166958712912 41.4195109558206, 2.15164992218887 41.419337489352, 2.15156742206244 41.4190729985442, 2.15151658552131 41.4189353680146, 2.1512553870428 41.4185756588894, 2.15115010086511 41.4184976359657, 2.15101932198781 41.4182681085553, 2.15098704879972 41.4182035463418, 2.15090858277107 41.4179989663681, 2.15089734372723 41.4179600477662, 2.15088187986919 41.4177798042946, 2.15088128289229 41.4177552653743, 2.15088680451703 41.4177191249689, 2.15090066773442 41.4176831650255, 2.15092270340234 41.417649070489, 2.15095171224956 41.4176180557171, 2.15098967528404 41.4175883266259, 2.15103774029496 41.4175602312573, 2.15133013631065 41.4174260914965, 2.15141677403793 41.4173765308484, 2.15142260370268 41.4172883863208, 2.15147986043057 41.4172624176661, 2.15159024684725 41.4172420047673, 2.1516765827125 41.4172060531053, 2.15177083711269 41.4171344541912, 2.15183826816372 41.4170707821839, 2.15188362629517 41.4170030922289, 2.15192424757066 41.4169049131167, 2.15272001524609 41.4168092288988, 2.15282930967964 41.4167000139245, 2.15293335677256 41.4166251443882, 2.15318054447699 41.4164651360386, 2.15322912709342 41.4164189790924, 2.15360027648672 41.4160988107071, 2.1536087021183 41.4160802452624, 2.1536192376437 41.4160705947108, 2.15416156440017 41.4156043702094, 2.15451707583351 41.4153496473527, 2.15465604232325 41.4152239767415, 2.15485580204029 41.4151237752873, 2.15502811295487 41.4149812205657, 2.15510639357362 41.4149441532709, 2.15522332984336 41.4149240966249, 2.15533413047396 41.4149500049386, 2.15537212257326 41.4149694796653, 2.15546477708311 41.415119846771, 2.15555979645119 41.4151038317816, 2.15564667688874 41.415098801934, 2.15549814400774 41.4151143341282, 2.15538063764498 41.4151515911222, 2.1552513235631 41.4152339067048, 2.15517545427013 41.4153434208132, 2.15515469141671 41.4154701114406, 2.15519542704111 41.4156008926724, 2.15526305213247 41.415667774219, 2.15535265109048 41.4157287550281, 2.15586516726651 41.4159117200302, 2.15600803758163 41.4159764869879, 2.15611705380096 41.4160535168204, 2.15617603799782 41.4161150830969, 2.1564382204647 41.4165349339749, 2.15650404978576 41.4166510724333, 2.15652693962236 41.4167205076281, 2.15653688650928 41.4168099705978, 2.15652285643381 41.4169158675402, 2.15637228928331 41.4172625956703, 2.15636360325206 41.4173161263667, 2.15637324527111 41.4174087937615, 2.15644983956185 41.4175447555242, 2.15654492065005 41.4176160639091, 2.15702401548244 41.4178059828679, 2.15719614477714 41.4178145580073, 2.15737154130279 41.4177758856691, 2.15758559833447 41.4176364144326, 2.15816073776053 41.4172118691653, 2.15852973666525 41.4169223683714, 2.15862381392239 41.4168246625049, 2.15874266157014 41.4166193877233, 2.15882433008591 41.4165357290639, 2.15894810267023 41.4165012283188, 2.15906299482283 41.4165182455652, 2.15915812497456 41.4165979182951, 2.15916577752674 41.4166855627863, 2.15906905528246 41.416783109251, 2.15892324160253 41.4168608757678, 2.15873290281686 41.4169337785696, 2.1586709658942 41.4169691032934, 2.15857888430098 41.4170379855027, 2.15747407691953 41.4180750897749, 2.15742995221344 41.4181523568877, 2.15739677748416 41.4182434315471, 2.15726371506446 41.4186894610893, 2.15699111792722 41.4191358912705, 2.156864002365 41.4193179192467, 2.15671859968925 41.4194926791294, 2.15663365273636 41.4195784920098, 2.15655417546938 41.4196355390785, 2.15646716659908 41.4196827667868, 2.15637556473351 41.419715026386, 2.15620396898702 41.4197591475454, 2.15599300405046 41.4197791819369, 2.15587931557409 41.4197723308655, 2.15557756790089 41.4197188460674, 2.155437047535 41.4197196341038, 2.15523372252617 41.4197798784269, 2.15506209987383 41.4198961654208, 2.15392699385342 41.4209158801942, 2.15387471205647 41.4209600825926, 2.15381729563934 41.4210006622346, 2.15364367706078 41.4211946487057, 2.15298949644594 41.4217532865108))"
"07","Horta-Guinardó","37","el Carmel","147","062","POLYGON ((429241.3075 4586006.5135, 429229.1425 4586020.6565, 429160.2735 4585970.2835, 429075.0995 4585913.8515, 429059.4375 4585904.0715, 429045.1011 4585897.6223, 429008.9661 4585874.7579, 428997.3235 4585867.7995, 428956.9935 4585841.3055, 428954.8585 4585842.5065, 428932.2175 4585811.7935, 428928.7535 4585807.7415, 428927.0702 4585805.2231, 428926.9876 4585799.008, 428908.6215 4585773.1455, 428939.4515 4585770.7275, 428960.9955 4585768.1835, 429005.4865 4585761.1695, 429049.1605 4585753.4325, 429051.2635 4585759.2535, 429069.9839 4585804.5465, 429111.6555 4585857.8795, 429121.9217 4585868.9251, 429150.7027 4585904.5781, 429158.5785 4585919.7905, 429207.8195 4585938.7905, 429221.3232 4585945.6187, 429227.9532 4585947.6937, 429235.0942 4585949.3966, 429246.1433 4585950.7595, 429275.1695 4585950.8315, 429281.7335 4585949.5675, 429285.9615 4585948.0235, 429287.3319 4585956.128, 429272.8777 4585970.2528, 429241.3075 4586006.5135))","POLYGON ((2.15322513212861 41.422502423433, 2.15307791272796 41.4226287321462, 2.15225973773229 41.4221689738383, 2.15124718461811 41.4216531996951, 2.15106092565577 41.421563732545, 2.15089013805061 41.4215043813034, 2.1504604438729 41.4212952591268, 2.15032195019911 41.4212315589096, 2.1498424905836 41.4209893734198, 2.14981680307766 41.4210000015462, 2.14954950043772 41.4207213800033, 2.1495085281653 41.4206845789214, 2.14948868263082 41.4206617478407, 2.14948842466687 41.420605763711, 2.14927170581701 41.4203712061038, 2.1496408838788 41.4203521554075, 2.14989896569021 41.4203311477354, 2.15043214239761 41.4202719079305, 2.15095562726435 41.4202060817372, 2.15098010763159 41.4202586947897, 2.15119879284692 41.4206682830341, 2.15169116228043 41.4211523091202, 2.15181270870743 41.4212526980114, 2.15215291356141 41.4215763483924, 2.15224537064662 41.4217140546952, 2.15283234845699 41.4218895201027, 2.15299313066775 41.4219522086249, 2.15307222057834 41.4219714813436, 2.15315746856653 41.4219874476638, 2.15328951965841 41.4220006958539, 2.15363683100961 41.4220038999769, 2.15371552190202 41.4219930934346, 2.15376629356312 41.4219795593935, 2.15378174374 41.4220526739351, 2.15360713653275 41.4221786179516, 2.15322513212861 41.422502423433))"
"07","Horta-Guinardó","37","el Carmel","147","063","POLYGON ((429296.5055 4586054.5635, 429288.6615 4586064.3475, 429229.1425 4586020.6565, 429272.8777 4585970.2528, 429287.3319 4585956.128, 429285.9615 4585948.0235, 429281.7335 4585949.5675, 429275.1695 4585950.8315, 429249.8463 4585950.8575, 429239.3343 4585950.0876, 429227.9532 4585947.6937, 429221.3232 4585945.6187, 429207.8195 4585938.7905, 429238.1225 4585903.1935, 429274.8635 4585860.9835, 429289.1615 4585839.3055, 429296.1335 4585832.3235, 429300.5385 4585826.8145, 429346.4935 4585859.7875, 429359.4715 4585867.6855, 429419.5766 4585911.7294, 429407.5855 4585924.7995, 429325.6935 4586022.1255, 429320.1915 4586026.8895, 429296.5055 4586054.5635))","POLYGON ((2.15388000383102 41.4229400496473, 2.15378499918046 41.4230274797858, 2.15307791272796 41.4226287321462, 2.15360713653275 41.4221786179516, 2.15378174374 41.4220526739351, 2.15376629356312 41.4219795593935, 2.15371552190202 41.4219930934346, 2.15363683100961 41.4220038999769, 2.15333381730159 41.4220019045935, 2.15320812360457 41.4219940446667, 2.15307222057834 41.4219714813436, 2.15299313066775 41.4219522086249, 2.15283234845699 41.4218895201027, 2.15319911061379 41.4215715819456, 2.15364367706078 41.4211946487057, 2.15381729563934 41.4210006622346, 2.15390153572143 41.4209383917532, 2.1539548879354 41.4208891620472, 2.15450091183293 41.4211901789348, 2.1546552786985 41.4212624541674, 2.15536933217712 41.4216644220724, 2.15522432488069 41.4217810857076, 2.15423305581478 41.422650461958, 2.15416666286769 41.4226928853481, 2.15388000383102 41.4229400496473))"
"07","Horta-Guinardó","37","el Carmel","147","064","POLYGON ((429400.2375 4585819.7895, 429359.4715 4585867.6855, 429346.4935 4585859.7875, 429300.5385 4585826.8145, 429391.9875 4585715.6695, 429406.2035 4585702.6195, 429423.1295 4585695.7655, 429434.8715 4585695.5635, 429460.1455 4585701.2555, 429469.6535 4585701.9235, 429487.2615 4585699.5275, 429501.5535 4585694.4895, 429509.1735 4585690.8335, 429516.3935 4585685.5195, 429522.9735 4585679.1215, 429529.9795 4585669.5255, 429541.9415 4585650.0055, 429552.3675 4585629.6935, 429574.6655 4585579.9095, 429577.3895 4585593.0805, 429577.7075 4585603.3355, 429576.5495 4585618.2335, 429570.4395 4585672.7875, 429557.8715 4585753.8655, 429556.1395 4585760.6155, 429533.2775 4585800.9215, 429509.0575 4585807.7755, 429491.3975 4585813.2595, 429472.9295 4585817.0655, 429466.3635 4585817.7155, 429450.0495 4585817.2315, 429435.7335 4585816.1335, 429418.2615 4585814.2875, 429413.7755 4585814.4875, 429409.3615 4585815.3435, 429403.7615 4585817.4675, 429400.2375 4585819.7895))","POLYGON ((2.15514865971734 41.4208346573516, 2.1546552786985 41.4212624541674, 2.15450091183293 41.4211901789348, 2.1539548879354 41.4208891620472, 2.15506209987383 41.4198961654208, 2.15523372252617 41.4197798784269, 2.155437047535 41.4197196341038, 2.15557756790089 41.4197188460674, 2.15587931557409 41.4197723308655, 2.15599300405046 41.4197791819369, 2.15620396898702 41.4197591475454, 2.15637556473351 41.419715026386, 2.15646716659908 41.4196827667868, 2.15655417546938 41.4196355390785, 2.15663365273636 41.4195784920098, 2.15671859968925 41.4194926791294, 2.156864002365 41.4193179192467, 2.15699111792722 41.4191358912705, 2.15726371506446 41.4186894610893, 2.15729477458168 41.4188083258328, 2.15729738549839 41.4189007164418, 2.15728179519137 41.4190347953559, 2.1572023352271 41.4195256061326, 2.15704251228534 41.4202547417865, 2.15702100196218 41.4203153845057, 2.15674275197244 41.4206763998757, 2.15645214869926 41.4207360065868, 2.15624019844243 41.4207838492184, 2.15601877541694 41.4208165074577, 2.15594013398181 41.4208217853672, 2.15574498488368 41.4208159938568, 2.15557381457708 41.4208048474406, 2.15536496845625 41.420786686598, 2.15531126780825 41.4207880938262, 2.15525835210648 41.4207954156831, 2.15519109727388 41.4208140536747, 2.15514865971734 41.4208346573516))"
"07","Horta-Guinardó","37","el Carmel","147","065","POLYGON ((429506.9555 4586000.7815, 429500.1765 4586010.4875, 429456.5255 4585982.4295, 429422.6425 4585962.2825, 429417.5377 4585933.2449, 429417.0835 4585925.7535, 429418.4013 4585915.1701, 429419.5766 4585911.7294, 429359.4715 4585867.6855, 429400.2375 4585819.7895, 429403.7615 4585817.4675, 429409.3615 4585815.3435, 429413.7755 4585814.4875, 429418.2615 4585814.2875, 429435.7335 4585816.1335, 429450.0495 4585817.2315, 429466.3635 4585817.7155, 429472.9295 4585817.0655, 429491.3975 4585813.2595, 429509.0575 4585807.7755, 429533.2775 4585800.9215, 429556.1395 4585760.6155, 429558.7975 4585766.5245, 429560.5155 4585771.6595, 429560.5855 4585774.0135, 429557.1495 4585791.7775, 429546.9215 4585830.5815, 429544.6475 4585842.2365, 429531.3275 4585899.9115, 429522.0275 4585942.9715, 429515.6287 4585963.4707, 429517.6909 4585977.537, 429520.8475 4585980.0515, 429506.9555 4586000.7815))","POLYGON ((2.15640449954286 41.4224741498292, 2.15632225165182 41.4225609730378, 2.15580320365152 41.4223044344021, 2.15540011791623 41.4221200027599, 2.15534242421274 41.4218580243812, 2.15533786374039 41.4217905124644, 2.15535486734768 41.421695307821, 2.15536933217712 41.4216644220724, 2.1546552786985 41.4212624541674, 2.15514865971734 41.4208346573516, 2.15519109727388 41.4208140536747, 2.15525835210648 41.4207954156831, 2.15531126780825 41.4207880938262, 2.15536496845625 41.420786686598, 2.15557381457708 41.4208048474406, 2.15574498488368 41.4208159938568, 2.15594013398181 41.4208217853672, 2.15601877541694 41.4208165074577, 2.15624019844243 41.4207838492184, 2.15645214869926 41.4207360065868, 2.15674275197244 41.4206763998757, 2.15702100196218 41.4203153845057, 2.15705211785866 41.4203688375514, 2.15707207642526 41.4204152370708, 2.15707263983914 41.4204364447497, 2.15702945746414 41.4205961367961, 2.15690255405685 41.4209447321774, 2.15687398660474 41.4210495047102, 2.15670788479431 41.4215677922383, 2.15659158588868 41.4219548006628, 2.15651263030942 41.4221388673955, 2.15653566668483 41.4222657378235, 2.1565731448483 41.4222886618286, 2.15640449954286 41.4224741498292))"
"07","Horta-Guinardó","37","el Carmel","147","066","POLYGON ((429597.3535 4586054.4555, 429595.8975 4586071.9345, 429500.1765 4586010.4875, 429520.8475 4585980.0515, 429517.6909 4585977.537, 429515.6287 4585963.4707, 429522.0275 4585942.9715, 429531.3275 4585899.9115, 429544.6475 4585842.2365, 429546.9215 4585830.5815, 429557.1495 4585791.7775, 429560.5855 4585774.0135, 429560.5155 4585771.6595, 429558.7975 4585766.5245, 429556.1395 4585760.6155, 429558.0395 4585752.8835, 429570.4395 4585672.7875, 429575.3775 4585629.8915, 429577.7075 4585603.3355, 429577.3895 4585593.0805, 429574.6655 4585579.9095, 429613.1585 4585603.5885, 429591.6835 4585811.8175, 429583.8195 4585882.9315, 429583.8695 4585886.1475, 429609.9515 4585890.2155, 429597.3535 4586054.4555))","POLYGON ((2.15747993797081 41.4229654966087, 2.15746048057865 41.4231227953659, 2.15632225165182 41.4225609730378, 2.1565731448483 41.4222886618286, 2.15653566668483 41.4222657378235, 2.15651263030942 41.4221388673955, 2.15659158588868 41.4219548006628, 2.15670788479431 41.4215677922383, 2.15687398660474 41.4210495047102, 2.15690255405685 41.4209447321774, 2.15702945746414 41.4205961367961, 2.15707263983914 41.4204364447497, 2.15707207642526 41.4204152370708, 2.15705211785866 41.4203688375514, 2.15702100196218 41.4203153845057, 2.15704463685213 41.4202459120314, 2.1572023352271 41.4195256061326, 2.15726641455838 41.4191396916374, 2.15729738549839 41.4189007164418, 2.15729477458168 41.4188083258328, 2.15726371506446 41.4186894610893, 2.15772153354423 41.418906101334, 2.15744034056431 41.4207796560736, 2.15733796358528 41.4214194624042, 2.15733818740789 41.4214484320167, 2.15764980185828 41.4214873563376, 2.15747993797081 41.4229654966087))"
"07","Horta-Guinardó","37","el Carmel","147","067","POLYGON ((429648.4935 4586103.5815, 429648.2635 4586105.3535, 429595.8975 4586071.9345, 429609.9515 4585890.2155, 429583.8695 4585886.1475, 429583.8195 4585882.9315, 429591.6835 4585811.8175, 429602.8885 4585702.3875, 429618.8515 4585708.1735, 429624.275500001 4585710.5215, 429628.7935 4585712.7615, 429638.7935 4585718.8255, 429649.2235 4585726.3355, 429654.5465 4585730.9855, 429663.0235 4585739.5995, 429670.8535 4585748.9815, 429674.4935 4585754.1835, 429677.4035 4585759.0255, 429678.5755 4585762.2875, 429678.7635 4585765.7395, 429678.1295 4585768.6315, 429675.525500001 4585775.1895, 429674.9265 4585779.1175, 429676.0405 4585823.4575, 429678.3285 4585835.2895, 429681.1135 4585842.8615, 429686.3095 4585852.6575, 429689.3175 4585855.9675, 429691.5115 4585857.2765, 429732.5005 4585871.5185, 429694.6655 4585900.8815, 429688.0135 4585901.3215, 429679.7735 4585900.1575, 429664.7315 4585991.5695, 429654.5085 4586061.8275, 429652.1605 4586075.8535, 429648.4935 4586103.5815))","POLYGON ((2.1580861600165 41.4234124346425, 2.15808320167776 41.4234283741972, 2.15746048057865 41.4231227953659, 2.15764980185828 41.4214873563376, 2.15733818740789 41.4214484320167, 2.15733796358528 41.4214194624042, 2.15744034056431 41.4207796560736, 2.15758715168653 41.4197950452373, 2.1577774811212 41.4198485558709, 2.15784210797433 41.4198701784706, 2.15789590682098 41.4198907489725, 2.1580148549539 41.4199462407819, 2.15813878020569 41.4200147936707, 2.1582019310931 41.4200571404332, 2.15830235992715 41.4201354654531, 2.15839495806827 41.4202206508279, 2.15843790731732 41.4202678217938, 2.15847216371664 41.4203116864747, 2.15848580792732 41.4203411685985, 2.15848765605594 41.4203722758558, 2.15847973369537 41.4203982674712, 2.15844781309494 41.42045710488, 2.15844018903276 41.4204924303987, 2.15844836273055 41.4208918807774, 2.1584743641046 41.4209986471823, 2.15850680778171 41.4210670889417, 2.15856784198963 41.4211557723804, 2.158603449674 41.4211858474786, 2.15862955001899 41.4211978291189, 2.15911835334073 41.4213296870024, 2.15866222031808 41.4215908381057, 2.15858257349926 41.4215942189017, 2.15848411169271 41.4215830140643, 2.15829349230189 41.4224050089745, 2.15816299279303 41.4230368997406, 2.15813326508123 41.4231630207296, 2.1580861600165 41.4234124346425))"
"07","Horta-Guinardó","37","el Carmel","147","068","POLYGON ((429591.9265 4586136.3275, 429591.1915 4586148.5425, 429464.4635 4586065.6345, 429454.5245 4586060.2255, 429403.6815 4586027.2095, 429397.6035 4586024.0275, 429421.1775 4585975.8975, 429422.7315 4585969.1755, 429422.6425 4585962.2825, 429456.5255 4585982.4295, 429595.8975 4586071.9345, 429594.8055 4586092.9595, 429591.9265 4586136.3275))","POLYGON ((2.15740546620872 41.4237024092671, 2.15739524886735 41.423812360446, 2.15588848301924 41.4230545251809, 2.15577018461432 41.4230049358424, 2.15516565554982 41.4227031080948, 2.15509329851276 41.4226739150124, 2.15538099907303 41.422242498867, 2.15540037840758 41.4221820930434, 2.15540011791623 41.4221200027599, 2.15580320365152 41.4223044344021, 2.15746048057865 41.4231227953659, 2.15744496584514 41.4233120634129, 2.15740546620872 41.4237024092671))"
"07","Horta-Guinardó","37","el Carmel","147","069","POLYGON ((429419.3255 4586132.0095, 429407.3835 4586150.3335, 429396.8285 4586142.5315, 429361.9455 4586118.1975, 429288.6615 4586064.3475, 429296.5055 4586054.5635, 429317.8475 4586029.5205, 429320.1915 4586026.8895, 429325.6935 4586022.1255, 429407.5855 4585924.7995, 429419.5766 4585911.7294, 429418.4013 4585915.1701, 429417.0835 4585925.7535, 429417.5377 4585933.2449, 429422.6425 4585962.2825, 429422.8255 4585966.2735, 429422.4095 4585971.4075, 429421.1775 4585975.8975, 429419.9935 4585978.5675, 429397.6035 4586024.0275, 429403.6815 4586027.2095, 429454.5245 4586060.2255, 429464.4635 4586065.6345, 429455.7115 4586077.6995, 429419.3255 4586132.0095))","POLYGON ((2.15534061746851 41.4236483736512, 2.15519557983055 41.4238123612203, 2.15507018890977 41.4237411642565, 2.1546556195586 41.4235189315023, 2.15378499918046 41.4230274797858, 2.15388000383102 41.4229400496473, 2.1541383073653 41.4227163754767, 2.15416666286769 41.4226928853481, 2.15423305581478 41.422650461958, 2.15522432488069 41.4217810857076, 2.15536933217712 41.4216644220724, 2.15535486734768 41.421695307821, 2.15533786374039 41.4217905124644, 2.15534242421274 41.4218580243812, 2.15540011791623 41.4221200027599, 2.15540184187378 41.4221559641597, 2.15539626493708 41.422202167479, 2.15538099907303 41.422242498867, 2.15536651996398 41.4222664424653, 2.15509329851276 41.4226739150124, 2.15516565554982 41.4227031080948, 2.15577018461432 41.4230049358424, 2.15588848301924 41.4230545251809, 2.15578234968566 41.4231624213157, 2.15534061746851 41.4236483736512))"
"07","Horta-Guinardó","37","el Carmel","147","070","POLYGON ((429674.1715 4586325.0515, 429671.8885 4586337.5435, 429622.4374 4586302.7109, 429611.2375 4586295.6455, 429545.5215 4586247.5775, 429456.6605 4586185.3375, 429407.3835 4586150.3335, 429419.3255 4586132.0095, 429455.7115 4586077.6995, 429464.4635 4586065.6345, 429591.1915 4586148.5425, 429595.8975 4586071.9345, 429648.2635 4586105.3535, 429652.1605 4586075.8535, 429654.6875 4586060.5595, 429725.1675 4586082.0395, 429708.9035 4586134.8995, 429706.6015 4586144.1835, 429698.8695 4586169.7915, 429692.4515 4586189.8785, 429690.4995 4586198.6075, 429689.6135 4586212.3915, 429691.4655 4586228.0455, 429691.5795 4586233.6375, 429691.4295 4586242.5295, 429690.1435 4586255.3535, 429686.4755 4586276.8015, 429680.4105 4586287.6115, 429674.1715 4586325.0515))","POLYGON ((2.15836766518826 41.4254093743286, 2.15833889295583 41.4255216848824, 2.15775119600662 41.4252036309882, 2.15761799676591 41.4251390145287, 2.15683721894899 41.4247003248348, 2.15578114835752 41.4241319564527, 2.15519557983055 41.4238123612203, 2.15534061746851 41.4236483736512, 2.15578234968566 41.4231624213157, 2.15588848301924 41.4230545251809, 2.15739524886735 41.423812360446, 2.15746048057865 41.4231227953659, 2.15808320167776 41.4234283741972, 2.15813326508123 41.4231630207296, 2.15816528220063 41.4230254950438, 2.15900614524013 41.4232251249368, 2.1588053861024 41.4236997910952, 2.158776760992 41.4237832069671, 2.15868126208464 41.4240131714367, 2.15860212797041 41.4241935253695, 2.15857775506528 41.4242719731477, 2.15856555025902 41.4243960425773, 2.15858589145212 41.4245371939719, 2.15858660538172 41.4245875688531, 2.15858377651082 41.4246676424068, 2.15856689675396 41.4247830304848, 2.15852051039183 41.4249758829834, 2.1584466776346 41.4250727134478, 2.15836766518826 41.4254093743286))"
"07","Horta-Guinardó","37","el Carmel","148","071","POLYGON ((429601.6155 4586703.5175, 429592.2415 4586704.5055, 429585.8345 4586703.5455, 429577.6635 4586700.7425, 429571.81 4586696.4968, 429566.4715 4586691.5155, 429561.4835 4586682.1155, 429559.3935 4586671.5895, 429560.2655 4586659.8795, 429567.9515 4586620.6935, 429573.8635 4586593.9415, 429579.5055 4586565.1725, 429526.3915 4586553.7755, 429505.4715 4586542.9735, 429465.1195 4586520.7075, 429587.6995 4586278.2185, 429611.2375 4586295.6455, 429622.4374 4586302.7109, 429671.8885 4586337.5435, 429659.5655 4586420.2595, 429654.9215 4586442.9335, 429656.0975 4586476.0095, 429648.7765 4586537.5075, 429643.9092 4586568.9179, 429640.3555 4586579.2801, 429631.5635 4586633.0735, 429629.2155 4586648.8555, 429627.4035 4586666.8275, 429625.0755 4586680.5355, 429621.4335 4586688.5235, 429615.0495 4586696.4395, 429606.8635 4586701.7115, 429601.6155 4586703.5175))","POLYGON ((2.15745536437728 41.4288117085376, 2.15734307069087 41.4288197854304, 2.15726650995876 41.4288105774766, 2.15716905416388 41.428784615675, 2.15709950000946 41.4287458631861, 2.15703619463365 41.428700530567, 2.15697759861541 41.4286154312334, 2.15695381414881 41.4285204445943, 2.1569656137323 41.4284150538996, 2.15706215676756 41.4280627956301, 2.15713602120003 41.4278223696699, 2.15720688898516 41.4275637536822, 2.15657261476193 41.4274564475017, 2.15632353000553 41.4273573226882, 2.15584324644977 41.4271532397566, 2.15733836288711 41.4249799938504, 2.15761799676591 41.4251390145287, 2.15775119600662 41.4252036309882, 2.15833889295583 41.4255216848824, 2.15818180811675 41.4262655955993, 2.15812359747778 41.4264694044915, 2.15813382185619 41.4267674096144, 2.15803905818414 41.4273206560268, 2.15797715724298 41.4276031304407, 2.15793342496537 41.427696147296, 2.15782195160667 41.4281798723738, 2.15779201632287 41.4283218087094, 2.15776824025122 41.4284835164267, 2.15773878547459 41.4286067748207, 2.15769427187371 41.4286784003749, 2.15761695308335 41.4287491371701, 2.15751837746658 41.4287959025676, 2.15745536437728 41.4288117085376))"
"07","Horta-Guinardó","37","el Carmel","148","072","POLYGON ((429640.1075 4586705.9335, 429643.0185 4586761.3435, 429565.2769 4586726.0416, 429452.4875 4586675.7035, 429418.3805 4586658.1695, 429388.8115 4586639.2375, 429372.9045 4586626.4885, 429343.7475 4586599.7275, 429337.3198 4586593.5655, 429337.3198 4586580.1615, 429338.1797 4586566.8662, 429363.0335 4586533.0215, 429388.9755 4586499.1295, 429406.0715 4586477.7315, 429448.8735 4586508.4795, 429465.1195 4586520.7075, 429505.4715 4586542.9735, 429526.3915 4586553.7755, 429579.5055 4586565.1725, 429573.8635 4586593.9415, 429567.9515 4586620.6935, 429560.2655 4586659.8795, 429559.3935 4586671.5895, 429561.4835 4586682.1155, 429566.4715 4586691.5155, 429571.81 4586696.4968, 429577.6635 4586700.7425, 429585.8345 4586703.5455, 429592.2415 4586704.5055, 429601.6155 4586703.5175, 429606.8635 4586701.7115, 429615.0495 4586696.4395, 429621.4335 4586688.5235, 429625.0755 4586680.5355, 429627.4035 4586666.8275, 429638.8605 4586668.8205, 429640.1075 4586705.9335))","POLYGON ((2.15791571683582 41.4288368410854, 2.15794410396952 41.4293361512691, 2.15701787622521 41.4290113882115, 2.15567399657606 41.4285481155175, 2.15526788723173 41.4283871977851, 2.15491624889953 41.4282140863572, 2.1547273811703 41.4280978629311, 2.15438159116798 41.427854273561, 2.15430539232493 41.4277982095763, 2.15430695900026 41.4276774853172, 2.15431880317471 41.4275578157143, 2.15462017685648 41.4272551764467, 2.15493457535798 41.4269522059911, 2.15514165563836 41.4267609856107, 2.15565026258874 41.4270416805039, 2.15584324644977 41.4271532397566, 2.15632353000553 41.4273573226882, 2.15657261476193 41.4274564475017, 2.15720688898516 41.4275637536822, 2.15713602120003 41.4278223696699, 2.15706215676756 41.4280627956301, 2.1569656137323 41.4284150538996, 2.15695381414881 41.4285204445943, 2.15697759861541 41.4286154312334, 2.15703619463365 41.428700530567, 2.15709950000946 41.4287458631861, 2.15716905416388 41.428784615675, 2.15726650995876 41.4288105774766, 2.15734307069087 41.4288197854304, 2.15745536437728 41.4288117085376, 2.15751837746658 41.4287959025676, 2.15761695308335 41.4287491371701, 2.15769427187371 41.4286784003749, 2.15773878547459 41.4286067748207, 2.15776824025122 41.4284835164267, 2.1579051134893 41.4285024702262, 2.15791571683582 41.4288368410854))"
"07","Horta-Guinardó","37","el Carmel","148","073","POLYGON ((429337.3198 4586580.1615, 429337.3198 4586593.5655, 429317.8315 4586576.7095, 429303.9105 4586565.7795, 429293.3015 4586558.1795, 429273.5035 4586545.4595, 429250.2135 4586532.6995, 429213.8295 4586514.9555, 429192.8775 4586503.7095, 429182.0875 4586497.4955, 429174.8255 4586492.8595, 429167.9705 4586487.8375, 429161.1095 4586482.0495, 429154.7195 4586475.7055, 429139.3955 4586457.9055, 429132.7095 4586451.5675, 429127.8455 4586447.8455, 429122.6455 4586444.3935, 429116.2055 4586440.7275, 429106.2675 4586436.1175, 429097.5815 4586432.6235, 429087.0875 4586428.9495, 429071.5675 4586424.5695, 429058.4155 4586421.5015, 429044.2205 4586418.9495, 429027.4535 4586417.2395, 429011.6662 4586416.5606, 429012.8952 4586412.9031, 429012.9217 4586408.81, 429012.0965 4586404.8005, 429087.7655 4586402.0335, 429158.2815 4586400.5195, 429182.4955 4586399.5035, 429198.4175 4586398.0335, 429219.9838 4586395.2879, 429239.4935 4586390.9235, 429268.3455 4586383.6935, 429290.5795 4586376.8775, 429305.7875 4586370.8935, 429309.3895 4586369.1625, 429310.6805 4586368.3565, 429314.1155 4586365.0435, 429362.6515 4586423.6775, 429406.0715 4586477.7315, 429388.9755 4586499.1295, 429363.0335 4586533.0215, 429338.1797 4586566.8662, 429337.3198 4586580.1615))","POLYGON ((2.15430695900026 41.4276774853172, 2.15430539232493 41.4277982095763, 2.15407415043389 41.42764468, 2.15390883912217 41.4275450129751, 2.15378277268836 41.4274756291766, 2.15354734324058 41.4273593225247, 2.1532701316195 41.4272423475815, 2.15283681293021 41.4270793294316, 2.1525874044905 41.4269761948473, 2.15245901227163 41.4269192767829, 2.15237265366768 41.4268768820269, 2.15229121081202 41.4268310465543, 2.1522097860216 41.4267783114546, 2.15213406278069 41.4267206101778, 2.15195277287225 41.4265589414297, 2.15187350730998 41.4265012679127, 2.1518157382831 41.4264673163056, 2.1517539169069 41.4264357668008, 2.15167728217524 41.4264021804389, 2.15155889929284 41.4263597831172, 2.15145536777585 41.4263275475239, 2.15133022201497 41.4262935310538, 2.15114501554013 41.4262527120498, 2.1509879920291 41.4262239185053, 2.15081842704975 41.4261996800164, 2.15061798554849 41.4261827975871, 2.15042914666363 41.4261752880678, 2.15044428290134 41.4261424551132, 2.15044508057648 41.4261055926303, 2.1504356765919 41.4260694078342, 2.15134149214586 41.4260511697946, 2.1521854972842 41.4260437554588, 2.15247537244151 41.4260367397446, 2.15266607473918 41.4260249035285, 2.15292446863674 41.4260020755317, 2.15315844158802 41.4259644859409, 2.15350454371105 41.4259019092322, 2.15377140287684 41.4258424777074, 2.15395408815512 41.4257899207693, 2.15399739361889 41.4257746473415, 2.15401293650946 41.4257675016358, 2.1540544285002 41.4257379650703, 2.15462838062237 41.4262703266278, 2.15514165563836 41.4267609856107, 2.15493457535798 41.4269522059911, 2.15462017685648 41.4272551764467, 2.15431880317471 41.4275578157143, 2.15430695900026 41.4276774853172))"
"07","Horta-Guinardó","37","el Carmel","148","074","POLYGON ((429469.4235 4586512.4335, 429465.1195 4586520.7075, 429448.8735 4586508.4795, 429406.0715 4586477.7315, 429362.6515 4586423.6775, 429314.1155 4586365.0435, 429334.1926 4586345.5688, 429339.5273 4586339.7941, 429345.8015 4586332.1315, 429386.4435 4586285.8895, 429439.5125 4586321.9715, 429413.3555 4586358.2555, 429511.6635 4586428.8815, 429469.4235 4586512.4335))","POLYGON ((2.15589571630575 41.4270790971499, 2.15584324644977 41.4271532397566, 2.15565026258874 41.4270416805039, 2.15514165563836 41.4267609856107, 2.15462838062237 41.4262703266278, 2.1540544285002 41.4257379650703, 2.15429695563141 41.4255643308326, 2.15436146759061 41.4255127897411, 2.15443744246176 41.425444327704, 2.15492918003136 41.4250314184451, 2.15556000869924 41.4253610572381, 2.15524276884859 41.4256855544581, 2.15641092967924 41.4263302861024, 2.15589571630575 41.4270790971499))"
"07","Horta-Guinardó","37","el Carmel","148","075","POLYGON ((429587.6995 4586278.2185, 429511.6635 4586428.8815, 429413.3555 4586358.2555, 429439.5125 4586321.9715, 429455.8965 4586319.2715, 429482.9455 4586282.3235, 429518.8565 4586228.9575, 429545.5215 4586247.5775, 429568.0955 4586264.3055, 429587.6995 4586278.2185))","POLYGON ((2.15733836288711 41.4249799938504, 2.15641092967924 41.4263302861024, 2.15524276884859 41.4256855544581, 2.15556000869924 41.4253610572381, 2.15575638050409 41.4253381783454, 2.15608436747422 41.425007777571, 2.1565203095943 41.4245302830808, 2.15683721894899 41.4247003248348, 2.15710539633378 41.4248529665902, 2.15733836288711 41.4249799938504))"
"07","Horta-Guinardó","37","el Carmel","148","076","POLYGON ((429455.8965 4586319.2715, 429439.5125 4586321.9715, 429386.4435 4586285.8895, 429391.4435 4586279.9965, 429351.4415 4586258.7915, 429317.2105 4586239.8415, 429332.8935 4586207.6055, 429335.9905 4586201.8075, 429264.0215 4586151.3275, 429233.1375 4586130.6075, 429283.8855 4586070.7035, 429288.6615 4586064.3475, 429361.9455 4586118.1975, 429396.8285 4586142.5315, 429407.3835 4586150.3335, 429456.6605 4586185.3375, 429518.8565 4586228.9575, 429482.9455 4586282.3235, 429455.8965 4586319.2715))","POLYGON ((2.15575638050409 41.4253381783454, 2.15556000869924 41.4253610572381, 2.15492918003136 41.4250314184451, 2.15498969966089 41.4249787820873, 2.15451350199857 41.4247842804802, 2.15410610060193 41.4246105945559, 2.15429753414307 41.4243216378302, 2.15433527091867 41.4242696900383, 2.15347998421106 41.4238087038768, 2.15311284913611 41.4236193675153, 2.15372710665152 41.4230843053036, 2.15378499918046 41.4230274797858, 2.1546556195586 41.4235189315023, 2.15507018890977 41.4237411642565, 2.15519557983055 41.4238123612203, 2.15578114835752 41.4241319564527, 2.1565203095943 41.4245302830808, 2.15608436747422 41.425007777571, 2.15575638050409 41.4253381783454))"
"07","Horta-Guinardó","37","el Carmel","148","077","POLYGON ((429254.9315 4586105.0655, 429233.1375 4586130.6075, 429176.5055 4586084.2495, 429159.6895 4586068.8415, 429137.5755 4586047.8695, 429117.6765 4586030.2235, 429111.9675 4586023.6775, 429100.2695 4585999.1295, 429074.9375 4585948.5015, 429064.5635 4585924.7015, 429060.7255 4585917.5655, 429068.2965 4585909.4415, 429109.0155 4585936.0945, 429160.2735 4585970.2835, 429288.6615 4586064.3475, 429283.8855 4586070.7035, 429272.7955 4586083.5395, 429254.9315 4586105.0655))","POLYGON ((2.15337662501168 41.4233912406581, 2.15311284913611 41.4236193675153, 2.15244061857345 41.4231968497027, 2.15224120418414 41.4230565936257, 2.15197904733848 41.4228657572812, 2.15174300653426 41.4227050716785, 2.1516754608045 41.4226456108596, 2.15153836240885 41.4224234849418, 2.15124118242706 41.4219652636241, 2.15111984173281 41.4217499910135, 2.15107475452794 41.4216853811481, 2.1511662994659 41.4216128800761, 2.1516504046597 41.4218565264837, 2.15225973773229 41.4221689738383, 2.15378499918046 41.4230274797858, 2.15372710665152 41.4230843053036, 2.15359290315025 41.4231989376683, 2.15337662501168 41.4233912406581))"
"07","Horta-Guinardó","37","el Carmel","148","078","POLYGON ((429174.6915 4586198.2255, 429155.8485 4586220.0275, 429142.9035 4586203.1375, 429124.6375 4586187.9255, 429100.0465 4586168.5675, 429075.4065 4586177.4375, 429071.4755 4586169.6455, 429067.6135 4586159.8615, 429061.9035 4586143.5495, 429060.0435 4586136.0775, 429059.1895 4586125.4655, 429058.1715 4586099.1635, 429056.7855 4586076.4855, 429056.4575 4586060.7355, 429056.6135 4586049.4525, 429056.2975 4586039.6995, 429055.3175 4586027.0495, 429053.9435 4586017.8655, 429051.6055 4586007.0715, 429049.2555 4585998.0945, 429046.3095 4585989.5815, 429029.1835 4585951.3035, 429024.5195 4585939.4115, 429013.3975 4585921.6915, 428954.8585 4585842.5065, 428956.9935 4585841.3055, 428997.3235 4585867.7995, 429008.9661 4585874.7579, 429045.1011 4585897.6223, 429059.4375 4585904.0715, 429068.2965 4585909.4415, 429060.7255 4585917.5655, 429064.5635 4585924.7015, 429074.9375 4585948.5015, 429100.2695 4585999.1295, 429111.9675 4586023.6775, 429117.6765 4586030.2235, 429137.5755 4586047.8695, 429159.6895 4586068.8415, 429176.5055 4586084.2495, 429233.1375 4586130.6075, 429174.6915 4586198.2255))","POLYGON ((2.15240556274851 41.4242232244861, 2.15217753047455 41.4244179246298, 2.15202460758484 41.4242646617686, 2.15180781702969 41.4241260423437, 2.15151582799106 41.4239495230478, 2.15121994329333 41.4240272365304, 2.15117381855286 41.4239567101843, 2.15112875324059 41.4238682487983, 2.15106234060401 41.4237208292445, 2.15104096035046 41.423653367816, 2.1510319863267 41.4235577145434, 2.15102289060983 41.4233207334887, 2.1510089663251 41.4231163597895, 2.15100688925723 41.4229744771245, 2.1510100796254 41.4228728696078, 2.15100744259731 41.4227850004848, 2.15099720011697 41.4226709806508, 2.15098183650442 41.4225881428451, 2.15095512677013 41.4224907193065, 2.1509280603424 41.4224096596661, 2.15089380793095 41.4223327264394, 2.15069337410536 41.4219864597346, 2.15063896167292 41.4218789414198, 2.1505079591419 41.4217183621415, 2.14981680307766 41.4210000015462, 2.1498424905836 41.4209893734198, 2.15032195019911 41.4212315589096, 2.1504604438729 41.4212952591268, 2.15089013805061 41.4215043813034, 2.15106092565577 41.421563732545, 2.1511662994659 41.4216128800761, 2.15107475452794 41.4216853811481, 2.15111984173281 41.4217499910135, 2.15124118242706 41.4219652636241, 2.15153836240885 41.4224234849418, 2.1516754608045 41.4226456108596, 2.15174300653426 41.4227050716785, 2.15197904733848 41.4228657572812, 2.15224120418414 41.4230565936257, 2.15244061857345 41.4231968497027, 2.15311284913611 41.4236193675153, 2.15240556274851 41.4242232244861))"
"07","Horta-Guinardó","37","el Carmel","148","079","POLYGON ((429386.4435 4586285.8895, 429345.8015 4586332.1315, 429326.3235 4586321.4735, 429297.0435 4586304.6215, 429151.7215 4586224.8035, 429233.1375 4586130.6075, 429264.0215 4586151.3275, 429335.9905 4586201.8075, 429332.8935 4586207.6055, 429317.2105 4586239.8415, 429351.4415 4586258.7915, 429391.4435 4586279.9965, 429386.4435 4586285.8895))","POLYGON ((2.15492918003136 41.4250314184451, 2.15443744246176 41.425444327704, 2.15420560731443 41.4253466221462, 2.15385720317553 41.4251922666998, 2.15212758648177 41.4244605761316, 2.15311284913611 41.4236193675153, 2.15347998421106 41.4238087038768, 2.15433527091867 41.4242696900383, 2.15429753414307 41.4243216378302, 2.15410610060193 41.4246105945559, 2.15451350199857 41.4247842804802, 2.15498969966089 41.4249787820873, 2.15492918003136 41.4250314184451))"
"07","Horta-Guinardó","37","el Carmel","148","080","POLYGON ((429140.1275 4586400.9235, 429136.037 4586400.9735, 429128.495133 4586314.682975, 429127.4315 4586305.3726, 429155.3716 4586299.7291, 429177.1733 4586297.2949, 429181.8585 4586289.0465, 429165.2535 4586281.2705, 429156.9891 4586276.3739, 429147.6589 4586269.794, 429126.9375 4586252.6495, 429119.4875 4586245.2375, 429111.1815 4586235.5915, 429103.2795 4586225.6315, 429091.2215 4586207.1615, 429084.4415 4586194.8695, 429075.4065 4586177.4375, 429100.0465 4586168.5675, 429124.6375 4586187.9255, 429142.9035 4586203.1375, 429155.8485 4586220.0275, 429151.7215 4586224.8035, 429297.0435 4586304.6215, 429326.3235 4586321.4735, 429345.8015 4586332.1315, 429339.5273 4586339.7941, 429334.1926 4586345.5688, 429310.6805 4586368.3565, 429305.7875 4586370.8935, 429290.5795 4586376.8775, 429268.3455 4586383.6935, 429239.4935 4586390.9235, 429219.9838 4586395.2879, 429198.4175 4586398.0335, 429182.4955 4586399.5035, 429158.2815 4586400.5195, 429140.1275 4586400.9235))","POLYGON ((2.151968210622 41.4260457929819, 2.15191925591187 41.4260458824828, 2.15183912085953 41.4252680344568, 2.15182748437952 41.425184085959, 2.15216248560049 41.4251357217468, 2.15242365651757 41.425115720249, 2.15248068710944 41.4250418433701, 2.15228289785252 41.4249703442084, 2.15218457747369 41.4249255138204, 2.15207370083926 41.4248654285684, 2.15182775283418 41.4247091873935, 2.15173947331621 41.4246417733163, 2.15164121281977 41.4245541629321, 2.1515478237398 41.424463760051, 2.15140570149831 41.4242963442564, 2.15132601260447 41.4241850368772, 2.15121994329333 41.4240272365304, 2.15151582799106 41.4239495230478, 2.15180781702969 41.4241260423437, 2.15202460758484 41.4242646617686, 2.15217753047455 41.4244179246298, 2.15212758648177 41.4244605761316, 2.15385720317553 41.4251922666998, 2.15420560731443 41.4253466221462, 2.15443744246176 41.425444327704, 2.15436146759061 41.4255127897411, 2.15429695563141 41.4255643308326, 2.15401293650946 41.4257675016358, 2.15395408815512 41.4257899207693, 2.15377140287684 41.4258424777074, 2.15350454371105 41.4259019092322, 2.15315844158802 41.4259644859409, 2.15292446863674 41.4260020755317, 2.15266607473918 41.4260249035285, 2.15247537244151 41.4260367397446, 2.1521854972842 41.4260437554588, 2.151968210622 41.4260457929819))"
"07","Horta-Guinardó","38","la Teixonera","149","081","POLYGON ((429033.6855 4586404.0495, 429012.0965 4586404.8005, 429011.2931 4586400.327, 429009.5115 4586395.9735, 429006.7333 4586390.8515, 429003.8123 4586387.105, 429000.1695 4586383.2615, 428995.7455 4586379.7535, 428990.4535 4586376.9955, 428984.3795 4586374.9915, 428976.133500001 4586373.1795, 428963.383500001 4586366.9995, 428946.7395 4586359.6015, 428936.7115 4586354.6285, 428924.7675 4586347.9495, 428915.0555 4586341.7575, 428895.0395 4586327.0135, 428885.3055 4586319.0635, 428877.6615 4586312.1155, 428857.6815 4586291.8415, 428842.7175 4586277.8015, 428829.9355 4586266.6975, 428817.3895 4586257.0455, 428803.2595 4586247.3595, 428788.6375 4586238.4295, 428763.1815 4586224.8015, 428747.0885 4586217.4325, 428780.2015 4586161.6975, 428807.4945 4586117.0965, 428820.1475 4586123.1635, 428829.5175 4586128.8785, 428838.3655 4586135.3295, 428852.8095 4586147.8115, 428870.4495 4586166.0625, 428943.1027 4586238.1826, 428947.7433 4586234.2105, 428878.3495 4586162.4495, 428884.3535 4586159.5735, 428942.9395 4586137.5015, 428971.3665 4586126.3075, 428986.5895 4586147.4395, 429022.8035 4586196.2735, 429030.5755 4586208.2275, 429037.8255 4586219.8395, 429045.3395 4586232.8755, 429051.3475 4586244.9035, 429053.5205 4586250.1095, 429055.8535 4586258.6375, 429072.1475 4586260.5095, 429087.5155 4586260.4335, 429103.6935 4586258.7435, 429119.2775 4586255.5975, 429126.9375 4586252.6495, 429147.6589 4586269.794, 429156.9891 4586276.3739, 429165.2535 4586281.2705, 429181.8585 4586289.0465, 429177.1733 4586297.2949, 429155.3716 4586299.7291, 429127.4315 4586305.3726, 429128.4951 4586314.6826, 429136.037 4586400.9735, 429087.7655 4586402.0335, 429033.6855 4586404.0495))","POLYGON ((2.15069410888918 41.4260645513839, 2.1504356765919 41.4260694078342, 2.15042658796473 41.4260290459115, 2.15040577967173 41.4259896783332, 2.15037313587597 41.4259433011224, 2.15033862180498 41.4259092998304, 2.1502954817878 41.4258743610959, 2.15024295424392 41.4258423750042, 2.15017995181448 41.4258170670966, 2.15010750313504 41.4257984809846, 2.15000904088773 41.4257814320623, 2.14985719515589 41.42572464406, 2.14965889568348 41.4256565414404, 2.1495394811847 41.4256108647128, 2.14939733982169 41.4255496531265, 2.14928185038954 41.4254930250756, 2.1490440655903 41.4253584607121, 2.14892852031386 41.425285996803, 2.14883786701832 41.4252227424047, 2.14860116556633 41.4250383739612, 2.14842375448827 41.4249105963371, 2.14827210883968 41.424809455056, 2.14812311675492 41.4247214120356, 2.14795517461746 41.4246329222228, 2.14778125654247 41.4245511975266, 2.14747825091992 41.4244261990762, 2.14728654786024 41.4243584024626, 2.14768934743703 41.4238593572171, 2.1480211880572 41.4234600739689, 2.14817187950522 41.4235158380139, 2.14828332824655 41.4235681407216, 2.14838844429421 41.4236270259265, 2.14855981282204 41.4237407253011, 2.14876874686293 41.4239066663431, 2.14962964516521 41.4245626510008, 2.14968564222254 41.4245272864141, 2.14886370375778 41.4238748249869, 2.14893588623958 41.4238494535671, 2.14963952351403 41.4236558442503, 2.14998099660265 41.4235575383572, 2.15016067347164 41.4237492111712, 2.15058827973279 41.4241922388256, 2.15067987745524 41.4243005901129, 2.15076526927734 41.4244058149686, 2.15085365334717 41.4245238884509, 2.1509241348967 41.4246327502309, 2.15094952663588 41.4246798303997, 2.1509764432406 41.4247568445562, 2.15117120143344 41.4247751436298, 2.15135510745877 41.4247758158144, 2.15154889538619 41.4247620225636, 2.15173574597332 41.4247350629914, 2.15182775283418 41.4247091873935, 2.15207370083926 41.4248654285684, 2.15218457747369 41.4249255138204, 2.15228289785252 41.4249703442084, 2.15248068710944 41.4250418433701, 2.15242365651757 41.425115720249, 2.15216248560049 41.4251357217468, 2.15182748437952 41.425184085959, 2.1518391205086 41.4252680310764, 2.15191925591187 41.4260458824828, 2.15134149214586 41.4260511697946, 2.15069410888918 41.4260645513839))"
"07","Horta-Guinardó","38","la Teixonera","149","082","POLYGON ((429087.5155 4586260.4335, 429072.1475 4586260.5095, 429055.8535 4586258.6375, 429053.5205 4586250.1095, 429051.3475 4586244.9035, 429045.3395 4586232.8755, 429037.8255 4586219.8395, 429022.8035 4586196.2735, 428975.9115 4586132.7575, 428943.6615 4586087.1435, 428926.3352 4586061.8926, 428939.5805 4586054.8925, 428959.4195 4586041.5065, 428963.5605 4586037.8955, 428969.1555 4586031.6615, 428977.3015 4586020.2615, 428984.1518 4586008.6645, 428991.9435 4585988.0795, 428995.8075 4585979.1005, 428999.5085 4585971.5075, 429003.8675 4585964.2075, 429011.4195 4585953.6575, 429018.8995 4585944.8015, 429024.5195 4585939.4115, 429029.1835 4585951.3035, 429046.3095 4585989.5815, 429049.2555 4585998.0945, 429051.6055 4586007.0715, 429053.9435 4586017.8655, 429055.3175 4586027.0495, 429056.2975 4586039.6995, 429056.7855 4586076.4855, 429058.1715 4586099.1635, 429059.1895 4586125.4655, 429060.0435 4586136.0775, 429061.9035 4586143.5495, 429067.6135 4586159.8615, 429071.4755 4586169.6455, 429084.4415 4586194.8695, 429091.2215 4586207.1615, 429103.2795 4586225.6315, 429111.1815 4586235.5915, 429119.4875 4586245.2375, 429126.9375 4586252.6495, 429119.2775 4586255.5975, 429103.6935 4586258.7435, 429087.5155 4586260.4335))","POLYGON ((2.15135510745877 41.4247758158144, 2.15117120143344 41.4247751436298, 2.1509764432406 41.4247568445562, 2.15094952663588 41.4246798303997, 2.1509241348967 41.4246327502309, 2.15085365334717 41.4245238884509, 2.15076526927734 41.4244058149686, 2.15058827973279 41.4241922388256, 2.15003462453008 41.423616032621, 2.14965408038724 41.4232023547301, 2.14944972271724 41.4229733978637, 2.14960903723387 41.4229115225361, 2.14984800105561 41.4227927149201, 2.14989797589684 41.4227605583038, 2.14996565714182 41.4227049059511, 2.15006446986096 41.4226029510655, 2.15014780129804 41.4224991072652, 2.15024345244336 41.4223143954306, 2.15029074247787 41.4222338668124, 2.15033591925079 41.4221658068935, 2.15038893498837 41.4221004440295, 2.15048053870111 41.4220060918682, 2.15057108178612 41.4219269904238, 2.15063896167292 41.4218789414198, 2.15069337410536 41.4219864597346, 2.15089380793095 41.4223327264394, 2.1509280603424 41.4224096596661, 2.15095512677013 41.4224907193065, 2.15098183650442 41.4225881428451, 2.15099720011697 41.4226709806508, 2.15100744259731 41.4227850004848, 2.1510089663251 41.4231163597895, 2.15102289060983 41.4233207334887, 2.1510319863267 41.4235577145434, 2.15104096035046 41.423653367816, 2.15106234060401 41.4237208292445, 2.15112875324059 41.4238682487983, 2.15117381855286 41.4239567101843, 2.15132601260447 41.4241850368772, 2.15140570149831 41.4242963442564, 2.1515478237398 41.424463760051, 2.15164121281977 41.4245541629321, 2.15173947331621 41.4246417733163, 2.15182775283418 41.4247091873935, 2.15173574597332 41.4247350629914, 2.15154889538619 41.4247620225636, 2.15135510745877 41.4247758158144))"
"07","Horta-Guinardó","38","la Teixonera","149","083","POLYGON ((428939.5805 4586054.8925, 428926.3352 4586061.8926, 428921.2875 4586054.2095, 428895.2035 4586019.7715, 428841.1395 4585943.6295, 428808.6675 4585922.8075, 428787.134 4585909.9126, 428926.9751 4585913.9544, 428928.1201 4585884.5601, 428927.0702 4585805.2231, 428928.7535 4585807.7415, 428932.2175 4585811.7935, 428990.6635 4585890.6355, 429013.3975 4585921.6915, 429024.5195 4585939.4115, 429018.8995 4585944.8015, 429011.4195 4585953.6575, 429003.8675 4585964.2075, 428999.5085 4585971.5075, 428995.8075 4585979.1005, 428991.9435 4585988.0795, 428984.1518 4586008.6645, 428977.3015 4586020.2615, 428973.1155 4586026.3815, 428969.1555 4586031.6615, 428963.5605 4586037.8955, 428959.4195 4586041.5065, 428939.5805 4586054.8925))","POLYGON ((2.14960903723387 41.4229115225361, 2.14944972271724 41.4229733978637, 2.14939022552568 41.4229037528418, 2.14908215668065 41.4225912761217, 2.14844419580085 41.4219007105072, 2.14805809681397 41.4217102988756, 2.1478019526582 41.4215922516149, 2.14947476652528 41.4216410369754, 2.14949192164824 41.4213763960564, 2.14948868263082 41.4206617478407, 2.1495085281653 41.4206845789214, 2.14954950043772 41.4207213800033, 2.15023957809743 41.4214366447049, 2.1505079591419 41.4217183621415, 2.15063896167292 41.4218789414198, 2.15057108178612 41.4219269904238, 2.15048053870111 41.4220060918682, 2.15038893498837 41.4221004440295, 2.15033591925079 41.4221658068935, 2.15029074247787 41.4222338668124, 2.15024345244336 41.4223143954306, 2.15014780129804 41.4224991072652, 2.15006446986096 41.4226029510655, 2.15001366206956 41.4226577012943, 2.14996565714182 41.4227049059511, 2.14989797589684 41.4227605583038, 2.14984800105561 41.4227927149201, 2.14960903723387 41.4229115225361))"
"07","Horta-Guinardó","38","la Teixonera","149","084","POLYGON ((428875.7335 4586069.9315, 428863.2895 4586069.5265, 428859.0355 4586055.2295, 428853.7335 4586041.3255, 428849.0155 4586026.1995, 428840.7015 4586001.9935, 428839.1115 4585996.3175, 428837.4615 4585992.7195, 428834.1995 4585987.8115, 428831.9735 4585985.6075, 428829.4495 4585983.6935, 428825.2495 4585981.4815, 428774.0235 4585959.9675, 428751.0315 4585949.5055, 428731.1535 4585941.0095, 428588.4138 4585882.0721, 428542.8195 4585885.8395, 428531.7635 4585887.0295, 428519.5155 4585887.7935, 428510.0555 4585887.5835, 428501.5335 4585886.4555, 428491.4555 4585883.7975, 428482.3335 4585880.8315, 428475.7695 4585877.8595, 428468.5455 4585874.0795, 428430.5375 4585850.3445, 428417.4415 4585842.6055, 428407.9175 4585841.6175, 428402.3355 4585843.2515, 428396.7455 4585847.0355, 428391.7145 4585855.5695, 428385.7695 4585871.0295, 428383.8175 4585880.7765, 428383.8195 4585886.1935, 428384.5855 4585890.5205, 428386.0575 4585894.6635, 428390.4435 4585901.4215, 428401.7374 4585912.5112, 428390.0555 4585926.0605, 428359.8235 4585958.0145, 428269.3255 4585949.3415, 428245.6335 4585947.3255, 428203.6555 4585945.1705, 428172.6855 4585861.1155, 428202.7215 4585878.3145, 428278.6055 4585908.2995, 428288.6475 4585910.8755, 428301.8255 4585909.7635, 428311.2155 4585905.5635, 428319.3595 4585899.1255, 428459.2697 4585751.9288, 428469.5955 4585757.8035, 428512.3759 4585794.6989, 428528.2414 4585817.0493, 428537.0302 4585823.3668, 428564.1885 4585834.4755, 428717.7905 4585874.2025, 428787.134 4585909.9126, 428808.6675 4585922.8075, 428841.1395 4585943.6295, 428895.2035 4586019.7715, 428921.2875 4586054.2095, 428926.3352 4586061.8926, 428920.2655 4586063.1155, 428911.8355 4586065.5115, 428903.2575 4586067.2615, 428891.5975 4586068.8295, 428875.7335 4586069.9315))","POLYGON ((2.14884328243105 41.4230413227637, 2.14869442629556 41.4230365733539, 2.14864520527633 41.4229074296191, 2.14858339798902 41.4227817326427, 2.14852872276488 41.4226450813126, 2.14843208716487 41.4224263317258, 2.14841372946445 41.4223750695542, 2.14839440931532 41.4223425177367, 2.14835595451952 41.4222980245112, 2.14832957808823 41.4222779768332, 2.14829960174568 41.4222605146593, 2.14824960587617 41.4222402200439, 2.14763918178322 41.4220419128431, 2.14736529849968 41.4219456474146, 2.14712844548844 41.4218673645033, 2.14542742668389 41.4213238661047, 2.14488141916892 41.4213537437152, 2.14474898700508 41.4213634781657, 2.14460234217179 41.4213692696162, 2.14448917251963 41.4213665365557, 2.14438733513141 41.4213556188238, 2.14426706024003 41.4213307824633, 2.14415826095674 41.4213032570507, 2.14408007040689 41.421275905216, 2.14399407821971 41.4212412172602, 2.1435420999242 41.4210240615876, 2.14338631544444 41.4209531930951, 2.14327247289103 41.4209434460319, 2.14320548798505 41.4209576653668, 2.14313815277397 41.4209912480728, 2.14307694379604 41.4210676617609, 2.14300397801939 41.4212063734403, 2.14297946702223 41.4212939864715, 2.1429788494731 41.4213427752292, 2.14298750270895 41.4213818149266, 2.14300462545297 41.4214192603428, 2.14305630633585 41.421480517655, 2.14319013176323 41.4215814043147, 2.14304874614844 41.4217023958985, 2.14268321540659 41.4219874966157, 2.14160137268939 41.4219013081253, 2.14131812106301 41.4218810353296, 2.1408160819163 41.4218578760732, 2.14045548841922 41.4210980613972, 2.14081284317345 41.4212556498592, 2.14171728160831 41.4215324891673, 2.14183713481506 41.4215565864354, 2.14199494953559 41.4215477472236, 2.14210780452946 41.421510757539, 2.14220601552143 41.4214534998851, 2.14389753741033 41.4201402324033, 2.14402039454004 41.4201940626345, 2.14452791690351 41.4205301711505, 2.1447151132247 41.4207328831097, 2.14481952888231 41.4207905638861, 2.14514317896541 41.4208930302982, 2.1469764224727 41.4212644766327, 2.1478019526582 41.4215922516149, 2.14805809681397 41.4217102988756, 2.14844419580085 41.4219007105072, 2.14908215668065 41.4225912761217, 2.14939022552568 41.4229037528418, 2.14944972271724 41.4229733978637, 2.14937694955618 41.42298387503, 2.14927579534659 41.4230047089253, 2.14917294607027 41.4230197113831, 2.14903323921707 41.423032801773, 2.14884328243105 41.4230413227637))"
"07","Horta-Guinardó","38","la Teixonera","149","085","POLYGON ((428947.7433 4586234.2105, 428943.1027 4586238.1826, 428870.4495 4586166.0625, 428852.8095 4586147.8115, 428838.3655 4586135.3295, 428829.5175 4586128.8785, 428820.1475 4586123.1635, 428809.2205 4586117.8235, 428803.6115 4586115.4595, 428795.0555 4586112.5735, 428789.1615 4586111.6475, 428781.1217 4586111.5847, 428774.7248 4586110.6314, 428742.4995 4586097.5415, 428766.7548 4586040.4645, 428755.2454 4586032.2095, 428745.4215 4586024.1716, 428667.2965 4585940.7035, 428682.9295 4585938.8675, 428718.1615 4585935.7865, 428751.0315 4585949.5055, 428774.0235 4585959.9675, 428825.2495 4585981.4815, 428829.4495 4585983.6935, 428831.9735 4585985.6075, 428834.1995 4585987.8115, 428837.4615 4585992.7195, 428839.1115 4585996.3175, 428840.7015 4586001.9935, 428849.0155 4586026.1995, 428853.7335 4586041.3255, 428859.0355 4586055.2295, 428863.2895 4586069.5265, 428875.7335 4586069.9315, 428885.7205 4586069.3755, 428897.4475 4586068.1255, 428908.9895 4586066.1685, 428920.2655 4586063.1155, 428926.3352 4586061.8926, 428943.6615 4586087.1435, 428971.3665 4586126.3075, 428942.9395 4586137.5015, 428884.3535 4586159.5735, 428878.3495 4586162.4495, 428947.7433 4586234.2105))","POLYGON ((2.14968564222254 41.4245272864141, 2.14962964516521 41.4245626510008, 2.14876874686293 41.4239066663431, 2.14855981282204 41.4237407253011, 2.14838844429421 41.4236270259265, 2.14828332824655 41.4235681407216, 2.14817187950522 41.4235158380139, 2.14804175575688 41.4234667746974, 2.14797491687872 41.4234449861028, 2.14787287577829 41.4234182348492, 2.14780245736398 41.4234093723522, 2.14770626072245 41.4234080940719, 2.14762982787176 41.4233989410091, 2.14724576336762 41.423278188252, 2.14754272454131 41.4227662708652, 2.14740597728465 41.4226909010339, 2.14728937316592 41.4226176358575, 2.14636438868573 41.4218589415297, 2.14655166476454 41.4218437932694, 2.14697360289659 41.4218191705951, 2.14736529849968 41.4219456474146, 2.14763918178322 41.4220419128431, 2.14824960587617 41.4222402200439, 2.14829960174568 41.4222605146593, 2.14832957808823 41.4222779768332, 2.14835595451952 41.4222980245112, 2.14839440931532 41.4223425177367, 2.14841372946445 41.4223750695542, 2.14843208716487 41.4224263317258, 2.14852872276488 41.4226450813126, 2.14858339798902 41.4227817326427, 2.14864520527633 41.4229074296191, 2.14869442629556 41.4230365733539, 2.14884328243105 41.4230413227637, 2.14896285136156 41.4230371991779, 2.14910332256203 41.4230269788957, 2.14924166314461 41.4230103744194, 2.14937694955618 41.42298387503, 2.14944972271724 41.4229733978637, 2.14965408038724 41.4232023547301, 2.14998099660265 41.4235575383572, 2.14963952351403 41.4236558442503, 2.14893588623958 41.4238494535671, 2.14886370375778 41.4238748249869, 2.14968564222254 41.4245272864141))"
"07","Horta-Guinardó","38","la Teixonera","149","086","POLYGON ((428745.5855 4586089.8615, 428742.4995 4586097.5415, 428641.4835 4586056.5895, 428617.2375 4586047.1775, 428620.1535 4586039.9775, 428621.0695 4586038.3935, 428623.2815 4586036.0945, 428625.4755 4586035.0295, 428648.7715 4586032.1195, 428716.5069 4586025.0448, 428725.1591 4586020.5561, 428718.8881 4586012.6093, 428477.8475 4585913.9655, 428439.0465 4585897.4955, 428434.0435 4585896.2015, 428429.6175 4585895.8555, 428425.1915 4585896.2235, 428420.6255 4585897.7095, 428416.2935 4585899.9615, 428410.3955 4585904.6295, 428401.7374 4585912.5112, 428390.4435 4585901.4215, 428386.0575 4585894.6635, 428384.5855 4585890.5205, 428383.8195 4585886.1935, 428383.8175 4585880.7765, 428385.7695 4585871.0295, 428391.7145 4585855.5695, 428396.7455 4585847.0355, 428402.3355 4585843.2515, 428407.9175 4585841.6175, 428417.4415 4585842.6055, 428430.5375 4585850.3445, 428468.5455 4585874.0795, 428475.7695 4585877.8595, 428482.3335 4585880.8315, 428491.4555 4585883.7975, 428501.5335 4585886.4555, 428510.0555 4585887.5835, 428519.5155 4585887.7935, 428531.7635 4585887.0295, 428542.8195 4585885.8395, 428588.4138 4585882.0721, 428718.1615 4585935.7865, 428682.9295 4585938.8675, 428667.2965 4585940.7035, 428745.4215 4586024.1716, 428755.2454 4586032.2095, 428766.7548 4586040.4645, 428745.5855 4586089.8615))","POLYGON ((2.1472835952432 41.4232092914615, 2.14724576336762 41.423278188252, 2.14604184391036 41.4229003851218, 2.14575283033497 41.4228134613774, 2.14578857265055 41.4227488731359, 2.14579972033524 41.4227346881073, 2.14582646013881 41.4227141785179, 2.1458528388933 41.4227047814338, 2.14613193843932 41.42268064156, 2.14694328314815 41.4226229354604, 2.1470473429322 41.4225832752676, 2.14697324198895 41.4225111454597, 2.14410066478413 41.4216012814354, 2.14363833527641 41.4214494882655, 2.1435786245018 41.4214373881466, 2.14352570570826 41.4214338776232, 2.14347270241741 41.4214367977659, 2.14341789161218 41.4214497747555, 2.1433657900675 41.4214696715989, 2.14329466435076 41.4215111887544, 2.14319013176323 41.4215814043147, 2.14305630633585 41.421480517655, 2.14300462545297 41.4214192603428, 2.14298750270895 41.4213818149266, 2.1429788494731 41.4213427752292, 2.14297946702223 41.4212939864715, 2.14300397801939 41.4212063734403, 2.14307694379604 41.4210676617609, 2.14313815277397 41.4209912480728, 2.14320548798505 41.4209576653668, 2.14327247289103 41.4209434460319, 2.14338631544444 41.4209531930951, 2.1435420999242 41.4210240615876, 2.14399407821971 41.4212412172602, 2.14408007040689 41.421275905216, 2.14415826095674 41.4213032570507, 2.14426706024003 41.4213307824633, 2.14438733513141 41.4213556188238, 2.14448917251963 41.4213665365557, 2.14460234217179 41.4213692696162, 2.14474898700508 41.4213634781657, 2.14488141916892 41.4213537437152, 2.14542742668389 41.4213238661047, 2.14697360289659 41.4218191705951, 2.14655166476454 41.4218437932694, 2.14636438868573 41.4218589415297, 2.14728937316592 41.4226176358575, 2.14740597728465 41.4226909010339, 2.14754272454131 41.4227662708652, 2.1472835952432 41.4232092914615))"
"07","Horta-Guinardó","38","la Teixonera","149","087","POLYGON ((428629.6675 4586121.3315, 428621.1015 4586121.4535, 428589.1595 4586103.8775, 428582.4105 4586099.3255, 428559.4395 4586084.9795, 428541.5935 4586075.9055, 428489.4815 4586053.4615, 428443.0095 4586034.8795, 428409.3555 4586020.8695, 428382.9595 4586010.3195, 428371.8755 4586006.2435, 428366.8055 4586004.6935, 428360.6035 4586003.3275, 428354.1895 4586002.5035, 428347.7155 4586002.2115, 428295.7705 4586006.5585, 428291.7855 4585970.5355, 428290.4725 4585951.3855, 428359.8235 4585958.0145, 428390.0555 4585926.0605, 428401.7374 4585912.5112, 428410.3955 4585904.6295, 428416.2935 4585899.9615, 428420.6255 4585897.7095, 428425.1915 4585896.2235, 428429.6175 4585895.8555, 428434.0435 4585896.2015, 428439.0465 4585897.4955, 428477.8475 4585913.9655, 428718.8881 4586012.6093, 428725.1591 4586020.5561, 428716.5069 4586025.0448, 428648.7715 4586032.1195, 428625.4755 4586035.0295, 428623.2815 4586036.0945, 428621.0695 4586038.3935, 428620.1535 4586039.9775, 428617.2375 4586047.1775, 428641.4835 4586056.5895, 428774.7248 4586110.6314, 428770.8475 4586115.2403, 428764.4635 4586118.2035, 428728.6435 4586119.5015, 428629.6675 4586121.3315))","POLYGON ((2.14589281398903 41.4234824390284, 2.14579029899096 41.423482776814, 2.14541015723759 41.4233216387501, 2.14532993664405 41.4232800409206, 2.14505676183424 41.4231487903469, 2.14484429034459 41.423065477624, 2.14422337745317 41.4228586974375, 2.143669498794 41.4226871996455, 2.1432684594031 41.4225580195138, 2.14295385948449 41.4224606477261, 2.14282171351481 41.4224229488587, 2.14276123062763 41.4224085366563, 2.14268718071642 41.4223956806935, 2.14261052987847 41.4223876873366, 2.14253309807956 41.4223844800705, 2.14191102081711 41.4224189972801, 2.1418676087297 41.42209419816, 2.14185416852144 41.421921605263, 2.14268321540659 41.4219874966157, 2.14304874614844 41.4217023958985, 2.14319013176323 41.4215814043147, 2.14329466435076 41.4215111887544, 2.1433657900675 41.4214696715989, 2.14341789161218 41.4214497747555, 2.14347270241741 41.4214367977659, 2.14352570570826 41.4214338776232, 2.1435786245018 41.4214373881466, 2.14363833527641 41.4214494882655, 2.14410066478413 41.4216012814354, 2.14697324198895 41.4225111454597, 2.1470473429322 41.4225832752676, 2.14694328314815 41.4226229354604, 2.14613193843932 41.42268064156, 2.1458528388933 41.4227047814338, 2.14582646013881 41.4227141785179, 2.14579972033524 41.4227346881073, 2.14578857265055 41.4227488731359, 2.14575283033497 41.4228134613774, 2.14604184391036 41.4229003851218, 2.14762982787176 41.4233989410091, 2.14758288931636 41.4234401076627, 2.147506149432 41.4234662299142, 2.14707737494336 41.4234747435497, 2.14589281398903 41.4234824390284))"
"07","Horta-Guinardó","38","la Teixonera","149","088","POLYGON ((428357.8897 4586259.5884, 428333.3755 4586269.0285, 428326.8515 4586253.6065, 428289.1125 4586170.5115, 428275.2445 4586137.6115, 428203.6555 4585945.1705, 428245.6335 4585947.3255, 428290.4725 4585951.3855, 428291.7855 4585970.5355, 428295.7705 4586006.5585, 428347.7155 4586002.2115, 428354.1895 4586002.5035, 428360.6035 4586003.3275, 428366.8055 4586004.6935, 428371.8755 4586006.2435, 428382.9595 4586010.3195, 428409.3555 4586020.8695, 428443.0095 4586034.8795, 428489.4815 4586053.4615, 428541.5935 4586075.9055, 428559.4395 4586084.9795, 428582.4105 4586099.3255, 428589.1595 4586103.8775, 428621.1015 4586121.4535, 428671.9055 4586120.7355, 428728.6435 4586119.5015, 428764.4635 4586118.2035, 428770.8475 4586115.2403, 428774.7248 4586110.6314, 428781.1217 4586111.5847, 428789.1615 4586111.6475, 428795.0555 4586112.5735, 428803.6115 4586115.4595, 428807.4945 4586117.0965, 428780.2015 4586161.6975, 428747.0885 4586217.4325, 428731.6605 4586211.5735, 428709.6335 4586206.3155, 428690.0115 4586203.1575, 428671.2695 4586201.4615, 428644.1715 4586203.6355, 428619.8195 4586209.2255, 428610.2275 4586212.1255, 428552.7888 4586231.8269, 428539.9631 4586232.7596, 428523.7706 4586233.4739, 428503.2124 4586231.8071, 428488.7661 4586228.9496, 428475.9867 4586227.5208, 428461.4611 4586226.8064, 428440.7441 4586227.9177, 428426.0465 4586229.4258, 428415.6616 4586232.2833, 428397.8022 4586239.1096, 428371.9656 4586252.9209, 428357.8897 4586259.5884))","POLYGON ((2.14262434722525 41.4247034688516, 2.1423298866527 41.4247863051834, 2.14225364713714 41.4246468239728, 2.14181190993048 41.4238950559765, 2.14164986722496 41.4235975021191, 2.1408160819163 41.4218578760732, 2.14131812106301 41.4218810353296, 2.14185416852144 41.421921605263, 2.1418676087297 41.42209419816, 2.14191102081711 41.4224189972801, 2.14253309807956 41.4223844800705, 2.14261052987847 41.4223876873366, 2.14268718071642 41.4223956806935, 2.14276123062763 41.4224085366563, 2.14282171351481 41.4224229488587, 2.14295385948449 41.4224606477261, 2.1432684594031 41.4225580195138, 2.143669498794 41.4226871996455, 2.14422337745317 41.4228586974375, 2.14484429034459 41.423065477624, 2.14505676183424 41.4231487903469, 2.14532993664405 41.4232800409206, 2.14541015723759 41.4233216387501, 2.14579029899096 41.423482776814, 2.14639830347326 41.4234808222626, 2.14707737494336 41.4234747435497, 2.147506149432 41.4234662299142, 2.14758288931636 41.4234401076627, 2.14762982787176 41.4233989410091, 2.14770626072245 41.4234080940719, 2.14780245736398 41.4234093723522, 2.14787287577829 41.4234182348492, 2.14797491687872 41.4234449861028, 2.1480211880572 41.4234600739689, 2.14768934743703 41.4238593572171, 2.14728654786024 41.4243584024626, 2.14710262471032 41.4243042644515, 2.14683966655001 41.4242549535373, 2.14660523965296 41.4242247693061, 2.14638117070111 41.4242078303395, 2.14605665635283 41.4242250042275, 2.14576459756738 41.4242731876306, 2.14564947610172 41.4242984543681, 2.14495982930461 41.4244707901448, 2.14480624470099 41.4244780498154, 2.14461239820944 41.4244830427057, 2.14436659256644 41.4244662012128, 2.14419406381295 41.4244391791489, 2.1440413125813 41.4244251729143, 2.14386758161413 41.4244174452733, 2.14361954744212 41.4244256091856, 2.14344349528332 41.4244378826735, 2.14331888973325 41.4244626936457, 2.14310437307727 41.4245225835792, 2.14279357203235 41.4246446727373, 2.14262434722525 41.4247034688516))"
"07","Horta-Guinardó","39","Sant Genís dels Agudells","150","089","POLYGON ((428294.2837 4586283.8507, 428251.4535 4586299.7005, 428203.7775 4586278.7455, 428132.9075 4586248.2495, 428113.4019 4586241.9438, 428099.5113 4586240.1182, 428096.5802 4586230.1132, 428081.5521 4586186.2091, 428070.4502 4586188.0288, 428053.9632 4586193.4358, 428055.5942 4586198.1708, 428049.0282 4586200.4488, 428042.5795 4586198.0655, 428034.3345 4586171.4015, 428025.4105 4586139.9075, 428019.7513 4586118.5114, 428015.0805 4586115.2615, 428036.4543 4586081.7515, 428040.9782 4586072.3181, 428035.1145 4586052.9465, 428025.4455 4586013.9785, 428000.6564 4585969.5626, 428002.6995 4585962.4815, 428005.3615 4585948.6775, 428004.9915 4585937.1075, 428002.1225 4585927.4375, 427997.5755 4585918.9695, 427990.3835 4585911.2075, 427980.4865 4585904.5435, 427951.2995 4585889.7025, 427945.9115 4585884.4055, 427942.3345 4585878.4535, 427940.0215 4585869.5175, 427940.4595 4585860.4935, 427944.1275 4585851.8555, 427950.0175 4585844.9595, 427957.285 4585840.213, 428039.8325 4585804.1837, 428066.8008 4585791.9402, 428122.4684 4585771.1234, 428137.0205 4585765.3555, 428275.2445 4586137.6115, 428289.1125 4586170.5115, 428326.8515 4586253.6065, 428333.3755 4586269.0285, 428320.7535 4586273.5975, 428294.2837 4586283.8507))","POLYGON ((2.14186034825916 41.4249163139251, 2.14134595143808 41.4250552419944, 2.14077793645098 41.424862250145, 2.13993351525146 41.4245812494115, 2.13970085770018 41.4245227116097, 2.13953485773718 41.4245050261648, 2.13950097348725 41.424414653246, 2.13932636707461 41.4240178833641, 2.13919330462195 41.424033278673, 2.1389953768342 41.4240805007983, 2.13901433012755 41.4241232928951, 2.13893548980212 41.4241432217958, 2.13885860775037 41.4241211788985, 2.13876312083159 41.423880289607, 2.13866008459585 41.4235958377454, 2.13859491360591 41.4234026255888, 2.13853940994889 41.4233729366938, 2.13879915541652 41.4230730418519, 2.13885441042712 41.4229884846171, 2.13878655149672 41.4228134880052, 2.13867549180777 41.4224616543866, 2.13838415922679 41.422059398993, 2.13840944937728 41.4219958057569, 2.13844294538803 41.4218717177943, 2.13843989549211 41.4217674787795, 2.13840671730718 41.4216801282853, 2.13835331780349 41.4216034532868, 2.13826818535089 41.4215328998371, 2.13815055541238 41.4214719930586, 2.13780308389745 41.4213357099753, 2.1377392445537 41.4212875190694, 2.13769715294769 41.4212335912555, 2.13767054139642 41.4211529012295, 2.13767685752229 41.421071665352, 2.13772177620119 41.4209941956815, 2.13779307454768 41.4209326146715, 2.13788059915036 41.4208905167236, 2.13887260680858 41.4205734140694, 2.13919675025019 41.4204655571068, 2.13986530981982 41.4202830511424, 2.14004011651739 41.4202324038503, 2.14164986722496 41.4235975021191, 2.14181190993048 41.4238950559765, 2.14225364713714 41.4246468239728, 2.1423298866527 41.4247863051834, 2.14217830752347 41.4248263300644, 2.14186034825916 41.4249163139251))"
"07","Horta-Guinardó","39","Sant Genís dels Agudells","150","090","POLYGON ((427672.8635 4587316.1895, 427667.3975 4587315.8535, 427663.8155 4587314.9875, 427660.4075 4587313.6355, 427655.8235 4587310.8175, 427653.3275 4587308.6285, 427649.3975 4587303.8815, 427646.0465 4587298.8735, 427643.3535 4587293.4815, 427641.417500001 4587287.9715, 427626.2795 4587225.2195, 427617.9575 4587192.8395, 427615.7775 4587180.9915, 427614.7395 4587170.2455, 427614.6675 4587164.7955, 427615.7315 4587153.6475, 427617.5635 4587144.5635, 427620.7365 4587133.3675, 427622.9575 4587126.7695, 427633.4455 4587100.4475, 427635.0935 4587095.5635, 427636.9135 4587087.3595, 427637.3855 4587078.6935, 427636.8735 4587072.6935, 427635.7365 4587067.7955, 427633.8935 4587063.1155, 427631.2335 4587058.4755, 427627.9155 4587054.2055, 427624.7155 4587051.0355, 427619.3495 4587046.8675, 427614.3435 4587044.0075, 427608.9775 4587042.0215, 427600.6875 4587040.6195, 427592.4415 4587040.9135, 427585.4645 4587042.5575, 427576.9415 4587045.8055, 427520.5935 4587071.2455, 427516.8475 4587072.6975, 427509.1035 4587074.8015, 427500.7335 4587075.5955, 427497.8155 4587075.5595, 427490.9375 4587074.5755, 427484.2815 4587072.5695, 427481.0845 4587071.1975, 427473.5155 4587067.1335, 427460.9235 4587059.5035, 427441.1415 4587046.3635, 427434.1695 4587042.7475, 427430.5355 4587041.2515, 427423.0355 4587038.9135, 427419.1955 4587038.0775, 427411.4015 4587037.0895, 427402.5815 4587037.0815, 427390.6875 4587039.3075, 427374.5515 4587044.0335, 427322.2875 4587061.5935, 427313.9515 4587063.8315, 427305.4315 4587065.1955, 427296.8155 4587065.6695, 427289.8285 4587065.0495, 427277.3255 4587062.8755, 427259.2515 4587058.9535, 427246.4875 4587056.5475, 427230.2075 4587054.3015, 427223.6835 4587054.0175, 427210.383500001 4587055.5435, 427142.5215 4587066.8535, 427123.5235 4587068.9315, 427107.9375 4587069.8235, 427092.3535 4587068.3375, 427084.1895 4587066.4075, 427077.1835 4587064.3475, 427060.8595 4587058.5035, 427047.3815 4587052.5095, 427036.6005 4587044.8695, 427028.9607 4587038.1211, 427019.4718645 4587038.5977935, 426816.304984 4586820.2335375, 426796.195128 4586801.035538, 426779.074102 4586787.422894, 426694.0352025 4586726.829174, 426702.3826325 4586715.912594, 426707.620157 4586718.0430575, 426716.046185 4586720.0159965, 426722.894698 4586720.334945, 426729.404621 4586718.9180805, 426636.2700075 4586479.4626415, 426570.124 4586397.3305, 426573.3455 4586394.2815, 426578.9215 4586385.3895, 426580.9875 4586379.1875, 426581.8935 4586371.4655, 426580.5405 4586362.2175, 426577.7215 4586353.2795, 426509.7695 4586211.9695, 426505.6235 4586193.4015, 426503.9075 4586171.9835, 426511.1415 4586101.6015, 426510.4295 4586095.4395, 426501.8675 4586067.1195, 426500.7905 4586058.2015, 426528.8875 4585983.5955, 426537.9815 4585964.0275, 426546.1595 4585951.2025, 426572.9935 4585917.3215, 426580.7175 4585904.9155, 426586.3235 4585892.1635, 426589.7075 4585879.9295, 426591.6635 4585864.2995, 426591.2475 4585857.3035, 426588.8575 4585851.5295, 426586.0115 4585848.7095, 426560.056916 4585834.2231085, 426570.624 4585828.098, 426570.375 4585827.658, 426592.0147 4585815.2908, 426592.9451 4585817.3725, 426702.2028 4585753.7546, 426856.3684 4585664.7743, 426872.9524 4585658.3301, 426891.5973 4585649.182, 426905.2213 4585641.6589, 426998.9201 4585585.5801, 427193.2850655 4585467.610121, 427194.063 4585469.0549, 427205.3247 4585462.5892, 427205.9715 4585464.1675, 427205.0255 4585469.7475, 427199.6915 4585478.2475, 427179.6455 4585505.9815, 427159.5155 4585525.9015, 427140.5875 4585540.6695, 427129.9195 4585548.1395, 427123.8975 4585554.8375, 427121.1455 4585559.6455, 427120.4575 4585565.9995, 427121.1455 4585573.8995, 427125.6175 4585580.4235, 427136.4575 4585591.4135, 427143.1695 4585600.6875, 427144.2015 4585605.6685, 427143.1695 4585612.1935, 427140.4155 4585618.2035, 427131.4675 4585632.7995, 427122.8655 4585639.7555, 427084.8306 4585666.7797, 427084.1819 4585680.7396, 427095.096 4585694.1715, 427117.7035 4585705.0095, 427135.4875 4585719.3315, 427141.4695 4585720.9955, 427149.1175 4585719.3315, 427159.1315 4585715.8615, 427164.1385 4585716.6935, 427170.3955 4585720.8575, 427184.025500001 4585734.5995, 427188.0595 4585739.3175, 427190.9795 4585740.9835, 427196.5415 4585741.5395, 427199.3235 4585741.2615, 427201.9655 4585739.8735, 427204.1915 4585737.6535, 427206.8345 4585734.0435, 427215.8735 4585708.5035, 427219.6295 4585703.9235, 427226.5835 4585700.0375, 427230.9455 4585698.0475, 427240.1538 4585695.2578, 427244.7755 4585694.3335, 427250.0785 4585693.7915, 427254.4705 4585693.7915, 427257.4155 4585694.2855, 427260.2335 4585695.2675, 427262.8495 4585696.7075, 427269.5815 4585702.2875, 427275.2655 4585708.6175, 427277.6875 4585712.3415, 427279.2995 4585715.5115, 427283.1415 4585725.7475, 427286.3195 4585739.2575, 427287.9675 4585743.2935, 427290.0815 4585747.1095, 427292.0875 4585749.9635, 427295.7745 4585753.0835, 427299.4215 4585755.0475, 427303.7095 4585756.3105, 427306.5595 4585756.4795, 427309.3895 4585756.1155, 427313.5915 4585754.7175, 427337.0415 4585744.4735, 427340.6775 4585742.4395, 427346.3995 4585738.1515, 427348.9295 4585735.3895, 427351.7975 4585731.0075, 427353.5245 4585727.501, 427357.3675 4585717.4135, 427360.0975 4585707.0945, 427362.4515 4585699.6295, 427363.9375 4585695.9095, 427365.8505 4585692.2795, 427369.2735 4585687.1675, 427372.4415 4585683.7935, 427376.2435 4585681.3505, 427378.6375 4585680.3675, 427381.1395 4585679.7095, 427385.0235 4585679.3275, 427388.3095 4585679.5435, 427391.5195 4585680.2835, 427394.5715 4585681.5275, 427397.5735 4585683.2215, 427401.133500001 4585685.5575, 427422.6715 4585701.7095, 427426.4935 4585704.0295, 427435.7935 4585708.7395, 427458.2575 4585718.0855, 427470.3575 4585724.0595, 427473.4485 4585726.1215, 427476.3015 4585728.9315, 427478.6835 4585731.9715, 427480.5755 4585735.2395, 427481.7615 4585738.7935, 427482.2515 4585742.5655, 427481.8535 4585744.9215, 427479.2735 4585752.0535, 427477.5275 4585755.2595, 427471.1675 4585764.0115, 427465.6195 4585772.3175, 427456.7855 4585786.4555, 427437.6535 4585821.1855, 427434.0535 4585827.0975, 427429.9675 4585833.3655, 427422.7975 4585843.3855, 427411.0595 4585858.2715, 427407.633500001 4585863.7335, 427406.0635 4585867.0895, 427404.3255 4585872.3655, 427402.3695 4585882.5855, 427401.9243 4585886.981, 427402.6481 4585890.3686, 427404.9195 4585894.8003, 427403.869 4585896.373, 427375.6 4585919.86, 427357.01 4585947.64, 427339.77 4585965.2, 427307.66 4586015.34, 427304.19 4586020.04, 427296.443 4586032.894, 427304.872 4586038.135, 427329.902 4586048.691, 427335.894 4586049.878, 427347.532 4586050.916, 427349.301 4586052.745, 427361.136 4586049.217, 427363.482 4586048.085, 427368.57 4586046.919, 427384.334 4586044.126, 427389.658 4586043.657, 427436.521 4586029.786, 427459.536 4586027.535, 427459.593 4586026.92, 427471.652 4586027.684, 427500.077 4586030.249, 427535.794 4586032.802, 427538.83 4586032.354, 427554.162 4586027.891, 427562.796 4586023.306, 427568.876 4586020.728, 427579.422 4586014.548, 427584.834419 4586010.9732695, 427591.538 4586007.113, 427597.314 4586004.228, 427621.42 4585998.7, 427641.103 4585994.979, 427657.329 4585992.788, 427664.423 4585991.24, 427671.187 4585989.333, 427678.419 4585986.672, 427691.362 4585981.797, 427693.402 4585980.501, 427699.3747055 4585984.1342215, 427692.6255 4585994.5775, 427688.7615 4586002.0075, 427671.3095535 4586016.0204575, 427662.4795 4586025.3205, 427658.3295 4586030.4005, 427655.3405 4586035.4805, 427653.3695 4586040.7205, 427652.8895 4586043.6805, 427652.9595 4586053.0605, 427655.0405 4586061.7005, 427658.1095 4586072.0005, 427659.1295 4586079.3005, 427659.8505 4586081.8405, 427663.2905 4586089.3205, 427666.8005 4586099.5205, 427672.5305 4586113.1805, 427675.9405 4586120.2205, 427683.3005 4586133.9405, 427688.9505 4586142.3995, 427690.127609 4586144.773465, 427701.4536095 4586140.966806, 427705.7025 4586152.8805, 427706.8505 4586157.1805, 427709.800622 4586160.8996025, 427716.7105 4586166.2395, 427719.750571 4586169.1805765, 427725.9205 4586175.8595, 427733.3705 4586184.6805, 427737.7905 4586190.9405, 427741.3205 4586197.1195, 427746.0905 4586207.7205, 427748.9405 4586215.0005, 427751.0605 4586222.0805, 427751.3205 4586224.9205, 427751.0905 4586227.6405, 427750.5905 4586229.3595, 427748.2005 4586233.8805, 427745.2605 4586237.6405, 427736.3705 4586247.7205, 427729.3305 4586256.6805, 427727.2505 4586259.9605, 427724.7705 4586265.8995, 427724.0405 4586269.6005, 427724.1305 4586272.4605, 427724.8505 4586275.1005, 427729.8315 4586285.3985, 427788.0175 4586259.0415, 427796.1735 4586253.5475, 427802.4835 4586247.5055, 427809.9835 4586236.4295, 427814.5655 4586224.6855, 427816.2132 4586215.3061, 427815.0495 4586170.8415, 427816.4595 4586161.3115, 427820.6955 4586151.7035, 427826.9875 4586145.3555, 427836.5375 4586140.1735, 427848.0495 4586136.9275, 427886.1535 4586132.3055, 427908.3195 4586126.1055, 427935.6735 4586110.2455, 427950.1195 4586096.3735, 427961.5895 4586081.8875, 427976.0735 4586054.7615, 428000.6564 4585969.5626, 428025.4455 4586013.9785, 428035.1145 4586052.9465, 428040.9782 4586072.3181, 428036.4543 4586081.7515, 428015.0805 4586115.2615, 428007.5755 4586126.4695, 427993.3855 4586144.0555, 427984.9175 4586152.8615, 427978.6255 4586158.4535, 427965.8125 4586168.9195, 427961.0375 4586174.2675, 427958.2075 4586178.9455, 427955.9235 4586185.5875, 427955.6315 4586191.1775, 427961.6855 4586213.6495, 427961.2035 4586224.2575, 427959.1675 4586233.5115, 427953.4603 4586246.2682, 427923.4455 4586296.9655, 427919.8215 4586304.8315, 427914.4635 4586309.5955, 427910.4755 4586314.2855, 427897.9295 4586331.6755, 427891.0155 4586340.3395, 427876.5875 4586355.1095, 427864.0815 4586366.2115, 427850.9415 4586379.7475, 427826.5335 4586390.0995, 427810.7475 4586399.2335, 427801.8595 4586407.4455, 427795.6335 4586418.9635, 427789.7915 4586436.5755, 427788.3195 4586464.7615, 427785.7915 4586483.5495, 427783.3075 4586488.9865, 427776.4695 4586497.6975, 427766.0955 4586508.1935, 427758.5355 4586516.5795, 427752.3417 4586524.5157, 427751.5479 4586528.4315, 427753.0825 4586535.3107, 427755.6225 4586540.1261, 427741.1655 4586540.0175, 427737.5666 4586542.5307, 427718.5795 4586566.2935, 427710.8935 4586575.1695, 427565.3395 4586652.6815, 427561.5935 4586655.3445, 427558.5095 4586658.7575, 427556.578 4586664.2676, 427557.9555 4586667.1035, 427566.3895 4586670.6655, 427585.9855 4586676.5855, 427593.0755 4586680.7875, 427598.0715 4586687.0515, 427601.7745 4586693.8935, 427604.4795 4586701.1915, 427606.2035 4586708.7655, 427606.8175 4586715.3995, 427606.5215 4586720.9375, 427605.4195 4586726.3595, 427602.5415 4586731.4975, 427598.7775 4586733.9955, 427594.3575 4586735.8675, 427566.2355 4586745.2515, 427548.1415 4586746.8955, 427478.8245 4586744.0139, 427476.4469 4586745.9726, 427477.4175 4586748.9995, 427482.3415 4586751.8505, 427510.7195 4586764.9525, 427516.8575 4586769.1915, 427524.4355 4586776.6035, 427536.9084 4586791.9347, 427530.0164 4586789.4407, 427515.7315 4586782.3888, 427506.653 4586780.314, 427489.9815 4586780.5575, 427486.8975 4586780.7915, 427485.6273 4586781.8573, 427486.4103 4586783.968, 427502.6541 4586796.8709, 427509.2995 4586804.3975, 427515.6675 4586820.2555, 427523.6238 4586843.2926, 427528.3455 4586858.6495, 427532.0295 4586868.0255, 427540.0728 4586887.0733, 427544.1588 4586888.8595, 427561.7155 4586880.3155, 427574.6935 4586873.3155, 427584.1955 4586869.7915, 427596.8895 4586866.6735, 427606.2515 4586865.8095, 427619.8635 4586867.1975, 427627.3295 4586867.1455, 427632.2615 4586865.5075, 427636.7555 4586862.9375, 427640.1975 4586859.4495, 427642.8475 4586855.0605, 427659.4835 4586822.1895, 427663.1695 4586815.9275, 427666.9055 4586808.6855, 427675.4645 4586788.3215, 427688.3015 4586754.7835, 427690.4155 4586745.9175, 427693.6294 4586728.6359, 427698.3615 4586719.9975, 427715.7261 4586705.8027, 427721.2559 4586708.5808, 427726.2036 4586710.4065, 427730.0445 4586710.2499, 427739.0403 4586707.8687, 427746.9117 4586709.5885, 427752.2034 4586715.0124, 427757.1643 4586722.7515, 427758.818 4586730.8875, 427760.3393 4586741.8677, 427761.0669 4586755.2953, 427760.8024 4586763.6297, 427755.1378 4586770.6205, 427735.2646 4586788.3735, 427724.2874 4586800.633, 427711.4279 4586821.1554, 427705.9866 4586836.6134, 427701.5446 4586859.9482, 427701.3025 4586878.1925, 427697.3277 4586895.7435, 427692.1447 4586913.0196, 427688.0262 4586928.8788, 427684.2324 4586941.0229, 427683.0837 4586946.2723, 427682.8458 4586957.7248, 427684.0438 4586983.578, 427690.0657 4587001.8277, 427692.5802295 4587006.7412805, 427696.8131 4587012.7813, 427701.8911 4587018.0327, 427708.4747 4587022.6266, 427715.5708 4587026.0032, 427719.9632 4587029.9588, 427721.8399955 4587032.4199325, 427725.149946 4587034.8200155, 427698.9902 4587042.4, 427677.8785 4587046.2295, 427680.9075 4587055.9115, 427682.0555 4587064.3845, 427682.0975 4587074.5675, 427680.6655 4587083.7735, 427679.3135 4587088.3715, 427677.8775 4587091.9255, 427656.1295 4587137.5055, 427653.7355 4587144.0195, 427652.1655 4587149.3455, 427649.9655 4587160.2235, 427649.2815 4587170.4795, 427649.9815 4587180.4635, 427652.0555 4587190.4715, 427655.0635 4587199.2295, 427658.4265 4587206.4195, 427664.0295 4587216.3755, 427690.4035 4587260.5695, 427697.7815 4587274.2595, 427699.4255 4587280.1875, 427700.0275 4587286.6135, 427699.4715 4587293.0395, 427697.6195 4587299.7635, 427694.6195 4587304.7395, 427690.3885 4587309.2535, 427685.2975 4587312.7715, 427679.9315 4587315.0035, 427672.8635 4587316.1895))","POLYGON ((2.13430078627504 41.4341584022621, 2.13423540991653 41.4341548837791, 2.13419264453141 41.4341467614971, 2.13415201974304 41.4341342777005, 2.13409749620336 41.4341084843859, 2.13406788636927 41.4340885442508, 2.13402142082239 41.4340454362253, 2.13398191598298 41.4340000296421, 2.13395033202754 41.4339512238231, 2.13392782191442 41.4339014234305, 2.13375416683879 41.4333348817925, 2.13365844896121 41.4330425004475, 2.13363377829739 41.4329355946317, 2.13362264280189 41.432838716931, 2.13362243382778 41.4327896248648, 2.13363650248073 41.4326893159866, 2.13365951504223 41.4326076657949, 2.13369882901149 41.4325071146612, 2.13372619913152 41.4324478897393, 2.13385486666975 41.4322117649602, 2.13387517391614 41.4321679255593, 2.13389793702026 41.4320941999728, 2.13390462317565 41.4320161919125, 2.13389921412576 41.4319621066032, 2.13388619346996 41.431917890177, 2.13386469768743 41.4318755735611, 2.13383341971448 41.4318335435868, 2.13379422288555 41.4317947867287, 2.13375630655186 41.4317659476736, 2.13369258824262 41.4317279248933, 2.13363302165079 41.4317017150644, 2.13356904215283 41.4316833444642, 2.13346999993206 41.4316699700702, 2.13337128115562 41.4316718746313, 2.13328758733066 41.4316860523377, 2.13318519960548 41.4317145370498, 2.13250780710709 41.4319385800846, 2.13246280276103 41.4319513195013, 2.13236987415162 41.4319695703155, 2.13226961096322 41.4319759659975, 2.13223469412129 41.4319753783552, 2.13215249971129 41.4319658950159, 2.13207308472078 41.4319472269931, 2.13203498925558 41.4319345813817, 2.13194489496052 41.4318972954044, 2.131795116093 41.4318274384412, 2.13155995296804 41.4317073058109, 2.13147695004115 41.4316741083279, 2.13143363997069 41.4316603062274, 2.13134416491483 41.4316385712804, 2.13129831035515 41.4316306948204, 2.1312051548415 41.4316210920051, 2.13109960307317 41.4316202227694, 2.13095699507543 41.4316391961144, 2.13076332075877 41.4316803020209, 2.13013574320048 41.4318337289037, 2.13003571328459 41.4318531311316, 2.12993358640891 41.4318646449189, 2.12983041767151 41.431868134122, 2.12974687553542 41.431861917575, 2.12959750783018 41.431841205404, 2.12938167985877 41.4318042451082, 2.12922921682876 41.4317814193105, 2.1290346570984 41.4317597157982, 2.12895661566012 41.431756566819, 2.12879726484592 41.4317691055123, 2.12798376665975 41.4318648160864, 2.12775615824168 41.4318818080228, 2.12756952574182 41.4318884274505, 2.12738320397721 41.4318736292653, 2.12728573442369 41.431855505555, 2.12720213892449 41.4318363160571, 2.12700748737133 41.4317821996896, 2.12684691357209 41.4317269905302, 2.12671881488206 41.4316572014415, 2.12662820085679 41.4315957278162, 2.12651458651333 41.4315991590059, 2.12410964308248 41.4296139728187, 2.12387131245055 41.4294392333371, 2.12366807383685 41.4293150703877, 2.1226577626779 41.4287615761158, 2.12275897893414 41.4286640176082, 2.12282139736728 41.4286836835602, 2.12292199133327 41.4287022216408, 2.12300390792148 41.4287057190449, 2.12308198303845 41.4286935518898, 2.1219965111792 41.4265283935905, 2.12121495219832 41.4257826261234, 2.12125387198956 41.4257554597373, 2.12132167596063 41.425675883497, 2.1213471514414 41.4256202139445, 2.12135893055197 41.4255507484771, 2.12134386312737 41.4254673326198, 2.12131121556905 41.4253865747924, 2.12051525957203 41.424107651573, 2.12046790525829 41.4239400394206, 2.12044997484765 41.4237469809982, 2.12054508998746 41.4231137464791, 2.12053731917015 41.4230581832255, 2.12043830984154 41.42280233558, 2.12042650661281 41.4227219169789, 2.12077177276465 41.4220525469563, 2.12088296533045 41.4218771390442, 2.12098237781404 41.4217623782003, 2.1213075760809 41.421459681253, 2.12140150396425 41.4213486522646, 2.12147013061425 41.4212343134159, 2.12151210686697 41.4211244368819, 2.12153740852026 41.4209838437281, 2.12153328007915 41.4209207961238, 2.12150538356826 41.4208685741256, 2.12147167228816 41.4208429157083, 2.12116287392167 41.4207100718558, 2.12129005692662 41.4206558717552, 2.12128713096797 41.4206518861315, 2.12154755941148 41.4205424780846, 2.12155843931832 41.420561311957, 2.12287345838584 41.4199983105042, 2.12472885279044 41.4192109558189, 2.12492806166178 41.4191544254125, 2.12515225592039 41.4190737294176, 2.12531617771389 41.4190072118636, 2.12644406139948 41.418510654463, 2.12878384056672 41.417465787739, 2.12879297451684 41.4174788706838, 2.12892849691325 41.4174216573682, 2.1289360458177 41.4174359309848, 2.12892405557206 41.4174861017846, 2.12885921216824 41.4175621741526, 2.12861602610852 41.4178101451634, 2.12837277413067 41.4179877309245, 2.12814452328729 41.4181190234594, 2.12801598135795 41.4181853349297, 2.12794312140926 41.4182451145827, 2.1279096145182 41.4182881684193, 2.12790061702166 41.4183453335552, 2.12790789706088 41.4184165475968, 2.12796061849057 41.418475711831, 2.1280889952473 41.4185756767046, 2.12816818739867 41.41865981194, 2.12817993534225 41.418704767073, 2.12816680144029 41.4187634411547, 2.12813312569993 41.4188173207273, 2.1280243037986 41.4189479687234, 2.12792054193885 41.4190098380568, 2.12746219256062 41.4192497818855, 2.12745274781409 41.4193754533374, 2.12758171780553 41.4194974185516, 2.12785091490217 41.419597082316, 2.12806197880876 41.4197276868264, 2.12813335440034 41.4197432161502, 2.12822506498385 41.4197289227328, 2.12834530277919 41.4196985779301, 2.12840511250056 41.4197065252592, 2.12847947755334 41.4197445956372, 2.12864090932915 41.4198695987756, 2.12868860921343 41.4199124571813, 2.12872334724931 41.4199277266735, 2.12878983118188 41.419933238292, 2.12882315204355 41.4199309865432, 2.12885493137012 41.4199187248446, 2.12888183327271 41.4198989320094, 2.12891389197153 41.4198666578597, 2.12902511951866 41.4196374497369, 2.12907061202711 41.4195965400173, 2.12915428571001 41.4195621704656, 2.12920671738108 41.4195446425094, 2.1293172321932 41.4195203508619, 2.12937264295479 41.4195124446139, 2.12943615960958 41.4195080432244, 2.12948871076984 41.4195084408669, 2.12952388887167 41.4195131567178, 2.12955748870794 41.4195222562521, 2.12958861650212 41.4195354624855, 2.12966849526586 41.4195863283595, 2.12973574441688 41.4196438542298, 2.12976427642611 41.4196776137932, 2.12978318323225 41.4197063104182, 2.12982792300002 41.4197988490655, 2.12986432433274 41.4199208150149, 2.12988355788859 41.4199573145441, 2.12990839373971 41.4199918748011, 2.12993205301366 41.4200177609892, 2.12997579399998 41.4200461950197, 2.13001919536949 41.4200642138552, 2.13007035078435 41.4200759770855, 2.13010443159558 41.4200777570413, 2.1301383371633 41.4200747346921, 2.13018878339601 41.4200625236878, 2.13047060054254 41.4199723817108, 2.13051435069037 41.4199543912165, 2.13058333115915 41.4199162885854, 2.13061393509281 41.419891641283, 2.13064877785466 41.419852433936, 2.13066986305242 41.4198210086443, 2.130717057139 41.4197305026052, 2.13075096159682 41.4196378109106, 2.13078002427726 41.4195707898836, 2.13079825134336 41.419537419882, 2.13082157672438 41.4195048990653, 2.13086314749885 41.4194591670415, 2.13090145839187 41.4194290653236, 2.13094724338779 41.4194074059868, 2.13097600607375 41.4193987689294, 2.13100602197057 41.419393068752, 2.13105254060913 41.4193899792682, 2.1310918322716 41.4193922216382, 2.13113015167735 41.4193991765557, 2.1311665200898 41.4194106564813, 2.13120223623817 41.419426184822, 2.13124455192052 41.4194475457694, 2.13150032009228 41.419594965186, 2.13154577279213 41.4196162055848, 2.13165648431199 41.4196594663421, 2.13192415040529 41.4197456699162, 2.13206821354941 41.419800567339, 2.13210495090899 41.4198194178448, 2.13213875086207 41.4198449837526, 2.13216688761813 41.4198725786449, 2.13218913407197 41.4199021827978, 2.1322028987611 41.4199342990994, 2.13220830948075 41.4199683160103, 2.13220326480235 41.4199894995086, 2.13217153915436 41.4200535013254, 2.13215026329096 41.4200822187158, 2.13207311433952 41.4201604699151, 2.13200573454971 41.4202347774447, 2.13189833691955 41.4203613144205, 2.13166524868805 41.4206723840615, 2.13162146381273 41.4207253056114, 2.13157182094416 41.4207813895766, 2.13148482627683 41.4208709874915, 2.13134258904131 41.4210039984831, 2.13130093968861 41.4210528826799, 2.13128175103246 41.4210829667805, 2.13126032168109 41.4211303282561, 2.13123569032946 41.4212221983652, 2.13122983563139 41.4212617463865, 2.13123808962672 41.4212923223427, 2.13126473616595 41.4213324418598, 2.13125197757794 41.4213465115284, 2.13091090315202 41.4215554933719, 2.13068512608789 41.4218040144259, 2.13047672888407 41.4219606102888, 2.1300864847205 41.422409293445, 2.13004439862601 41.4224513101959, 2.12995015464947 41.4225663791947, 2.130050384042 41.4226143451648, 2.13034861882297 41.4227116825403, 2.13042017521407 41.4227229152613, 2.13055930841583 41.4227333165491, 2.13058025617474 41.4227499494722, 2.13072229519085 41.4227192445316, 2.13075050291386 41.4227092612363, 2.13081152490927 41.4226992196022, 2.1310004890218 41.4226754893052, 2.13106425118451 41.4226717464235, 2.1316266683187 41.4225510506868, 2.13190233045326 41.4225328553098, 2.13190308627427 41.4225273214342, 2.13204728977571 41.4225352911408, 2.13238710913299 41.4225609584672, 2.13281418465181 41.4225871744472, 2.13285056643007 41.4225834133419, 2.13303456037211 41.4225445998045, 2.13313842203696 41.4225040833022, 2.13321148264917 41.4224814125894, 2.13333841363306 41.422426702838, 2.13340360534292 41.4223949947287, 2.13348428088424 41.4223608312287, 2.1335537403917 41.4223353678883, 2.13384284797755 41.4222877517172, 2.13407881457466 41.422256011308, 2.13427323244721 41.4222377391589, 2.13435830240648 41.4222244357549, 2.13443946658463 41.4222078692293, 2.13452632084614 41.4221845538374, 2.1346817759088 41.4221418118931, 2.1347063408956 41.4221303230049, 2.13477737411363 41.422163583291, 2.13469536643281 41.4222570337822, 2.13464824244352 41.4223236046616, 2.13443774109803 41.4224482420837, 2.13433097036877 41.4225312083622, 2.13428070471642 41.4225765879496, 2.13424433127275 41.4226220720585, 2.13422011981599 41.4226690888724, 2.13421402210975 41.4226957050227, 2.13421373752253 41.4227801927194, 2.13423760474938 41.422858196659, 2.13427309570157 41.4229512404216, 2.13428442758114 41.4230170800433, 2.13429275111306 41.4230400215876, 2.13433301891491 41.4231077002797, 2.13437379905442 41.4231998830619, 2.13444072978587 41.4233234283369, 2.13448069155967 41.4233871413967, 2.13456712000615 41.4235113737266, 2.13463371608676 41.4235880686493, 2.13464751745271 41.423609555819, 2.13478349916597 41.4235762903002, 2.13483291689587 41.4236839738773, 2.13484613976533 41.4237228053253, 2.13488099628475 41.4237565670525, 2.13496304154942 41.4238052828152, 2.13499906750405 41.4238320452738, 2.13507209866279 41.4238927543848, 2.13516019132888 41.4239728713069, 2.13521233312143 41.424029649863, 2.13525383489113 41.4240856188161, 2.1353096462667 41.4241815262226, 2.1353428797204 41.4242473501922, 2.13536740188323 41.4243113071927, 2.13537017373564 41.4243369091639, 2.13536709653418 41.4243613862828, 2.13536090808412 41.4243768235678, 2.13533176886339 41.4244173272149, 2.13529613917136 41.4244509274065, 2.13518855565584 41.4245409137615, 2.13510324310082 41.4246209791109, 2.13507796145139 41.4246503334557, 2.1350475754822 41.4247036002088, 2.13503839779171 41.4247368677523, 2.13503913288831 41.424762634565, 2.13504743298004 41.424786476617, 2.13510580571729 41.4248796741138, 2.13580521907762 41.4246475209234, 2.13590347115835 41.4245987720385, 2.13597969901775 41.4245449215843, 2.13607076745029 41.4244458390549, 2.13612699824169 41.4243404778888, 2.13614783447659 41.4242561499291, 2.13613921757255 41.4238555728313, 2.13615722728427 41.4237698671174, 2.13620906214016 41.4236837127913, 2.13628510980215 41.4236271044924, 2.13640000330744 41.4235812904293, 2.13653814286841 41.4235530891371, 2.13699464525114 41.4235148820468, 2.1372606218862 41.4234610307805, 2.13758982860957 41.4233206409793, 2.13776434121068 41.4231969977476, 2.13790331583148 41.4230675573767, 2.13807986045939 41.4228245441908, 2.13838415922679 41.422059398993, 2.13867549180777 41.4224616543866, 2.13878655149672 41.4228134880052, 2.13885441042712 41.4229884846171, 2.13879915541652 41.4230730418519, 2.13853940994889 41.4233729366938, 2.13844827121816 41.4234732096636, 2.13827638017889 41.4236303272165, 2.13817400348272 41.4237088799036, 2.13809804738646 41.4237586805115, 2.13794348015903 41.4238517943347, 2.13788570526242 41.4238995332174, 2.1378512840557 41.4239414120971, 2.13782316226922 41.4240010287968, 2.13781900216674 41.424051349235, 2.13788876750193 41.424254287344, 2.13788173604229 41.4243497856199, 2.1378562705051 41.4244329496721, 2.13778645743652 41.4245473317336, 2.13742125259957 41.4250012471569, 2.13737694926714 41.4250717675185, 2.13731226616049 41.4251141939545, 2.13726398557136 41.4251560768086, 2.13711178315285 41.4253115747475, 2.13702801496632 41.4253889868975, 2.13685360332369 41.4255207183905, 2.1367026279143 41.4256195861866, 2.13654377493056 41.4257403187706, 2.13625046416487 41.4258313620131, 2.13606047230293 41.4259122093728, 2.13595313437487 41.4259853723621, 2.13587725601877 41.426088550153, 2.1358052447205 41.4262466482833, 2.13578426370305 41.4265003743887, 2.13575176833568 41.4266693620607, 2.13572139403992 41.4267181073255, 2.13563852622639 41.4267959485513, 2.13551313115417 41.4268895484362, 2.13542166182943 41.426964397449, 2.13534659481579 41.4270353181202, 2.13533662779069 41.4270705145393, 2.13535416969866 41.4271326103569, 2.13538398950059 41.4271762088945, 2.13521100096146 41.4271739304549, 2.13516763388486 41.4271962419502, 2.13493758131566 41.4274085542824, 2.13484454420795 41.4274878046826, 2.13309345939792 41.4281728072645, 2.13304831267294 41.4281964538574, 2.13301099807462 41.4282269150346, 2.13298722390421 41.4282763677418, 2.13300336838188 41.4283020336013, 2.13310386981831 41.4283348754523, 2.1333376627696 41.4283899609614, 2.13342200441564 41.4284284455551, 2.13348104061188 41.4284853128199, 2.1335245345263 41.4285472692928, 2.13355603096514 41.4286132427817, 2.13357575488968 41.4286816136519, 2.13358230814861 41.4287414183373, 2.13357810276807 41.428791269846, 2.1335642659287 41.4288400039536, 2.13352920980173 41.4288860201316, 2.13348386708947 41.4289081791888, 2.13343074900879 41.428924641005, 2.1330930903244 41.429006622846, 2.13287636320646 41.4290197977161, 2.13204719543261 41.4289875891369, 2.13201850783656 41.4290050155601, 2.13202975983789 41.4290323650597, 2.13208834313745 41.429058487239, 2.13242637053957 41.4291790523197, 2.13249931563605 41.4292177849154, 2.13258911289233 41.4292852251207, 2.13273653842529 41.4294244313853, 2.13265436062872 41.4294013473062, 2.13248425840289 41.4293365451932, 2.13237586467231 41.4293170391394, 2.13217632745845 41.4293177274156, 2.13213939313148 41.4293195565357, 2.13212406478894 41.4293290410244, 2.13213318177623 41.4293481217945, 2.13232602419855 41.429465798439, 2.13240464739717 41.4295341867602, 2.13247895211584 41.4296775870007, 2.13257140377867 41.4298857892909, 2.1326260678233 41.4300245277104, 2.1326690307665 41.4301093053247, 2.13276300296842 41.4302815855577, 2.1328116868041 41.4302980416243, 2.13302281506635 41.4302226734029, 2.13317896379637 41.430160798023, 2.13329309798709 41.4301299157481, 2.13344538260947 41.4301029777516, 2.13355752261787 41.4300960399667, 2.1337202533736 41.430109767778, 2.13380960641935 41.4301099721936, 2.13386882455008 41.4300956638735, 2.13392291260886 41.4300729219734, 2.13396452107474 41.4300418172779, 2.13399675937106 41.4300025263336, 2.13419977838349 41.4297079710378, 2.13424463839269 41.4296519040848, 2.13429021393957 41.4295870152118, 2.13439507641708 41.429404376858, 2.13455270896097 41.429103471436, 2.13457906764214 41.4290238097985, 2.13461959526744 41.4288684517575, 2.13467725714163 41.428791075652, 2.1348867552091 41.4286647924905, 2.13495259761706 41.4286903111599, 2.13501158800077 41.4287071995901, 2.13505757041429 41.4287061347499, 2.13516550694201 41.4286854977037, 2.13525949768034 41.4287016952286, 2.13532217475672 41.4287510217696, 2.13538061660012 41.4288211704629, 2.13539943406932 41.4288945963889, 2.13541632728152 41.4289936267997, 2.13542342989583 41.4291146284271, 2.1354192686917 41.4291896687288, 2.13535064499401 41.4292521221636, 2.13511070006058 41.4294102275173, 2.13497786977498 41.4295196554784, 2.13482152532294 41.4297033339818, 2.13475456015517 41.4298420672777, 2.13469861139214 41.4300518331515, 2.13469353209874 41.4302161292796, 2.13464386568221 41.43037384517, 2.13457977308242 41.4305289763686, 2.13452858882797 41.4306714420057, 2.13448173457577 41.4307804766781, 2.13446735973898 41.4308276521477, 2.13446314258223 41.4309307780461, 2.13447438646149 41.4311637336017, 2.13454426953151 41.4313286422914, 2.13457377410001 41.4313731229934, 2.13462370804723 41.431427903688, 2.13468385041953 41.4314756577097, 2.13476208966795 41.4315176254226, 2.13484660789813 41.4315486755554, 2.13489870062196 41.4315846970974, 2.13492086675671 41.4316070322661, 2.13496019140748 41.4316289465536, 2.13464621947564 41.4316948614503, 2.13439310798402 41.4317274512031, 2.13442819901494 41.4318149251863, 2.13444092393578 41.4318913408951, 2.13444020823388 41.4319830581841, 2.13442196929373 41.432065843367, 2.13440523905524 41.432107133655, 2.13438762843915 41.4321390135579, 2.1341219030493 41.4325475725287, 2.13409247290007 41.4326060254146, 2.1340730462261 41.432653852763, 2.13404541532559 41.4327516276036, 2.13403600177483 41.4328439369457, 2.1340431840241 41.4329339211887, 2.13406680703334 41.4330242453618, 2.1341017575702 41.4331033955034, 2.13414114440839 41.4331684553743, 2.13420700801155 41.4332586290468, 2.13451735785522 41.4336590386304, 2.13460401867232 41.4337830022701, 2.13462298464988 41.4338365409773, 2.13462942057657 41.433894471126, 2.13462199772167 41.4339522970236, 2.13459902883098 41.4340126901886, 2.13456252988238 41.4340572365794, 2.13451135367892 41.4340975111052, 2.13445000418962 41.4341287376675, 2.13438551735182 41.4341483570376, 2.13430078627504 41.4341584022621))"
"07","Horta-Guinardó","39","Sant Genís dels Agudells","150","091","POLYGON ((427561.7155 4586880.3155, 427544.1588 4586888.8595, 427540.0728 4586887.0733, 427528.3455 4586858.6495, 427523.6238 4586843.2926, 427515.6675 4586820.2555, 427509.2995 4586804.3975, 427502.6541 4586796.8709, 427486.4103 4586783.968, 427485.6273 4586781.8573, 427486.8975 4586780.7915, 427489.9815 4586780.5575, 427506.653 4586780.314, 427515.7315 4586782.3888, 427530.0164 4586789.4407, 427536.9084 4586791.9347, 427524.4355 4586776.6035, 427516.8575 4586769.1915, 427510.7195 4586764.9525, 427482.3415 4586751.8505, 427477.4175 4586748.9995, 427476.4469 4586745.9726, 427478.8245 4586744.0139, 427548.1415 4586746.8955, 427566.2355 4586745.2515, 427594.3575 4586735.8675, 427598.7775 4586733.9955, 427602.5415 4586731.4975, 427605.4195 4586726.3595, 427606.5215 4586720.9375, 427606.8175 4586715.3995, 427606.2035 4586708.7655, 427604.4795 4586701.1915, 427601.7745 4586693.8935, 427598.0715 4586687.0515, 427593.0755 4586680.7875, 427585.9855 4586676.5855, 427566.3895 4586670.6655, 427557.9555 4586667.1035, 427556.578 4586664.2676, 427558.5095 4586658.7575, 427561.5935 4586655.3445, 427565.3395 4586652.6815, 427710.8935 4586575.1695, 427718.5795 4586566.2935, 427737.5666 4586542.5307, 427741.1655 4586540.0175, 427755.6225 4586540.1261, 427753.0825 4586535.3107, 427751.5479 4586528.4315, 427752.3417 4586524.5157, 427758.5355 4586516.5795, 427766.0955 4586508.1935, 427776.4695 4586497.6975, 427783.3075 4586488.9865, 427785.7915 4586483.5495, 427788.3195 4586464.7615, 427789.7915 4586436.5755, 427795.6335 4586418.9635, 427801.8595 4586407.4455, 427810.7475 4586399.2335, 427826.5335 4586390.0995, 427850.9415 4586379.7475, 427864.0815 4586366.2115, 427876.5875 4586355.1095, 427891.0155 4586340.3395, 427897.9295 4586331.6755, 427910.4755 4586314.2855, 427914.4635 4586309.5955, 427919.8215 4586304.8315, 427930.0595 4586299.9215, 427937.9755 4586296.8195, 428038.4185 4586259.7325, 428040.9721 4586289.3255, 428042.2355 4586308.9595, 428042.2755 4586317.8595, 427989.3175 4586318.2895, 427984.1555 4586318.6035, 427979.1035 4586319.6895, 427974.2755 4586321.5265, 427933.5715 4586346.3335, 427918.9405 4586354.6445, 427927.7522 4586374.9559, 427933.1605 4586390.1257, 427973.9903 4586402.2771, 427993.0065 4586402.0525, 427998.6015 4586420.2025, 428000.4645 4586424.0375, 428001.6935 4586424.8175, 428003.6175 4586424.9715, 428011.7245 4586422.1675, 428031.3905 4586478.3515, 427899.6494 4586524.6151, 427889.5095 4586529.9455, 427872.5465 4586539.5495, 427847.0942 4586555.8625, 427844.8275 4586558.4835, 427845.8497 4586565.4585, 427877.0075 4586584.4015, 427884.2275 4586589.4235, 427890.2415 4586594.1935, 427894.9855 4586598.7055, 427899.0875 4586603.8135, 427902.0995 4586610.8475, 427916.5055 4586639.0575, 427927.0495 4586655.9735, 427934.133500001 4586666.6355, 427945.3755 4586685.9755, 427972.5695 4586730.7395, 427982.2395 4586749.6175, 427989.2745 4586770.2775, 427994.7145 4586788.0795, 428004.2081815 4586815.876439, 427996.548 4586818.296, 427995.305 4586818.995, 427990.549 4586824.265, 427986.28 4586827.82, 427983.7771 4586831.3661, 427974.4189665 4586834.3349665, 427972.8999665 4586834.1989665, 427903.88395 4586812.9510165, 427815.1209665 4586786.1129665, 427789.8201 4586778.0201, 427702.5501245 4586877.558788, 427701.3025 4586878.1925, 427701.5446 4586859.9482, 427705.9866 4586836.6134, 427711.4279 4586821.1554, 427724.2874 4586800.633, 427735.2646 4586788.3735, 427755.1378 4586770.6205, 427760.8024 4586763.6297, 427761.0669 4586755.2953, 427760.3393 4586741.8677, 427758.818 4586730.8875, 427757.1643 4586722.7515, 427752.2034 4586715.0124, 427746.9117 4586709.5885, 427739.0403 4586707.8687, 427730.0445 4586710.2499, 427726.2036 4586710.4065, 427721.2559 4586708.5808, 427715.7261 4586705.8027, 427698.3615 4586719.9975, 427693.6294 4586728.6359, 427690.4155 4586745.9175, 427688.3015 4586754.7835, 427675.4645 4586788.3215, 427666.9055 4586808.6855, 427663.1695 4586815.9275, 427659.4835 4586822.1895, 427642.8475 4586855.0605, 427640.1975 4586859.4495, 427636.7555 4586862.9375, 427632.2615 4586865.5075, 427627.3295 4586867.1455, 427619.8635 4586867.1975, 427606.2515 4586865.8095, 427596.8895 4586866.6735, 427584.1955 4586869.7915, 427574.6935 4586873.3155, 427561.7155 4586880.3155))","POLYGON ((2.13302281506635 41.4302226734029, 2.1328116868041 41.4302980416243, 2.13276300296842 41.4302815855577, 2.1326260678233 41.4300245277104, 2.13257140377867 41.4298857892909, 2.13247895211584 41.4296775870007, 2.13240464739717 41.4295341867602, 2.13232602419855 41.429465798439, 2.13213318177623 41.4293481217945, 2.13212406478894 41.4293290410244, 2.13213939313148 41.4293195565357, 2.13217632745845 41.4293177274156, 2.13237586467231 41.4293170391394, 2.13248425840289 41.4293365451932, 2.13265436062872 41.4294013473062, 2.13273653842529 41.4294244313853, 2.13258911289233 41.4292852251207, 2.13249931563605 41.4292177849154, 2.13242637053957 41.4291790523197, 2.13208834313745 41.429058487239, 2.13202975983789 41.4290323650597, 2.13201850783656 41.4290050155601, 2.13204719543261 41.4289875891369, 2.13287636320646 41.4290197977161, 2.1330930903244 41.429006622846, 2.13343074900879 41.428924641005, 2.13348386708947 41.4289081791888, 2.13352920980173 41.4288860201316, 2.1335642659287 41.4288400039536, 2.13357810276807 41.428791269846, 2.13358230814861 41.4287414183373, 2.13357575488968 41.4286816136519, 2.13355603096514 41.4286132427817, 2.1335245345263 41.4285472692928, 2.13348104061188 41.4284853128199, 2.13342200441564 41.4284284455551, 2.1333376627696 41.4283899609614, 2.13310386981831 41.4283348754523, 2.13300336838188 41.4283020336013, 2.13298722390421 41.4282763677418, 2.13301099807462 41.4282269150346, 2.13304831267294 41.4281964538574, 2.13309345939792 41.4281728072645, 2.13484454420795 41.4274878046826, 2.13493758131566 41.4274085542824, 2.13516763388486 41.4271962419502, 2.13521100096146 41.4271739304549, 2.13538398950059 41.4271762088945, 2.13535416969866 41.4271326103569, 2.13533662779069 41.4270705145393, 2.13534659481579 41.4270353181202, 2.13542166182943 41.426964397449, 2.13551313115417 41.4268895484362, 2.13563852622639 41.4267959485513, 2.13572139403992 41.4267181073255, 2.13575176833568 41.4266693620607, 2.13578426370305 41.4265003743887, 2.1358052447205 41.4262466482833, 2.13587725601877 41.426088550153, 2.13595313437487 41.4259853723621, 2.13606047230293 41.4259122093728, 2.13625046416487 41.4258313620131, 2.13654377493056 41.4257403187706, 2.1367026279143 41.4256195861866, 2.13685360332369 41.4255207183905, 2.13702801496632 41.4253889868975, 2.13711178315285 41.4253115747475, 2.13726398557136 41.4251560768086, 2.13731226616049 41.4251141939545, 2.13737694926714 41.4250717675185, 2.13750004493962 41.425028463897, 2.13759513938477 41.4250012356994, 2.13880147795096 41.4246762133208, 2.13882851299101 41.4249429729751, 2.13884129454146 41.4251199207931, 2.1388407140241 41.4252000826914, 2.13820695290138 41.425199210177, 2.13814514560341 41.4252015755033, 2.13808456263683 41.4252109037149, 2.1380265706398 41.4252270158969, 2.13753653862563 41.4254467909134, 2.1373604686768 41.4255203316752, 2.13746349126739 41.4257040578811, 2.13752640083489 41.4258411706131, 2.1380135385935 41.4259542746166, 2.13824112101266 41.4259539565124, 2.13830591169092 41.4261179268842, 2.13832774849017 41.42615263398, 2.13834236237209 41.4261597692401, 2.13836536748319 41.4261613286871, 2.13846271335011 41.42613680086, 2.13869135773125 41.426644586966, 2.13710935600122 41.4270494486131, 2.13698738001899 41.4270965469198, 2.13678324453857 41.4271815228459, 2.1364767194 41.4273261608212, 2.13644928176767 41.4273495633677, 2.13646068165253 41.4274124758248, 2.13683127709724 41.4275858849007, 2.13691707767777 41.4276317639851, 2.13698847656761 41.4276752650961, 2.13704470857451 41.4277163284759, 2.1370931869269 41.427762702104, 2.13712839190619 41.4278263244832, 2.13729742139077 41.4280816919827, 2.13742158266272 41.4282349928151, 2.1375050847052 41.4283316561742, 2.13763731090248 41.4285068512617, 2.13795740483822 41.4289124591649, 2.13807087634825 41.4290833517713, 2.13815260308575 41.4292700577017, 2.13821558325358 41.429430879887, 2.13832588408347 41.4296820852516, 2.13823392576053 41.4297031904841, 2.13821896739573 41.4297093746302, 2.13816142409847 41.4297564127478, 2.1381099130091 41.4297880482767, 2.13807953806207 41.429819761974, 2.13796719441632 41.4298456620936, 2.1379490325577 41.4298443009912, 2.1371256435156 41.4296467385849, 2.13606661419085 41.4293970484815, 2.13576480450378 41.4293218856186, 2.13470853844125 41.4302105340318, 2.13469353209874 41.4302161292796, 2.13469861139214 41.4300518331515, 2.13475456015517 41.4298420672777, 2.13482152532294 41.4297033339818, 2.13497786977498 41.4295196554784, 2.13511070006058 41.4294102275173, 2.13535064499401 41.4292521221636, 2.1354192686917 41.4291896687288, 2.13542342989583 41.4291146284271, 2.13541632728152 41.4289936267997, 2.13539943406932 41.4288945963889, 2.13538061660012 41.4288211704629, 2.13532217475672 41.4287510217696, 2.13525949768034 41.4287016952286, 2.13516550694201 41.4286854977037, 2.13505757041429 41.4287061347499, 2.13501158800077 41.4287071995901, 2.13495259761706 41.4286903111599, 2.1348867552091 41.4286647924905, 2.13467725714163 41.428791075652, 2.13461959526744 41.4288684517575, 2.13457906764214 41.4290238097985, 2.13455270896097 41.429103471436, 2.13439507641708 41.429404376858, 2.13429021393957 41.4295870152118, 2.13424463839269 41.4296519040848, 2.13419977838349 41.4297079710378, 2.13399675937106 41.4300025263336, 2.13396452107474 41.4300418172779, 2.13392291260886 41.4300729219734, 2.13386882455008 41.4300956638735, 2.13380960641935 41.4301099721936, 2.1337202533736 41.430109767778, 2.13355752261787 41.4300960399667, 2.13344538260947 41.4301029777516, 2.13329309798709 41.4301299157481, 2.13317896379637 41.430160798023, 2.13302281506635 41.4302226734029))"
"07","Horta-Guinardó","39","Sant Genís dels Agudells","150","092","POLYGON ((427943.228381001 4586393.248118, 427933.160944 4586390.125838, 427927.7522 4586374.9559, 427918.9405 4586354.6445, 427933.5715 4586346.3335, 427974.2755 4586321.5265, 427979.1035 4586319.6895, 427984.1555 4586318.6035, 427989.3175 4586318.2895, 428042.2755 4586317.8595, 428042.2355 4586308.9595, 428040.9721 4586289.3255, 428038.4185 4586259.7325, 427937.9755 4586296.8195, 427930.0595 4586299.9215, 427919.8215 4586304.8315, 427923.4455 4586296.9655, 427953.4603 4586246.2682, 427959.1675 4586233.5115, 427961.2035 4586224.2575, 427961.6855 4586213.6495, 427955.6315 4586191.1775, 427955.9235 4586185.5875, 427958.2075 4586178.9455, 427961.0375 4586174.2675, 427965.8125 4586168.9195, 427978.6255 4586158.4535, 427984.9175 4586152.8615, 427993.3855 4586144.0555, 428007.5755 4586126.4695, 428015.0805 4586115.2615, 428019.7513 4586118.5114, 428025.4105 4586139.9075, 428034.3345 4586171.4015, 428042.5795 4586198.0655, 428049.02791 4586200.448693, 428055.59396 4586198.1708835, 428053.9632405 4586193.435918, 428070.4502 4586188.0288, 428081.5520375 4586186.20911, 428096.580116 4586230.112955, 428099.5113 4586240.1182, 428113.4019 4586241.9438, 428132.9075 4586248.2495, 428203.7775 4586278.7455, 428251.4535 4586299.7005, 428227.9935 4586309.0815, 428134.8575 4586342.0335, 428126.4755 4586345.5655, 428123.3885 4586347.7425, 428121.1995 4586350.8105, 428108.4875 4586378.8875, 428076.4935 4586380.8995, 428046.9495 4586380.8255, 428029.1735 4586381.2895, 428012.4475 4586382.6135, 427987.3435 4586385.3915, 427960.4623 4586384.8768, 427947.1123 4586381.0508, 427943.228381001 4586393.248118))","POLYGON ((2.13764650489694 41.4258701959528, 2.13752640613152 41.4258411718958, 2.13746349126739 41.4257040578811, 2.1373604686768 41.4255203316752, 2.13753653862563 41.4254467909134, 2.1380265706398 41.4252270158969, 2.13808456263683 41.4252109037149, 2.13814514560341 41.4252015755033, 2.13820695290138 41.425199210177, 2.1388407140241 41.4252000826914, 2.13884129454146 41.4251199207931, 2.13882851299101 41.4249429729751, 2.13880147795096 41.4246762133208, 2.13759513938477 41.4250012356994, 2.13750004493962 41.425028463897, 2.13737694926714 41.4250717675185, 2.13742125259957 41.4250012471569, 2.13778645743652 41.4245473317336, 2.1378562705051 41.4244329496721, 2.13788173604229 41.4243497856199, 2.13788876750193 41.424254287344, 2.13781900216674 41.424051349235, 2.13782316226922 41.4240010287968, 2.1378512840557 41.4239414120971, 2.13788570526242 41.4238995332174, 2.13794348015903 41.4238517943347, 2.13809804738646 41.4237586805115, 2.13817400348272 41.4237088799036, 2.13827638017889 41.4236303272165, 2.13844827121816 41.4234732096636, 2.13853940994889 41.4233729366938, 2.13859491360591 41.4234026255888, 2.13866008459585 41.4235958377454, 2.13876312083159 41.423880289607, 2.13885860775037 41.4241211788985, 2.13893548634469 41.4241432208061, 2.13901432724575 41.4241232936256, 2.13899537730479 41.4240805018647, 2.13919330462195 41.424033278673, 2.13932636632554 41.4240178834485, 2.13950097251123 41.4244146510319, 2.13953485773718 41.4245050261648, 2.13970085770018 41.4245227116097, 2.13993351525146 41.4245812494115, 2.14077793645098 41.424862250145, 2.14134595143808 41.4250552419944, 2.1410641095567 41.4251376369147, 2.13994570270932 41.4254260946221, 2.13984498116881 41.4254571558903, 2.13980778233136 41.4254764869631, 2.13978122331693 41.4255039232124, 2.13962576890618 41.425755662702, 2.13924267725465 41.4257709200434, 2.1388891513244 41.4257676078879, 2.13867638174367 41.4257701945601, 2.13847607445846 41.4257806205648, 2.13817533959681 41.4258033907593, 2.13785373019042 41.425796344931, 2.13769443494446 41.4257606885864, 2.13764650489694 41.4258701959528))"
"07","Horta-Guinardó","39","Sant Genís dels Agudells","150","093","POLYGON ((427925.27 4586637.862, 427916.5055 4586639.0575, 427902.0995 4586610.8475, 427899.0875 4586603.8135, 427894.9855 4586598.7055, 427890.2415 4586594.1935, 427884.2275 4586589.4235, 427877.0075 4586584.4015, 427845.8497 4586565.4585, 427844.8275 4586558.4835, 427847.0942 4586555.8625, 427872.5465 4586539.5495, 427889.5095 4586529.9455, 427899.6494 4586524.6151, 428031.3905 4586478.3515, 428011.7245 4586422.1675, 428003.6175 4586424.9715, 428001.6935 4586424.8175, 428000.4645 4586424.0375, 427998.6015 4586420.2025, 427993.0065 4586402.0525, 427973.9903 4586402.2771, 427943.243 4586393.2373, 427947.112196 4586381.0511275, 427960.462009 4586384.8767165, 427987.3435 4586385.3915, 428012.4475 4586382.6135, 428029.1735 4586381.2895, 428046.9495 4586380.8255, 428076.4935 4586380.8995, 428108.4875 4586378.8875, 428073.4285 4586457.2135, 428088.9384865 4586500.588462, 428077.583 4586504.249, 428079.287 4586508.258, 428077.716 4586512.742, 428076.999 4586513.055, 428072.554 4586511.561, 428071.291 4586507.263, 428056.249 4586512.125, 428056.661 4586513.293, 428018.822 4586585.948, 428005.009 4586613.474, 427997.823 4586625.679, 427983.095 4586630.506, 427925.27 4586637.862))","POLYGON ((2.13740244692993 41.4280717111215, 2.13729742139077 41.4280816919827, 2.13712839190619 41.4278263244832, 2.1370931869269 41.427762702104, 2.13704470857451 41.4277163284759, 2.13698847656761 41.4276752650961, 2.13691707767777 41.4276317639851, 2.13683127709724 41.4275858849007, 2.13646068165253 41.4274124758248, 2.13644928176767 41.4273495633677, 2.1364767194 41.4273261608212, 2.13678324453857 41.4271815228459, 2.13698738001899 41.4270965469198, 2.13710935600122 41.4270494486131, 2.13869135773125 41.426644586966, 2.13846271335011 41.42613680086, 2.13836536748319 41.4261613286871, 2.13834236237209 41.4261597692401, 2.13832774849017 41.42615263398, 2.13830591169092 41.4261179268842, 2.13824112101266 41.4259539565124, 2.1380135385935 41.4259542746166, 2.13764668112289 41.4258700998312, 2.13769443366093 41.4257606915267, 2.13785372671816 41.4257963441529, 2.13817533959681 41.4258033907593, 2.13847607445846 41.4257806205648, 2.13867638174367 41.4257701945601, 2.1388891513244 41.4257676078879, 2.13924267725465 41.4257709200434, 2.13962576890618 41.425755662702, 2.13919692184443 41.4264579716054, 2.13937736322014 41.4268500190025, 2.13924104143549 41.4268819712033, 2.13926095559836 41.4269182310285, 2.13924162266765 41.4269584757445, 2.13923300538136 41.4269612305986, 2.13917999158572 41.4269473768176, 2.13916538910812 41.4269085535739, 2.13898480911874 41.4269509963902, 2.13898960037095 41.4269615529393, 2.13852814603354 41.4276125339409, 2.13835957185245 41.4278592102641, 2.13827212511754 41.4279684910716, 2.13809530336215 41.4280106453666, 2.13740244692993 41.4280717111215))"
"07","Horta-Guinardó","40","Montbau","151","094","POLYGON ((428466.9475 4587077.8385, 428411.1785 4587098.1235, 428403.6695 4587078.1975, 428376.2215 4587000.3815, 428343.9178 4586910.8694, 428339.269 4586912.797, 428282.629 4586933.382, 428279.4019 4586934.2932, 428272.7055 4586916.4355, 428266.5915 4586901.5775, 428254.7695 4586868.5715, 428252.7075 4586864.4615, 428244.1015 4586854.6555, 428204.0535 4586811.6035, 428189.8055 4586794.9335, 428186.0075 4586789.9225, 428159.9235 4586798.8035, 428115.6715 4586814.8475, 428099.0155 4586820.5615, 428040.8646 4586841.8191, 428030.2695 4586845.0575, 428026.1435 4586844.9995, 428021.3359 4586842.9453, 428016.1395 4586839.1235, 428012.0835 4586834.4995, 428009.8645 4586830.8685, 428007.1765 4586824.5675, 427994.7145 4586788.0795, 427989.2745 4586770.2775, 427982.2395 4586749.6175, 427972.5695 4586730.7395, 427945.3755 4586685.9755, 427934.133500001 4586666.6355, 427927.0495 4586655.9735, 427916.5055 4586639.0575, 427983.095 4586630.506, 427997.823 4586625.679, 428005.009 4586613.474, 428018.822 4586585.948, 428056.661 4586513.293, 428056.249 4586512.125, 428071.291 4586507.263, 428072.554 4586511.561, 428076.999 4586513.055, 428077.716 4586512.742, 428079.287 4586508.258, 428077.583 4586504.249, 428088.9385 4586500.5885, 428073.4285 4586457.2135, 428121.1995 4586350.8105, 428123.3885 4586347.7425, 428126.4755 4586345.5655, 428134.8575 4586342.0335, 428227.9935 4586309.0815, 428251.4535 4586299.7005, 428333.3755 4586269.0285, 428344.0015 4586294.9295, 428356.5525 4586327.4405, 428367.7675 4586358.0615, 428542.5775 4586845.8525, 428565.9885 4586913.8185, 428606.2599 4587027.7071, 428581.1254 4587036.9961, 428466.9475 4587077.8385))","POLYGON ((2.14383253534876 41.4320828049252, 2.14316271434492 41.432260533796, 2.14307521002274 41.432080399902, 2.14275594546408 41.4313770988129, 2.142379964581 41.430568022102, 2.14232410261411 41.4305849683806, 2.14164383399622 41.4307653128158, 2.14160510619151 41.4307732314273, 2.14152708730726 41.4306117971782, 2.14145568255883 41.4304774318382, 2.14131812309587 41.4301791057394, 2.14129393455 41.4301419046299, 2.14119210892028 41.430052817613, 2.1407179608142 41.429661488902, 2.14054943381083 41.4295100760373, 2.14050457815906 41.4294646046586, 2.14019137389132 41.429542259301, 2.13965989903742 41.4296828012389, 2.13945989538805 41.4297327738403, 2.13876146685087 41.429919023817, 2.13863428824528 41.4299472413344, 2.13858491870727 41.4299463492447, 2.13852763005416 41.4299274171902, 2.13846589909598 41.4298925302963, 2.1384179110484 41.429850520529, 2.13839178840588 41.4298176188878, 2.13836037119183 41.4297606277317, 2.13821558325358 41.429430879887, 2.13815260308575 41.4292700577017, 2.13807087634825 41.4290833517713, 2.13795740483822 41.4289124591649, 2.13763731090248 41.4285068512617, 2.1375050847052 41.4283316561742, 2.13742158266272 41.4282349928151, 2.13729742139077 41.4280816919827, 2.13809530336215 41.4280106453666, 2.13827212511754 41.4279684910716, 2.13835957185245 41.4278592102641, 2.13852814603354 41.4276125339409, 2.13898960037095 41.4269615529393, 2.13898480911874 41.4269509963902, 2.13916538910812 41.4269085535739, 2.13917999158572 41.4269473768176, 2.13923300538136 41.4269612305986, 2.13924162266765 41.4269584757445, 2.13926095559836 41.4269182310285, 2.13924104143549 41.4268819712033, 2.13937736337716 41.426850019346, 2.13919692184443 41.4264579716054, 2.13978122331693 41.4255039232124, 2.13980778233136 41.4254764869631, 2.13984498116881 41.4254571558903, 2.13994570270932 41.4254260946221, 2.1410641095567 41.4251376369147, 2.14134595143808 41.4250552419944, 2.1423298866527 41.4247863051834, 2.14245397014954 41.4250205319905, 2.14260030643767 41.425314463708, 2.14273088087877 41.4255912537088, 2.1447650659531 41.4300001422523, 2.14503719780432 41.4306143644446, 2.14550568586815 41.431643689432, 2.14520379173817 41.4317251167257, 2.14383253534876 41.4320828049252))"
"07","Horta-Guinardó","40","Montbau","151","095","POLYGON ((428411.1785 4587098.1235, 428255.0855 4587154.9005, 428241.8535 4587121.4235, 428220.1955 4587060.1355, 428180.1435 4586952.0355, 428170.7615 4586923.4615, 428163.5995 4586904.3695, 428161.1475 4586900.2635, 428158.4775 4586896.9455, 428087.4475 4586824.9685, 428099.0155 4586820.5615, 428115.6715 4586814.8475, 428159.9235 4586798.8035, 428186.0075 4586789.9225, 428189.8055 4586794.9335, 428204.0535 4586811.6035, 428244.1015 4586854.6555, 428252.7075 4586864.4615, 428254.7695 4586868.5715, 428266.5915 4586901.5775, 428272.7055 4586916.4355, 428279.4019 4586934.2932, 428282.629 4586933.382, 428339.269 4586912.797, 428343.9178 4586910.8694, 428376.2215 4587000.3815, 428403.6695 4587078.1975, 428411.1785 4587098.1235))","POLYGON ((2.14316271434492 41.432260533796, 2.14128791934773 41.4327579699096, 2.14113353759901 41.4324552756275, 2.14088162130223 41.4319013470646, 2.1404151426884 41.4309241588926, 2.14030626060948 41.4306659668384, 2.14022281981202 41.4304933733142, 2.14019396408115 41.4304561731255, 2.1401624058738 41.43042605059, 2.13932093561424 41.4297714300833, 2.13945989538805 41.4297327738403, 2.13965989903742 41.4296828012389, 2.14019137389132 41.429542259301, 2.14050457815906 41.4294646046586, 2.14054943381083 41.4295100760373, 2.1407179608142 41.429661488902, 2.14119210892028 41.430052817613, 2.14129393455 41.4301419046299, 2.14131812309587 41.4301791057394, 2.14145568255883 41.4304774318382, 2.14152708730726 41.4306117971782, 2.14160510619151 41.4307732314273, 2.14164383399622 41.4307653128158, 2.14232410261411 41.4305849683806, 2.142379964581 41.430568022102, 2.14275594546408 41.4313770988129, 2.14307521002274 41.432080399902, 2.14316271434492 41.432260533796))"
"07","Horta-Guinardó","40","Montbau","151","096","POLYGON ((428449.7035 4587343.4155, 428444.6255 4587344.1035, 428438.0795 4587343.4215, 428429.8345 4587341.2035, 428422.4055 4587338.8135, 428416.7635 4587336.5975, 428410.4865 4587333.1555, 428382.1905 4587313.0375, 428374.8165 4587303.6296, 428373.3201 4587291.2001, 428357.3801 4587246.6771, 428366.646 4587243.358, 428345.8461 4587187.4544, 428276.6646 4587211.8281, 428255.0855 4587154.9005, 428466.9475 4587077.8385, 428581.1254 4587036.9961, 428606.2599 4587027.7071, 428651.2975 4587152.1165, 428667.1945 4587195.1635, 428684.1025 4587238.5715, 428698.5345 4587273.1135, 428680.4535 4587280.1675, 428659.8835 4587271.4095, 428611.9355 4587266.0595, 428604.1415 4587264.7215, 428596.9455 4587261.4495, 428589.7595 4587255.2795, 428585.4375 4587248.6655, 428582.9395 4587241.1675, 428581.4592 4587234.0761, 428563.5258 4587265.7956, 428547.9716 4587301.3576, 428543.0312 4587307.297, 428537.5727 4587311.838, 428532.4375 4587314.9167, 428499.4275 4587326.0255, 428480.1615 4587333.8845, 428468.8135 4587336.7875, 428449.7035 4587343.4155))","POLYGON ((2.14359472722421 41.4344732016402, 2.14353387230003 41.4344789457086, 2.1434556105698 41.4344722199626, 2.14335719713719 41.4344515086938, 2.14326857001406 41.4344293209441, 2.14320130912225 41.4344088595524, 2.14312659383306 41.4343772994885, 2.14279033205589 41.4341935828846, 2.14270319542002 41.4341081925592, 2.14268675968171 41.4339961122181, 2.142501269001 41.4335936918948, 2.14261255508351 41.433564624787, 2.14237025319324 41.4330592708249, 2.14153941548827 41.4332726183769, 2.14128791934773 41.4327579699096, 2.14383253534876 41.4320828049252, 2.14520379173817 41.4317251167257, 2.14550568586815 41.431643689432, 2.14602998686624 41.4327681920919, 2.1462151567615 41.433157309471, 2.14641238571527 41.4335497676913, 2.14658103044024 41.4338621536142, 2.14636380663109 41.4339240803801, 2.14611866070729 41.4338433739755, 2.14554545654865 41.4337909282233, 2.14545233700184 41.4337781846052, 2.14536660276374 41.433748075404, 2.14528133069222 41.433691866035, 2.14523038713625 41.4336319123734, 2.14520137745609 41.4335641590983, 2.1451844994377 41.4335001583825, 2.14496612663721 41.4337842467854, 2.14477577172051 41.4341031541015, 2.14471594313424 41.4341562080501, 2.14465007920697 41.4341966211016, 2.14458825735589 41.4342238926047, 2.14419188111628 41.4343210063173, 2.14396037625948 41.4343900732723, 2.14382422005002 41.4344152085961, 2.14359472722421 41.4344732016402))"
"07","Horta-Guinardó","40","Montbau","151","097","POLYGON ((427565.0669 4588488.7832, 427563.6738355 4588490.6353325, 427563.2 4588488.3, 427560.7 4588481.1, 427554.0 4588473.3, 427545.2 4588467.8, 427537.2 4588460.9, 427530.5 4588453.2, 427516.4 4588438.8, 427509.5 4588434.1, 427501.2 4588429.9, 427493.7 4588426.9, 427459.7 4588418.3, 427447.0 4588414.1, 427437.8 4588411.7, 427426.2 4588406.1, 427415.4 4588402.2, 427403.6 4588399.4, 427395.5 4588398.4, 427390.0 4588396.2, 427384.4 4588392.8, 427381.3 4588388.1, 427377.7 4588379.3, 427376.2 4588370.9, 427370.4 4588362.9, 427332.5 4588321.5, 427318.7364665 4588304.744394, 427320.2924175 4588262.5106765, 427318.203674 4588242.987789, 427306.315551 4588229.171858, 427293.1193215 4588201.645915, 427289.040273 4588196.0539375, 427280.429385 4588181.08608, 427281.197305 4588162.3013805, 427315.08157 4588098.082588, 427317.5645045 4588088.948555, 427317.5823915 4588074.0325315, 427314.7911495 4588042.7415045, 427312.470085 4588034.7045095, 427307.7710315 4588028.609536, 427274.080722 4587994.725739, 427269.141665 4587988.202766, 427265.9234805 4587978.2572035, 427267.6152895 4587960.810742, 427269.2876415 4587922.367676, 427266.310561 4587900.3764325, 427274.665 4587838.75, 427274.655 4587827.763, 427269.912 4587802.151, 427259.020162 4587748.9695145, 427257.051 4587736.796, 427255.8549875 4587717.66975, 427253.7093635 4587709.515474, 427252.0587355 4587705.1644035, 427203.9681475 4587627.028678, 427200.6567205 4587613.106238, 427198.507215 4587595.7869295, 427199.3866385 4587591.813959, 427213.247309 4587557.3325225, 427215.5546925 4587548.3214315, 427218.7196915 4587504.479966, 427215.0963275 4587490.6920175, 427213.828277 4587480.431456, 427213.833592 4587474.6423365, 427215.077998 4587457.543448, 427216.2062025 4587449.6253075, 427218.1327215 4587442.065515, 427218.1111165 4587433.9457665, 427217.3500955 4587425.8260185, 427213.8756745 4587408.4586375, 427211.60302 4587401.2454255, 427204.828074 4587389.04258, 427199.673844 4587377.8929625, 427188.1782375 4587346.8824965, 427184.1276975 4587339.6727245, 427178.7079195 4587328.486867, 427174.0121615 4587310.2908045, 427172.0297325 4587297.9338575, 427172.0555955 4587288.76858, 427173.6273985 4587274.6813055, 427170.881656 4587250.5428545, 427168.32425 4587249.1885, 427158.5804865 4587245.637544, 427119.971619 4587222.6790515, 427106.598499 4587208.791791, 427090.25073 4587176.1652495, 427083.4119175 4587152.599095, 427043.3391195 4587098.885372, 427035.1038845 4587088.470909, 427020.2921595 4587066.084962, 427011.954462 4587047.1177, 427020.534273 4587039.739673, 427019.4718645 4587038.5977935, 427028.9607 4587038.1211, 427036.6005 4587044.8695, 427047.3815 4587052.5095, 427060.8595 4587058.5035, 427077.1835 4587064.3475, 427084.1895 4587066.4075, 427092.3535 4587068.3375, 427107.9375 4587069.8235, 427123.5235 4587068.9315, 427142.5215 4587066.8535, 427210.383500001 4587055.5435, 427223.6835 4587054.0175, 427230.2075 4587054.3015, 427243.9215 4587056.1295, 427256.7075 4587058.4315, 427282.5875 4587063.8515, 427289.8285 4587065.0495, 427296.8155 4587065.6695, 427301.1295 4587065.5455, 427309.7095 4587064.6255, 427318.1495 4587062.8215, 427374.5515 4587044.0335, 427390.6875 4587039.3075, 427402.5815 4587037.0815, 427411.4015 4587037.0895, 427419.1955 4587038.0775, 427423.0355 4587038.9135, 427430.5355 4587041.2515, 427434.1695 4587042.7475, 427441.1415 4587046.3635, 427460.9235 4587059.5035, 427473.5155 4587067.1335, 427481.0845 4587071.1975, 427484.2815 4587072.5695, 427490.9375 4587074.5755, 427497.8155 4587075.5595, 427500.7335 4587075.5955, 427509.1035 4587074.8015, 427516.8475 4587072.6975, 427520.5935 4587071.2455, 427576.9415 4587045.8055, 427585.4645 4587042.5575, 427592.4415 4587040.9135, 427597.9315 4587040.5315, 427606.1575 4587041.3575, 427611.7015 4587042.9055, 427616.8835 4587045.3215, 427621.9375 4587048.6835, 427626.6795 4587052.8935, 427630.1955 4587057.0015, 427633.1005 4587061.5655, 427635.4775 4587066.9975, 427636.7355 4587071.8655, 427637.3455 4587077.6075, 427637.0495 4587086.2835, 427635.4485 4587094.3235, 427633.4455 4587100.4475, 427622.9575 4587126.7695, 427620.7365 4587133.3675, 427617.5635 4587144.5635, 427615.7315 4587153.6475, 427614.6675 4587164.7955, 427614.7395 4587170.2455, 427615.7775 4587180.9915, 427617.9575 4587192.8395, 427626.2795 4587225.2195, 427641.417500001 4587287.9715, 427644.6135 4587296.2175, 427649.3975 4587303.8815, 427653.3275 4587308.6285, 427657.2695 4587311.8515, 427662.0835 4587314.3715, 427665.5895 4587315.4835, 427671.0475 4587316.2035, 427676.4135 4587315.7895, 427682.5375 4587314.0835, 427687.8755 4587311.1895, 427692.6715 4587307.0595, 427696.3235 4587302.2055, 427697.6195 4587299.7635, 427699.4715 4587293.0395, 427700.0275 4587286.6135, 427699.4255 4587280.1875, 427697.7815 4587274.2595, 427690.4035 4587260.5695, 427664.0295 4587216.3755, 427658.4265 4587206.4195, 427655.5755 4587200.4495, 427652.4235 4587191.7435, 427650.3595 4587182.9395, 427649.3915 4587174.2335, 427649.4215 4587165.4735, 427649.9655 4587160.2235, 427651.1915 4587153.3935, 427652.9115 4587146.6715, 427655.1155 4587140.0895, 427677.8775 4587091.9255, 427679.3135 4587088.3715, 427680.6655 4587083.7735, 427682.0975 4587074.5675, 427682.0555 4587064.3845, 427680.9075 4587055.9115, 427677.8785 4587046.2295, 427698.9900045 4587042.4000355, 427725.1501365 4587034.820154, 427721.84015 4587032.420135, 427719.9632 4587029.9588, 427715.5708 4587026.0032, 427708.4747 4587022.6266, 427701.8911 4587018.0327, 427696.8131 4587012.7813, 427692.5802295 4587006.7412805, 427690.0657 4587001.8277, 427684.0438 4586983.578, 427682.8458 4586957.7248, 427683.0837 4586946.2723, 427684.2324 4586941.0229, 427688.0262 4586928.8788, 427692.1447 4586913.0196, 427697.3277 4586895.7435, 427701.3025 4586878.1925, 427702.5498745 4586877.559073, 427789.8201 4586778.0201, 427815.1209665 4586786.1129665, 427903.88395 4586812.9510165, 427972.8999665 4586834.1989665, 427974.4189665 4586834.3349665, 427983.77689 4586831.366161, 427986.28 4586827.82, 427990.549 4586824.265, 427995.305 4586818.995, 427996.548 4586818.296, 428004.2081815 4586815.876439, 428007.1765 4586824.5675, 428009.8645 4586830.8685, 428012.0835 4586834.4995, 428016.1395 4586839.1235, 428021.3359 4586842.9453, 428026.1435 4586844.9995, 428030.2695 4586845.0575, 428040.8646 4586841.8191, 428087.4475 4586824.9685, 428158.4775 4586896.9455, 428161.1475 4586900.2635, 428163.5995 4586904.3695, 428170.7615 4586923.4615, 428180.1435 4586952.0355, 428220.1955 4587060.1355, 428241.8535 4587121.4235, 428255.0855 4587154.9005, 428276.6646 4587211.8281, 428345.8461 4587187.4544, 428366.646 4587243.358, 428357.3801 4587246.6771, 428373.320057 4587291.1999795, 428374.8165 4587303.6296, 428382.1905 4587313.0375, 428410.4865 4587333.1555, 428416.7635 4587336.5975, 428422.4055 4587338.8135, 428429.8345 4587341.2035, 428438.0795 4587343.4215, 428444.6255 4587344.1035, 428449.7035 4587343.4155, 428468.8135 4587336.7875, 428480.1615 4587333.8845, 428499.4275 4587326.0255, 428532.4375 4587314.9167, 428537.5727 4587311.838, 428543.0312 4587307.297, 428547.9716 4587301.3576, 428563.5258 4587265.7956, 428581.4592 4587234.0761, 428582.9395 4587241.1675, 428585.4375 4587248.6655, 428589.7595 4587255.2795, 428596.9455 4587261.4495, 428604.1415 4587264.7215, 428611.9355 4587266.0595, 428659.8835 4587271.4095, 428680.4535 4587280.1675, 428698.5345 4587273.1135, 428714.0345 4587306.6905, 428723.5235 4587325.8405, 428732.5175 4587343.0705, 428739.2065 4587355.0905, 428752.1185 4587377.0945, 428759.0285 4587388.3905, 428773.2675 4587409.9335, 428786.0985 4587428.1945, 428796.9555 4587442.9075, 428814.9535 4587465.5735, 428841.2115 4587495.4985, 428852.5155 4587507.5215, 428867.2985 4587522.4035, 428842.9535 4587570.4255, 428833.3835 4587640.3815, 428831.9995 4587653.7015, 428828.9815 4587671.7375, 428825.1135 4587682.1875, 428822.9835 4587686.1495, 428819.2415 4587691.7915, 428781.1165 4587735.3825, 428766.7804 4587727.3104, 428755.8402 4587742.7402, 428665.9185 4587810.6188, 428666.3915 4587813.7598, 428665.8815 4587816.8098, 428664.6865 4587819.3108, 428662.8485 4587821.7518, 428660.3365 4587823.3388, 428657.8985 4587823.7798, 428653.8355 4587824.0882, 428652.0527495 4587823.527346, 428631.9646 4587851.2593, 428624.755786 4587870.0071765, 428602.1788 4587888.6295, 428519.8399 4587928.7999, 428470.0799 4587972.1399, 428402.4972 4588007.897, 428392.2437215 4587983.4351515, 428382.5002 4587988.7402, 428250.5002 4587921.8002, 428184.7599 4587960.9602, 428134.2202 4587988.9202, 428105.0402 4588006.7402, 428088.6302 4588015.2002, 428070.6102 4588023.0402, 428025.0302 4588048.9002, 427974.9908 4587997.2005, 427974.2582 4588001.1992, 427970.4032 4588005.4722, 427968.7254 4588008.5304, 427967.2902 4588009.1002, 427966.1399495 4588010.26015, 427957.4802 4588013.1402, 427947.3402 4588017.2802, 427937.8602 4588022.3402, 427930.6202 4588027.2602, 427916.8302 4588040.8802, 427911.7402 4588047.9002, 427905.1302 4588059.9202, 427901.1102 4588068.8402, 427902.0202 4588078.8802, 427905.2102 4588104.4002, 427905.9002 4588116.7802, 427907.4502 4588131.3802, 427912.4702 4588154.3802, 427910.8002 4588163.9002, 427905.7302 4588172.0402, 427898.3899 4588181.7402, 427892.1399 4588189.2402, 427880.2002 4588209.7602, 427872.8002 4588214.7202, 427868.6602 4588225.2002, 427864.2802 4588238.5002, 427856.5302 4588252.5202, 427849.830247 4588266.4201025, 427849.0602 4588266.1002, 427847.2802 4588267.2402, 427841.0502 4588273.0602, 427832.5802 4588278.2602, 427825.8602 4588281.7802, 427818.6002 4588288.0202, 427814.9902 4588289.9602, 427810.5502 4588295.3402, 427804.1102 4588299.1602, 427793.1302 4588312.6202, 427775.9502 4588327.7002, 427764.3702 4588343.3602, 427754.1602 4588353.6402, 427746.1502 4588360.6202, 427741.4602 4588367.8602, 427733.6202 4588372.8002, 427723.7702 4588375.4002, 427697.1702 4588389.3402, 427682.9502 4588396.3802, 427673.1574 4588400.8042, 427668.4062 4588402.5436, 427663.2734 4588405.7474, 427660.9296 4588408.5458, 427659.4976 4588410.9918, 427657.5202 4588413.0602, 427645.0002 4588422.7002, 427637.1202 4588434.5202, 427631.5702 4588452.8202, 427622.0302 4588464.3802, 427612.1102 4588464.5802, 427604.5402 4588469.8202, 427591.5402 4588472.1002, 427581.2002 4588476.6402, 427569.5802 4588483.4002, 427565.0669 4588488.7832))","POLYGON ((2.13287011290268 41.4447096705661, 2.13285321604108 41.4447262261163, 2.13284782435348 41.4447051501728, 2.13281876319534 41.4446400777401, 2.13273950083256 41.4445692223924, 2.13263482618414 41.4445188924306, 2.13253989547749 41.4444560254749, 2.13246062164495 41.4443860705887, 2.13229357567004 41.4442551039607, 2.13221154838586 41.444212150368, 2.13211270356846 41.4441735735437, 2.13202329061869 41.4441458766954, 2.13161735245224 41.4440653493131, 2.1314658414938 41.4440263743537, 2.13135600845869 41.4440039272579, 2.13121783266867 41.4439524422897, 2.13108902857912 41.4439163405445, 2.13094812275828 41.443890055385, 2.13085128851866 41.4438803163847, 2.13078571971406 41.443860004656, 2.13071909823414 41.4438288760409, 2.13068255725894 41.443786265072, 2.13064052440252 41.4437066821977, 2.13062357978954 41.443630891878, 2.13055511775545 41.4435583151606, 2.13010644925104 41.4431820163503, 2.1299437218693 41.4430298610402, 2.12996742694934 41.4426496237779, 2.12994477464555 41.4424736017285, 2.12980414318073 41.4423480921932, 2.12964950503891 41.4420989847549, 2.12960135450902 41.4420482511856, 2.12950008953811 41.4419126632446, 2.12951154208052 41.4417435483283, 2.12992483860697 41.4411682296822, 2.12995565614748 41.4410861887304, 2.12995766467181 41.4409518490908, 2.12992802039334 41.4406697735724, 2.12990120628636 41.4405971782005, 2.12984569628682 41.4405418583634, 2.12944653344716 41.4402336328709, 2.12938820306258 41.4401744362975, 2.12935088189837 41.4400845700103, 2.12937323130903 41.439927591595, 2.12939787517291 41.4395815053419, 2.12936489009281 41.439383171378, 2.12947230058306 41.4388288891453, 2.12947350328801 41.4387299337295, 2.12941981843043 41.4384988294362, 2.12929585954536 41.4380188632955, 2.12927375693055 41.4379090440376, 2.12926174487515 41.4377366749356, 2.12923704654925 41.437663038992, 2.12921781477935 41.437623701495, 2.12865165420183 41.4369156131493, 2.12861369898135 41.4367899203621, 2.12859005941429 41.4366337389712, 2.12860106328402 41.4365980361002, 2.12877110563828 41.4362887351363, 2.12879980636415 41.4362077857834, 2.12884296597768 41.4358132139811, 2.12880126147978 41.4356887042626, 2.12878732103237 41.4355961774622, 2.12878808188974 41.4355440381696, 2.12880503447761 41.4353901496094, 2.1288194905846 41.4353189370321, 2.12884345780072 41.4352510242694, 2.12884417710478 41.4351778916934, 2.12883604702908 41.4351046921074, 2.12879655662692 41.4349479576699, 2.12877022618596 41.434882785798, 2.12869061333812 41.4347722666215, 2.12863027058438 41.4346713802238, 2.12849642742552 41.4343910418858, 2.12844881949935 41.4343257397282, 2.12838530383882 41.4342245027288, 2.12833129807237 41.434060193846, 2.1283090616411 41.4339487210664, 2.12831047558049 41.4338661762165, 2.12833098412581 41.4337394415206, 2.12830103228902 41.4335217892356, 2.12827058904786 41.433509359304, 2.12815440591604 41.4334764938808, 2.12769511266034 41.4332662152191, 2.12753674175613 41.4331399257601, 2.12734503234375 41.432844590474, 2.12726603089076 41.4326317207328, 2.12679293903858 41.432144308235, 2.12669564095401 41.4320497621298, 2.12652108458416 41.4318467970722, 2.12642359388366 41.431675210539, 2.12652716292583 41.4316095398944, 2.12651458651333 41.4315991590059, 2.12662820085679 41.4315957278162, 2.12671881488206 41.4316572014415, 2.12684691357209 41.4317269905302, 2.12700748737133 41.4317821996896, 2.12720213892449 41.4318363160571, 2.12728573442369 41.431855505555, 2.12738320397721 41.4318736292653, 2.12756952574182 41.4318884274505, 2.12775615824168 41.4318818080228, 2.12798376665975 41.4318648160864, 2.12879726484592 41.4317691055123, 2.12895661566012 41.431756566819, 2.1290346570984 41.4317597157982, 2.12919855865835 41.4317774221431, 2.12935129746773 41.4317993132958, 2.12966036321546 41.431850472202, 2.12974687553542 41.431861917575, 2.12983041767151 41.431868134122, 2.12988206025526 41.431867407812, 2.12998485179643 41.431859898396, 2.13008607416704 41.4318444144542, 2.13076332075877 41.4316803020209, 2.13095699507543 41.4316391961144, 2.13109960307317 41.4316202227694, 2.1312051548415 41.4316210920051, 2.13129831035515 41.4316306948204, 2.13134416491483 41.4316385712804, 2.13143363997069 41.4316603062274, 2.13147695004115 41.4316741083279, 2.13155995296804 41.4317073058109, 2.131795116093 41.4318274384412, 2.13194489496052 41.4318972954044, 2.13203498925558 41.4319345813817, 2.13207308472078 41.4319472269931, 2.13215249971129 41.4319658950159, 2.13223469412129 41.4319753783552, 2.13226961096322 41.4319759659975, 2.13236987415162 41.4319695703155, 2.13246280276103 41.4319513195013, 2.13250780710709 41.4319385800846, 2.13318519960548 41.4317145370498, 2.13328758733066 41.4316860523377, 2.13337128115562 41.4316718746313, 2.13343702819186 41.4316689290578, 2.1335353734736 41.4316771099505, 2.13360153561646 41.4316915517523, 2.13366326162758 41.4317137785598, 2.13372334257012 41.4317445139768, 2.13377958818496 41.4317828587857, 2.13382117395424 41.431820174432, 2.13385539304527 41.4318615419885, 2.13388318942678 41.4319106796303, 2.13389766173822 41.4319546367628, 2.13390427448965 41.4320064072172, 2.13389969342199 41.4320845212003, 2.13387957084853 41.4321567894486, 2.13385486666975 41.4322117649602, 2.13372619913152 41.4324478897393, 2.13369882901149 41.4325071146612, 2.13365951504223 41.4326076657949, 2.13363650248073 41.4326893159866, 2.13362243382778 41.4327896248648, 2.13362264280189 41.432838716931, 2.13363377829739 41.4329355946317, 2.13365844896121 41.4330425004475, 2.13375416683879 41.4333348817925, 2.13392782191442 41.4339014234305, 2.13396508398982 41.4339759792015, 2.13402142082239 41.4340454362253, 2.13406788636927 41.4340885442508, 2.13411467801272 41.4341179273916, 2.13417198985256 41.4341410574702, 2.13421381622809 41.4341513885201, 2.13427905088296 41.4341583648013, 2.13434332020732 41.4341551193583, 2.13441681579431 41.4341403057028, 2.13448104672062 41.4341147214723, 2.1345389388731 41.4340779563375, 2.13458322631441 41.4340345674516, 2.13459902883098 41.4340126901886, 2.13462199772167 41.4339522970236, 2.13462942057657 41.433894471126, 2.13462298464988 41.4338365409773, 2.13460401867232 41.4337830022701, 2.13451735785522 41.4336590386304, 2.13420700801155 41.4332586290468, 2.13414114440839 41.4331684553743, 2.13410773901034 41.4331144295888, 2.13407105888749 41.4330357348166, 2.13404741142312 41.4329562554058, 2.13403686884958 41.4328777573642, 2.13403827648371 41.4327988628742, 2.13404541532559 41.4327516276036, 2.13406090521137 41.4326902234529, 2.13408229414603 41.4326298365043, 2.13410945860799 41.4325707540627, 2.13438762843915 41.4321390135579, 2.13440523905524 41.432107133655, 2.13442196929373 41.432065843367, 2.13444020823388 41.4319830581841, 2.13444092393578 41.4318913408951, 2.13442819901494 41.4318149251863, 2.13439310798402 41.4317274512031, 2.13464621713175 41.4316948617524, 2.13496019367071 41.4316289478182, 2.13492086858146 41.4316070341038, 2.13489870062196 41.4315846970974, 2.13484660789813 41.4315486755554, 2.13476208966795 41.4315176254226, 2.13468385041953 41.4314756577097, 2.13462370804723 41.431427903688, 2.13457377410001 41.4313731229934, 2.13454426953151 41.4313286422914, 2.13447438646149 41.4311637336017, 2.13446314258223 41.4309307780461, 2.13446735973898 41.4308276521477, 2.13448173457577 41.4307804766781, 2.13452858882797 41.4306714420057, 2.13457977308242 41.4305289763686, 2.13464386568221 41.43037384517, 2.13469353209874 41.4302161292796, 2.13470853541537 41.4302105365761, 2.13576480450378 41.4293218856186, 2.13606661419085 41.4293970484815, 2.1371256435156 41.4296467385849, 2.1379490325577 41.4298443009912, 2.13796719441632 41.4298456620936, 2.13807953554171 41.4298197625045, 2.1381099130091 41.4297880482767, 2.13816142409847 41.4297564127478, 2.13821896739573 41.4297093746302, 2.13823392576053 41.4297031904841, 2.13832588408347 41.4296820852516, 2.13836037119183 41.4297606277317, 2.13839178840588 41.4298176188878, 2.1384179110484 41.429850520529, 2.13846589909598 41.4298925302963, 2.13852763005416 41.4299274171902, 2.13858491870727 41.4299463492447, 2.13863428824528 41.4299472413344, 2.13876146685087 41.429919023817, 2.13932093561424 41.4297714300833, 2.1401624058738 41.43042605059, 2.14019396408115 41.4304561731255, 2.14022281981202 41.4304933733142, 2.14030626060948 41.4306659668384, 2.1404151426884 41.4309241588926, 2.14088162130223 41.4319013470646, 2.14113353759901 41.4324552756275, 2.14128791934773 41.4327579699096, 2.14153941548827 41.4332726183769, 2.14237025319324 41.4330592708249, 2.14261255508351 41.433564624787, 2.142501269001 41.4335936918948, 2.14268675918137 41.433996111129, 2.14270319542002 41.4341081925592, 2.14279033205589 41.4341935828846, 2.14312659383306 41.4343772994885, 2.14320130912225 41.4344088595524, 2.14326857001406 41.4344293209441, 2.14335719713719 41.4344515086938, 2.1434556105698 41.4344722199626, 2.14353387230003 41.4344789457086, 2.14359472722421 41.4344732016402, 2.14382422005002 41.4344152085961, 2.14396037625948 41.4343900732723, 2.14419188111628 41.4343210063173, 2.14458825735589 41.4342238926047, 2.14465007920697 41.4341966211016, 2.14471594313424 41.4341562080501, 2.14477577172051 41.4341031541015, 2.14496612663721 41.4337842467854, 2.1451844994377 41.4335001583825, 2.14520137745609 41.4335641590983, 2.14523038713625 41.4336319123734, 2.14528133069222 41.433691866035, 2.14536660276374 41.433748075404, 2.14545233700184 41.4337781846052, 2.14554545654865 41.4337909282233, 2.14611866070729 41.4338433739755, 2.14636380663109 41.4339240803801, 2.14658103044024 41.4338621536142, 2.14676257235167 41.4341659427622, 2.14687387773779 41.4343392605561, 2.14697948595469 41.4344952417263, 2.14705812266748 41.4346040941098, 2.14721005978159 41.4348034200242, 2.1472914275377 41.4349057711094, 2.1474593020877 41.4351010623933, 2.1476107132175 41.4352666690576, 2.14773891794969 41.4354001452382, 2.14795165133142 41.4356058834594, 2.1482623890765 41.4358777318647, 2.14839626286267 41.435987019292, 2.14857143830745 41.4361223644904, 2.1482744152007 41.4365527205318, 2.14815163907581 41.4371819350868, 2.1481335059236 41.4373017797439, 2.14809526064425 41.4374639544857, 2.14804773540134 41.4375577301456, 2.14802177565517 41.4375932253157, 2.14797632462096 41.437643708598, 2.14751488452526 41.4380329327825, 2.1473442522262 41.4379589593567, 2.1472114936249 41.4380969580662, 2.14612723729914 41.4387003266986, 2.14613252771613 41.4387286582869, 2.14612606356252 41.4387560829513, 2.14611146559511 41.4387785021651, 2.14608917876578 41.4388003238586, 2.1460589257798 41.4388143940741, 2.14602969378137 41.4388181493525, 2.14598102813828 41.4388205659696, 2.14595975698227 41.4388153562053, 2.14571605044682 41.4390633401473, 2.14562755464443 41.4392315530019, 2.14535513304834 41.4393972685924, 2.14436487462507 41.4397517392359, 2.14376416804618 41.440137651362, 2.14295103124246 41.4404536754931, 2.14283120565416 41.4402324445419, 2.14271395614139 41.4402793556376, 2.14114199039447 41.4396646734844, 2.14035049432994 41.4400114921587, 2.13974225901655 41.4402587928243, 2.13939088186024 41.4404166768912, 2.13919346247277 41.4404914025742, 2.13897684620253 41.4405603996345, 2.13842821415388 41.440789223825, 2.13783544899189 41.440319101911, 2.1378262037764 41.4403550505895, 2.13777955365072 41.4403931896535, 2.13775910735702 41.440420582894, 2.13774186141861 41.4404255860566, 2.13772795569688 41.440435929982, 2.13762396313677 41.4404610922683, 2.13750210300597 41.4404974693965, 2.13738803260711 41.4405421916325, 2.13730078952816 41.4405858539052, 2.13713411072187 41.4407072848546, 2.13707235030631 41.4407700536675, 2.13699180003345 41.4408777185788, 2.13694261958016 41.4409576957885, 2.13695231339588 41.4410482029943, 2.1369874497622 41.4412783359012, 2.13699423121384 41.4413898986072, 2.13701104134144 41.4415215330117, 2.1370683826702 41.4417291337614, 2.13704725795617 41.441814725906, 2.13698560212185 41.4418875837495, 2.13689658595878 41.4419742878514, 2.13682088234378 41.4420412754579, 2.13667552212461 41.4422250168377, 2.13658635642376 41.4422690244179, 2.13653555180439 41.44236304081, 2.13648153764592 41.4424824339981, 2.13638710021178 41.4426080090344, 2.13630524527847 41.442732596692, 2.13629606641766 41.4427296462818, 2.13627462457447 41.4427397537458, 2.13619935948399 41.4427916117661, 2.13609735664392 41.4428376843461, 2.13601650102361 41.4428687832065, 2.13592885678986 41.4429243311875, 2.13588541500659 41.4429414792599, 2.13583162741916 41.4429895351043, 2.13575408710341 41.4430233609082, 2.13562105272639 41.4431436011684, 2.13541361276511 41.4432778740895, 2.13527313240457 41.4434178742877, 2.1351496932588 41.4435095425421, 2.13505298168799 41.4435716871628, 2.13499597806631 41.4436364722169, 2.13490154504764 41.443680258718, 2.13478333284925 41.4437027889461, 2.13446327140585 41.4438259445678, 2.13429221973671 41.4438880696233, 2.13417447323653 41.4439270322493, 2.13411739452398 41.4439422701213, 2.13405557278671 41.4439706627165, 2.13402718307221 41.4439956553499, 2.13400974952504 41.4440175562426, 2.13398583290133 41.4440360071277, 2.13383481734971 41.444121701606, 2.13373907989431 41.4442274483211, 2.13367045537511 41.4443917671745, 2.1335548785309 41.4444950223911, 2.13343611412639 41.4444959292796, 2.13334487471887 41.4445424407723, 2.13318899388318 41.4445618031872, 2.13306468172466 41.4446017600547, 2.13292478184239 41.4446615957496, 2.13287011290268 41.4447096705661))"
"07","Horta-Guinardó","41","la Vall d'Hebron","152","098","POLYGON ((429126.1455 4587654.2175, 429116.1095 4587653.6015, 429104.5335 4587651.5735, 429088.3395 4587647.3315, 429075.4595 4587643.4755, 429023.4245 4587630.7875, 428973.1235 4587609.3375, 428943.9805 4587588.5735, 428928.8565 4587576.9635, 428911.0595 4587562.4235, 428892.7285 4587546.4285, 428871.7845 4587526.8235, 428852.5155 4587507.5215, 428830.3335 4587483.3885, 428814.9535 4587465.5735, 428804.0305 4587452.1105, 428796.9555 4587442.9075, 428779.1245 4587418.4125, 428765.7385 4587398.7965, 428759.0285 4587388.3905, 428739.2065 4587355.0905, 428732.5175 4587343.0705, 428723.5235 4587325.8405, 428714.0345 4587306.6905, 428698.5345 4587273.1135, 428750.0815 4587253.0065, 428782.0715 4587241.4975, 428791.9595 4587237.5395, 428899.9815 4587199.3055, 428953.2235 4587179.0275, 429105.3355 4587123.7895, 429114.6455 4587135.9035, 429125.2715 4587147.6755, 429140.3155 4587162.1535, 429164.3342 4587182.7934, 429184.1098 4587203.8866, 429177.4291 4587209.7861, 429172.5527 4587216.5669, 429169.0553 4587226.7775, 429168.7133 4587238.3058, 429169.9745 4587245.1793, 429176.2123 4587256.0478, 429183.0097 4587262.7202, 429194.1235 4587269.4575, 429198.5935 4587274.7215, 429202.2295 4587280.5915, 429205.2635 4587287.8755, 429212.1385 4587311.5675, 429219.4775 4587333.2655, 429227.7535 4587353.6675, 429237.4975 4587373.9055, 429259.307 4587409.6741, 429269.3266 4587424.8481, 429275.8859 4587438.1085, 429279.8967 4587450.9436, 429279.7169 4587463.8175, 429279.992 4587476.3257, 429276.8453 4587492.0711, 429268.4571 4587495.2171, 429252.8601 4587500.1401, 429225.2601 4587502.9601, 429217.7901 4587491.7801, 429222.3401 4587477.6401, 429212.298 4587476.133, 429196.825 4587472.154, 429194.5272 4587467.0342, 429180.7198 4587473.1318, 429174.0882 4587487.9898, 429152.8202 4587532.5699, 429165.9492 4587538.4458, 429174.9272 4587541.6818, 429191.4656995 4587558.1447005, 429191.317 4587558.423, 429219.0855 4587589.6655, 429212.2515 4587599.3505, 429197.6235 4587615.4935, 429188.9355 4587626.4525, 429182.5245 4587633.0215, 429175.6475 4587638.6755, 429164.5955 4587645.1575, 429157.6135 4587648.2995, 429150.9645 4587650.5975, 429144.1895 4587652.2815, 429138.6875 4587653.2555, 429131.7375 4587654.0015, 429126.1455 4587654.2175))","POLYGON ((2.15165394191108 41.4373324425858, 2.15153389787472 41.4373260086935, 2.15139558797259 41.4373067214478, 2.15120226727931 41.4372670857151, 2.15104856520278 41.4372312189041, 2.15042727348669 41.4371123460509, 2.14982776729632 41.4369147077608, 2.14948141201773 41.4367251173366, 2.14930176701725 41.4366192127855, 2.14909047579042 41.4364866821145, 2.14887296553028 41.4363409992335, 2.14862460791334 41.4361625708323, 2.14839626286267 41.435987019292, 2.14813362445709 41.4357676984675, 2.14795165133142 41.4356058834594, 2.14782250859956 41.4354836598578, 2.14773891794969 41.4354001452382, 2.14752840013153 41.435177948447, 2.14737050683126 41.4350000885615, 2.1472914275377 41.4349057711094, 2.14705812266748 41.4346040941098, 2.14697948595469 41.4344952417263, 2.14687387773779 41.4343392605561, 2.14676257235167 41.4341659427622, 2.14658103044024 41.4338621536142, 2.14720030970965 41.4336856335683, 2.14758451771566 41.4335848145232, 2.14770332206312 41.4335500433438, 2.14900060972885 41.4332152569494, 2.14964018191696 41.4330373335611, 2.15146709972879 41.4325532705302, 2.15157709797945 41.4326631978851, 2.15170288620417 41.4327701610244, 2.15188123100718 41.4329018856191, 2.15216626137443 41.433089899152, 2.15240045970262 41.4332816205376, 2.15231981511884 41.4333341656972, 2.15226066066608 41.4333948074145, 2.1522176077941 41.4334864614586, 2.15221216374181 41.4335902617429, 2.15222645207923 41.4336522796373, 2.15229983165002 41.4337507176674, 2.15238040034793 41.4338114125262, 2.15251261987956 41.4338730724255, 2.152565499777 41.4339208771022, 2.15260832751208 41.4339740662153, 2.15264378498591 41.4340399375363, 2.15272328963217 41.4342539272289, 2.15280858148025 41.4344499986573, 2.15290523966471 41.4346344800802, 2.15301948674125 41.434817613697, 2.15327631788948 41.4351416875623, 2.15339445799324 41.4352792358136, 2.1534714089865 41.4353992442354, 2.15351790903201 41.4355151976848, 2.15351425060822 41.4356311315374, 2.15351607932374 41.4357438117455, 2.15347657614299 41.435885346673, 2.15337581557632 41.435912942558, 2.15318856986851 41.4359559079723, 2.15285791468358 41.4359788744907, 2.1527698209809 41.4358775226685, 2.15282593271577 41.435750570826, 2.1527059228284 41.4357361118909, 2.15252120423742 41.4356989106829, 2.15249430346032 41.4356525962613, 2.15232833866842 41.4357062971815, 2.15224722870876 41.4358395319012, 2.15198746117332 41.4362391694713, 2.15214390481262 41.4362932493434, 2.15225097743345 41.4363231864747, 2.15244698713092 41.4364729191618, 2.15244517482811 41.4364754125729, 2.15277385962342 41.4367592483103, 2.15269093278078 41.4368458745059, 2.15251396678034 41.4369899778762, 2.15240870041062 41.4370879147521, 2.15233120051654 41.4371465135186, 2.15224823039414 41.4371968301236, 2.15211519447516 41.4372542358249, 2.15203126184745 41.4372819185176, 2.15195141362862 41.4373020289888, 2.15187012932101 41.437316598256, 2.15180416419272 41.4373248851423, 2.15172089533678 41.4373309907038, 2.15165394191108 41.4373324425858))"
"07","Horta-Guinardó","41","la Vall d'Hebron","152","099","POLYGON ((428869.0005 4587210.1625, 428863.9895 4587211.8845, 428823.5465 4587100.9785, 428913.0405 4587068.2525, 428953.2235 4587179.0275, 428899.9815 4587199.3055, 428869.0005 4587210.1625))","POLYGON ((2.14862855826276 41.4333102978599, 2.14856838496893 41.433325363327, 2.14809743179853 41.4323228983008, 2.14917231034865 41.4320360756085, 2.14964018191696 41.4330373335611, 2.14900060972885 41.4332152569494, 2.14862855826276 41.4333102978599))"
"07","Horta-Guinardó","41","la Vall d'Hebron","152","100","POLYGON ((428750.0815 4587253.0065, 428698.5345 4587273.1135, 428684.1025 4587238.5715, 428667.1945 4587195.1635, 428651.2975 4587152.1165, 428616.4485 4587055.4125, 428722.3275 4587017.5505, 428743.8545 4587075.9885, 428954.8615 4586999.7075, 429016.1955 4586976.0015, 429048.1835 4586964.1015, 429093.3055 4586948.6115, 429103.7795 4586944.6455, 429108.4235 4586943.0835, 429113.4435 4586941.8695, 429142.9755 4586936.7615, 429188.4295 4586940.5335, 429206.8595 4586940.9155, 429209.8655 4586941.2915, 429212.7675 4586942.1655, 429215.4895 4586943.5095, 429217.6195 4586945.1375, 429268.0715 4586997.7055, 429297.6341 4587026.1876, 429241.3322 4587154.3919, 429229.3103 4587179.481, 429223.0277 4587187.9587, 429214.8379 4587192.5251, 429208.8543 4587194.9194, 429193.7921 4587198.8574, 429184.1098 4587203.8866, 429164.3342 4587182.7934, 429140.3155 4587162.1535, 429125.2715 4587147.6755, 429114.6455 4587135.9035, 429105.3355 4587123.7895, 428953.2235 4587179.0275, 428913.0405 4587068.2525, 428823.5465 4587100.9785, 428863.9895 4587211.8845, 428841.0715 4587219.9975, 428825.8775 4587225.7435, 428801.4695 4587234.067, 428782.0715 4587241.4975, 428750.0815 4587253.0065))","POLYGON ((2.14720030970965 41.4336856335683, 2.14658103044024 41.4338621536142, 2.14641238571527 41.4335497676913, 2.1462151567615 41.433157309471, 2.14602998686624 41.4327681920919, 2.14562434578977 41.4318941253283, 2.14689592047764 41.4315625223318, 2.14714665509925 41.4320907579115, 2.14968086242982 41.4314224209257, 2.1504176580729 41.4312143341973, 2.15080186860413 41.4311099824316, 2.15134367861196 41.430974455381, 2.15146949005131 41.4309396599126, 2.15152524969944 41.4309260015536, 2.15158546824328 41.4309155106395, 2.15193948723247 41.430872110921, 2.15248300967247 41.4309100923921, 2.15270352349845 41.4309151575476, 2.15273945337205 41.4309188089654, 2.15277408032467 41.4309269364809, 2.15280649812146 41.4309392812134, 2.15283179798895 41.4309541316333, 2.15342942476418 41.4314320339959, 2.15377988262747 41.4316911631489, 2.15309108051585 41.4328408865123, 2.15294426805829 41.433065794064, 2.15286808663454 41.4331415954429, 2.15276953813851 41.4331820012678, 2.15269764727182 41.4332030383006, 2.15251692472436 41.433237178378, 2.15240045970262 41.4332816205376, 2.15216626137443 41.433089899152, 2.15188123100718 41.4329018856191, 2.15170288620417 41.4327701610244, 2.15157709797945 41.4326631978851, 2.15146709972879 41.4325532705302, 2.14964018191696 41.4330373335611, 2.14917231034865 41.4320360756085, 2.14809743179853 41.4323228983008, 2.14856838496893 41.433325363327, 2.14829315181475 41.4333964032737, 2.14811063626781 41.4334468085853, 2.14781754525301 41.4335196112144, 2.14758451771566 41.4335848145232, 2.14720030970965 41.4336856335683))"
"07","Horta-Guinardó","41","la Vall d'Hebron","152","101","POLYGON ((428759.4255 4587070.3635, 428743.8545 4587075.9885, 428722.3275 4587017.5505, 428616.4485 4587055.4125, 428606.2599 4587027.7071, 428565.9885 4586913.8185, 428542.5775 4586845.8525, 428531.1235 4586813.7145, 428367.7675 4586358.0615, 428356.5525 4586327.4405, 428344.0015 4586294.9295, 428333.3755 4586269.0285, 428357.8897 4586259.5884, 428371.9656 4586252.9209, 428397.8022 4586239.1096, 428415.6616 4586232.2833, 428426.0465 4586229.4258, 428440.7441 4586227.9177, 428461.4611 4586226.8064, 428475.9867 4586227.5208, 428488.7661 4586228.9496, 428503.2124 4586231.8071, 428523.7706 4586233.4739, 428539.9631 4586232.7596, 428552.7888 4586231.8269, 428610.2275 4586212.1255, 428619.8195 4586209.2255, 428644.1715 4586203.6355, 428671.2695 4586201.4615, 428690.0115 4586203.1575, 428709.6335 4586206.3155, 428731.6605 4586211.5735, 428747.0885 4586217.4325, 428763.1815 4586224.8015, 428783.6655 4586235.6285, 428798.4375 4586244.2975, 428812.7375 4586253.7365, 428829.9355 4586266.6975, 428842.7175 4586277.8015, 428853.3455 4586287.6755, 428863.6875 4586297.6855, 428877.6615 4586312.1155, 428885.3055 4586319.0635, 428895.0395 4586327.0135, 428905.0085 4586334.5535, 428915.0555 4586341.7575, 428924.7675 4586347.9495, 428936.7115 4586354.6285, 428946.7395 4586359.6015, 428963.383500001 4586366.9995, 428976.133500001 4586373.1795, 428964.4195 4586376.8115, 428959.5215 4586378.9815, 428954.5875 4586382.2635, 428950.4035 4586386.4115, 428947.8345 4586389.9335, 428945.9715 4586393.7975, 428944.3615 4586397.9735, 428943.0615 4586402.5815, 428942.5255 4586407.2155, 428943.2675 4586416.7915, 428944.8995 4586421.6795, 428947.5815 4586426.8775, 428951.3345 4586431.9795, 428954.8795 4586435.7075, 428968.4465 4586446.5865, 428973.5015 4586451.5055, 428975.4365 4586454.3635, 428977.0765 4586458.6675, 428986.6015 4586505.9275, 428989.7835 4586515.3375, 428992.1415 4586521.0495, 428994.9415 4586527.0635, 429002.9705 4586540.8535, 429007.5975 4586547.6675, 429020.7335 4586565.2395, 429028.417500001 4586576.7115, 429032.9415 4586584.3735, 429038.7995 4586595.1295, 429048.3895 4586614.9695, 429052.6575 4586625.6595, 429058.0335 4586641.4715, 429060.3315 4586649.1815, 429063.8735 4586664.0395, 429067.6575 4586685.8035, 429068.9295 4586697.4775, 429069.9265 4586715.1655, 429070.1355 4586733.2735, 429069.3175 4586757.1495, 429068.0935 4586772.7075, 429090.7012 4586860.4322, 429089.8712 4586866.8002, 429090.1992 4586873.6492, 429091.879143 4586881.910978, 429094.1518 4586888.8828, 429097.1168 4586895.1292, 429104.7538005 4586904.1887995, 429111.2878 4586909.6492, 429119.8628 4586914.6852, 429131.2742 4586919.0392, 429136.6872 4586914.2152, 429141.04215 4586911.205232, 429148.0302 4586922.6862, 429155.1895 4586937.9415, 429142.9755 4586936.7615, 429113.4435 4586941.8695, 429105.8995 4586943.9175, 429093.3055 4586948.6115, 429048.1835 4586964.1015, 429016.1955 4586976.0015, 428954.8615 4586999.7075, 428759.4255 4587070.3635))","POLYGON ((2.14733366505758 41.4320414773227, 2.14714665509925 41.4320907579115, 2.14689592047764 41.4315625223318, 2.14562434578977 41.4318941253283, 2.14550568586815 41.431643689432, 2.14503719780432 41.4306143644446, 2.1447650659531 41.4300001422523, 2.14463179352149 41.4297096703879, 2.14273088087877 41.4255912537088, 2.14260030643767 41.425314463708, 2.14245397014954 41.4250205319905, 2.1423298866527 41.4247863051834, 2.14262434722525 41.4247034688516, 2.14279357203235 41.4246446727373, 2.14310437307727 41.4245225835792, 2.14331888973325 41.4244626936457, 2.14344349528332 41.4244378826735, 2.14361954744212 41.4244256091856, 2.14386758161413 41.4244174452733, 2.1440413125813 41.4244251729143, 2.14419406381295 41.4244391791489, 2.14436659256644 41.4244662012128, 2.14461239820944 41.4244830427057, 2.14480624470099 41.4244780498154, 2.14495982930461 41.4244707901448, 2.14564947610172 41.4242984543681, 2.14576459756738 41.4242731876306, 2.14605665635283 41.4242250042275, 2.14638117070111 41.4242078303395, 2.14660523965296 41.4242247693061, 2.14683966655001 41.4242549535373, 2.14710262471032 41.4243042644515, 2.14728654786024 41.4243584024626, 2.14747825091992 41.4244261990762, 2.1477220905732 41.4245255293708, 2.14789783416746 41.424604916734, 2.14806783948944 41.4246911970696, 2.14827210883968 41.424809455056, 2.14842375448827 41.4249105963371, 2.14854976998956 41.4250004685726, 2.14867234748075 41.425091540241, 2.14883786701832 41.4252227424047, 2.14892852031386 41.425285996803, 2.1490440655903 41.4253584607121, 2.14916247142527 41.4254272526078, 2.14928185038954 41.4254930250756, 2.14939733982169 41.4255496531265, 2.1495394811847 41.4256108647128, 2.14965889568348 41.4256565414404, 2.14985719515589 41.42572464406, 2.15000904088773 41.4257814320623, 2.14986843957701 41.4258131082068, 2.14980957307951 41.42583221935, 2.14975014509308 41.4258613425924, 2.14969959011673 41.4258983318325, 2.14966843445384 41.4259298257775, 2.14964568688221 41.4259644624087, 2.14962593013287 41.4260019314654, 2.14960983219392 41.4260433187799, 2.14960287356232 41.4260850078425, 2.14961062728006 41.4261713204485, 2.14962958214384 41.4262154889478, 2.14966106543103 41.4262625423547, 2.14970537617931 41.4263088258465, 2.1497473594064 41.4263427158904, 2.1499084310712 41.4264418981891, 2.14996834405774 41.4264866485042, 2.14999116358816 41.4265125603851, 2.15001028314122 41.4265514696892, 2.15011871366219 41.4269779625655, 2.15015568627933 41.4270629957367, 2.15018323278134 41.4271146497399, 2.15021603312713 41.4271690627922, 2.15031049416237 41.4272939731421, 2.15036506393408 41.4273557528873, 2.1505201955927 41.4275151772667, 2.15061080128703 41.4276191796448, 2.15066403949407 41.4276885877261, 2.15073287834191 41.4277859799765, 2.1508453114106 41.4279655175751, 2.15089513128935 41.4280621748504, 2.15095760954548 41.4282050616429, 2.15098420469135 41.4282747052944, 2.15102484797797 41.4284088378035, 2.1510675771281 41.4286051910787, 2.15108142935712 41.4287104461673, 2.15109128508692 41.428869842513, 2.15109166157066 41.4290329520315, 2.15107907111423 41.4292479207779, 2.15106259792658 41.4293879369757, 2.15132285592956 41.4301800321504, 2.15131217613139 41.4302373127363, 2.1513152979646 41.430299027716, 2.15133443313554 41.4303735863375, 2.15136081283294 41.4304365791965, 2.15139556313618 41.4304930996003, 2.15148589477579 41.4305753696772, 2.15156344876659 41.4306251258847, 2.1516654779471 41.4306712397635, 2.1518015313608 41.4307114613416, 2.15186687602462 41.4306684912207, 2.15191934594178 41.4306417659335, 2.1520016284342 41.4307457865951, 2.15208551824169 41.4308838161058, 2.15193948723247 41.430872110921, 2.15158546824328 41.4309155106395, 2.1514949462541 41.4309332902551, 2.15134367861196 41.430974455381, 2.15080186860413 41.4311099824316, 2.1504176580729 41.4312143341973, 2.14968086242982 41.4314224209257, 2.14733366505758 41.4320414773227))"
"07","Horta-Guinardó","42","la Clota","153","102","POLYGON ((429301.6615 4587016.2115, 429297.6341 4587026.1876, 429268.0715 4586997.7055, 429217.6195 4586945.1375, 429215.4895 4586943.5095, 429212.7675 4586942.1655, 429209.8655 4586941.2915, 429206.8595 4586940.9155, 429188.4295 4586940.5335, 429155.1895 4586937.9415, 429148.0302 4586922.6862, 429141.0422 4586911.2052, 429136.6872 4586914.2152, 429131.2742 4586919.0392, 429119.8628 4586914.6852, 429113.0522 4586910.8442, 429107.0998 4586906.3598, 429103.2648 4586902.6642, 429097.1168 4586895.1292, 429096.4162 4586893.8518, 429093.0098 4586885.7518, 429090.4812 4586875.4972, 429089.8462 4586868.0482, 429090.0522 4586864.2882, 429090.7012 4586860.4322, 429068.0935 4586772.7075, 429069.3175 4586757.1495, 429070.1355 4586733.2735, 429069.9265 4586715.1655, 429068.9295 4586697.4775, 429067.6575 4586685.8035, 429066.0245 4586675.3115, 429063.8735 4586664.0395, 429060.3315 4586649.1815, 429055.2595 4586632.8715, 429052.6575 4586625.6595, 429048.3895 4586614.9695, 429038.7995 4586595.1295, 429032.9415 4586584.3735, 429025.8535 4586572.7035, 429015.9235 4586558.6345, 429007.5975 4586547.6675, 429002.9705 4586540.8535, 428994.9415 4586527.0635, 428992.1415 4586521.0495, 428989.7835 4586515.3375, 428986.6015 4586505.9275, 428977.0765 4586458.6675, 428975.4365 4586454.3635, 428973.5015 4586451.5055, 428968.4465 4586446.5865, 428954.8795 4586435.7075, 428951.3345 4586431.9795, 428947.5815 4586426.8775, 428944.8995 4586421.6795, 428943.2675 4586416.7915, 428942.5255 4586407.2155, 428943.0615 4586402.5815, 428944.3615 4586397.9735, 428947.8345 4586389.9335, 428950.4035 4586386.4115, 428954.5875 4586382.2635, 428959.5215 4586378.9815, 428964.4195 4586376.8115, 428976.133500001 4586373.1795, 428984.3795 4586374.9915, 428990.4535 4586376.9955, 428995.7455 4586379.7535, 429000.1695 4586383.2615, 429003.8123 4586387.105, 429006.7333 4586390.8515, 429009.5115 4586395.9735, 429011.2931 4586400.327, 429012.9217 4586408.81, 429012.8952 4586412.9031, 429011.6662 4586416.5606, 429027.4535 4586417.2395, 429044.2205 4586418.9495, 429058.4155 4586421.5015, 429071.5675 4586424.5695, 429087.0875 4586428.9495, 429097.5815 4586432.6235, 429106.2675 4586436.1175, 429116.2055 4586440.7275, 429122.6455 4586444.3935, 429127.8455 4586447.8455, 429135.8535 4586454.3255, 429139.3955 4586457.9055, 429154.7195 4586475.7055, 429161.1095 4586482.0495, 429167.9705 4586487.8375, 429174.8255 4586492.8595, 429182.0875 4586497.4955, 429192.8775 4586503.7095, 429213.8295 4586514.9555, 429250.2135 4586532.6995, 429262.1015 4586539.0335, 429272.2035 4586544.6555, 429293.3015 4586558.1795, 429303.9105 4586565.7795, 429317.8315 4586576.7095, 429337.3198 4586593.5655, 429372.9045 4586626.4885, 429388.8115 4586639.2375, 429418.3805 4586658.1695, 429452.4875 4586675.7035, 429565.2769 4586726.0416, 429543.0117 4586764.2478, 429536.0433 4586775.4261, 429516.5801 4586795.0275, 429503.6541 4586805.3631, 429487.4667 4586815.0553, 429473.9691 4586824.2736, 429466.364 4586833.381, 429461.1644 4586841.6242, 429443.4378 4586872.9405, 429436.805 4586884.0034, 429428.5695 4586891.7134, 429359.3844 4586948.4851, 429342.0637 4586963.0712, 429327.7685 4586977.0678, 429316.1168 4586991.6573, 429309.1946 4587001.7687, 429301.6615 4587016.2115))","POLYGON ((2.15382924742839 41.4316016671553, 2.15377988262747 41.4316911631489, 2.15342942476418 41.4314320339959, 2.15283179798895 41.4309541316333, 2.15280649812146 41.4309392812134, 2.15277408032467 41.4309269364809, 2.15273945337205 41.4309188089654, 2.15270352349845 41.4309151575476, 2.15248300967247 41.4309100923921, 2.15208551824169 41.4308838161058, 2.1520016284342 41.4307457865951, 2.15191934654389 41.4306417656497, 2.15186687602462 41.4306684912207, 2.1518015313608 41.4307114613416, 2.1516654779471 41.4306712397635, 2.15158442375313 41.430636044462, 2.15151371544677 41.4305951300232, 2.15146825427076 41.4305615068292, 2.15139556313618 41.4304930996003, 2.15138732868937 41.430481532757, 2.15134751347417 41.430408278799, 2.15131845595016 41.43031569676, 2.15131173055338 41.4302485507331, 2.15131463687145 41.4302147042027, 2.15132285592956 41.4301800321504, 2.15106259792658 41.4293879369757, 2.15107907111423 41.4292479207779, 2.15109166157066 41.4290329520315, 2.15109128508692 41.428869842513, 2.15108142935712 41.4287104461673, 2.1510675771281 41.4286051910787, 2.15104926619396 41.4285105498801, 2.15102484797797 41.4284088378035, 2.15098420469135 41.4282747052944, 2.15092542267545 41.4281273600916, 2.15089513128935 41.4280621748504, 2.1508453114106 41.4279655175751, 2.15073287834191 41.4277859799765, 2.15066403949407 41.4276885877261, 2.15058058904638 41.4275828547476, 2.15046341109213 41.4274552637973, 2.15036506393408 41.4273557528873, 2.15031049416237 41.4272939731421, 2.15021603312713 41.4271690627922, 2.15018323278134 41.4271146497399, 2.15015568627933 41.4270629957367, 2.15011871366219 41.4269779625655, 2.15001028314122 41.4265514696892, 2.14999116358816 41.4265125603851, 2.14996834405774 41.4264866485042, 2.1499084310712 41.4264418981891, 2.1497473594064 41.4263427158904, 2.14970537617931 41.4263088258465, 2.14966106543103 41.4262625423547, 2.14962958214384 41.4262154889478, 2.14961062728006 41.4261713204485, 2.14960287356232 41.4260850078425, 2.14960983219392 41.4260433187799, 2.14962593013287 41.4260019314654, 2.14966843445384 41.4259298257775, 2.14969959011673 41.4258983318325, 2.14975014509308 41.4258613425924, 2.14980957307951 41.42583221935, 2.14986843957701 41.4258131082068, 2.15000904088773 41.4257814320623, 2.15010750313504 41.4257984809846, 2.15017995181448 41.4258170670966, 2.15024295424392 41.4258423750042, 2.1502954817878 41.4258743610959, 2.15033862180498 41.4259092998304, 2.15037313587597 41.4259433011224, 2.15040577967173 41.4259896783332, 2.15042658796473 41.4260290459115, 2.15044508057648 41.4261055926303, 2.15044428290134 41.4261424551132, 2.15042914666363 41.4261752880678, 2.15061798554849 41.4261827975871, 2.15081842704975 41.4261996800164, 2.1509879920291 41.4262239185053, 2.15114501554013 41.4262527120498, 2.15133022201497 41.4262935310538, 2.15145536777585 41.4263275475239, 2.15155889929284 41.4263597831172, 2.15167728217524 41.4264021804389, 2.1517539169069 41.4264357668008, 2.1518157382831 41.4264673163056, 2.15191080690032 41.4265263854183, 2.15195277287225 41.4265589414297, 2.15213406278069 41.4267206101778, 2.1522097860216 41.4267783114546, 2.15229121081202 41.4268310465543, 2.15237265366768 41.4268768820269, 2.15245901227163 41.4269192767829, 2.1525874044905 41.4269761948473, 2.15283681293021 41.4270793294316, 2.1532701316195 41.4272423475815, 2.1534116505964 41.4273004422317, 2.15353188056545 41.4273519667698, 2.15378277268836 41.4274756291766, 2.15390883912217 41.4275450129751, 2.15407415043389 41.42764468, 2.15430539232493 41.4277982095763, 2.1547273811703 41.4280978629311, 2.15491624889953 41.4282140863572, 2.15526788723173 41.4283871977851, 2.15567399657606 41.4285481155175, 2.15701787622521 41.4290113882115, 2.15674697498042 41.4293535429987, 2.15666228052034 41.4294536100546, 2.1564270768162 41.4296284440903, 2.15627118422123 41.4297203981862, 2.15607633649077 41.4298062709231, 2.15591373288588 41.4298881112857, 2.15582165856173 41.4299694700528, 2.15575847199421 41.4300432565109, 2.15554267869444 41.4303237524139, 2.15546201080576 41.4304228086608, 2.15536255411233 41.430491525859, 2.1545279610522 41.4309967629233, 2.15431897250684 41.4311266102303, 2.15414625952724 41.4312514139917, 2.1540051125246 41.4313817901335, 2.15392108886995 41.4314722500193, 2.15382924742839 41.4316016671553))"
"07","Horta-Guinardó","43","Horta","154","103","POLYGON ((429763.2357355 4589112.026026, 429751.3482 4589112.0388, 429747.8788 4589108.9002, 429743.0033 4589101.8912, 429735.1492 4589093.4727, 429727.1917 4589088.1683, 429719.2341 4589083.5703, 429712.3376 4589080.2109, 429705.618 4589074.3754, 429696.4224 4589064.296, 429692.7088 4589059.5215, 429688.4648 4589055.2775, 429683.6903 4589049.619, 429670.9582 4589036.3567, 429667.0682 4589033.5271, 429662.2936 4589031.4052, 429643.1955 4589019.7344, 429633.116 4589014.0758, 429623.2135 4589010.5395, 429618.4389 4589010.3625, 429613.0154 4589011.6051, 429603.9385 4589016.3751, 429581.6574 4589026.4543, 429570.1636 4589032.8204, 429556.5476 4589043.7845, 429551.2425 4589046.9675, 429539.4061 4589048.4922, 429528.511 4589047.9337, 429504.4865 4589051.8449, 429489.7 4589049.9, 429464.8 4589037.5, 429458.2 4589033.8, 429450.9 4589028.0, 429432.9 4589016.1, 429416.2 4589010.2, 429398.0 4589005.7, 429371.2 4588993.9, 429369.3 4588992.8, 429365.3 4588989.5, 429359.4 4588981.6, 429356.0 4588978.1, 429296.5 4588924.4, 429293.2 4588920.4, 429287.0 4588909.4, 429285.4 4588905.5, 429284.8 4588902.5, 429282.9 4588878.7, 429278.9 4588861.2, 429277.0 4588844.0, 429276.4 4588833.6, 429274.9 4588820.4, 429272.4 4588813.8, 429265.1 4588810.8, 429255.1 4588807.7, 429246.0 4588803.4, 429236.9 4588799.6, 429229.5 4588794.3, 429217.3 4588782.4, 429209.9 4588774.2, 429195.8 4588760.1, 429171.6 4588734.3, 429168.0 4588731.6, 429163.2 4588730.2, 429158.2 4588729.5, 429151.5 4588730.4, 429141.9 4588732.3, 429133.8 4588734.7, 429122.5 4588738.8, 429107.0 4588743.8, 429094.8 4588748.6, 429085.9 4588753.4, 429061.5 4588761.6, 429054.1 4588761.8, 429047.4 4588759.9, 429035.9 4588753.9, 429028.9 4588751.7, 429022.5 4588750.5, 428999.0 4588748.4, 428987.4 4588750.2, 428969.2 4588754.9, 428959.5 4588754.1, 428950.9 4588748.6, 428939.4 4588740.5, 428934.4 4588735.7, 428927.9 4588730.2, 428919.5 4588724.4, 428905.4 4588718.7, 428884.3 4588707.0, 428878.1 4588704.6, 428871.7 4588702.9, 428866.6 4588703.1, 428861.6 4588704.8, 428852.5 4588709.1, 428843.4 4588711.3, 428835.5 4588713.7, 428815.0 4588716.5, 428807.1 4588719.5, 428796.5 4588725.0, 428769.2 4588743.8, 428755.4 4588756.2, 428744.0 4588768.5, 428724.5 4588787.8, 428716.4 4588793.2, 428707.0 4588797.0, 428692.6 4588801.7, 428658.5 4588807.8, 428646.2 4588811.1, 428635.9 4588813.4, 428617.4 4588819.3, 428608.6 4588824.0, 428599.2 4588831.0, 428593.7 4588836.5, 428590.1 4588838.7, 428585.1 4588839.0, 428570.2 4588832.5, 428561.8 4588828.2, 428548.2 4588823.8, 428536.7 4588821.5, 428521.4 4588819.1, 428510.5 4588819.3, 428497.4 4588818.8, 428456.7 4588802.7, 428435.1 4588792.6, 428416.6 4588784.4, 428407.6 4588775.4, 428378.2 4588750.7, 428366.6 4588738.5, 428359.3 4588733.0, 428352.8 4588730.6, 428332.9 4588728.6, 428317.9 4588728.3, 428309.7 4588730.3, 428301.2 4588734.1, 428293.8 4588738.8, 428286.5 4588744.7, 428280.0 4588752.1, 428275.6 4588758.0, 428273.8 4588758.7, 428265.8 4588759.5, 428264.2 4588760.2, 428261.6 4588762.5, 428260.8 4588764.2, 428257.9 4588768.1, 428248.7 4588776.4, 428241.7 4588781.2, 428231.9 4588785.8, 428220.2 4588789.2, 428212.2 4588790.4, 428193.3 4588790.6, 428187.1 4588791.2, 428180.2 4588792.5, 428174.4 4588794.1, 428165.5 4588797.6, 428162.4 4588799.3, 428154.6 4588805.1, 428152.6 4588805.9, 428143.4 4588806.4, 428138.4 4588807.2, 428119.6 4588810.4, 428104.5 4588813.5, 428083.7 4588816.7, 428065.7 4588819.9, 428057.2 4588821.7, 428052.7 4588822.8, 428038.6 4588827.8, 428021.9 4588833.1, 428009.3 4588839.3, 427997.8 4588842.5, 427981.5 4588845.1, 427973.6 4588844.4, 427962.6 4588838.4, 427954.7 4588831.6, 427947.0 4588824.3, 427939.4 4588819.6, 427933.1 4588814.4, 427922.2 4588808.1, 427908.7 4588812.2, 427882.4 4588822.5, 427871.4 4588815.2, 427858.5 4588807.6, 427807.6 4588788.7, 427775.9 4588796.8, 427765.6 4588800.2, 427762.5 4588800.9, 427747.4 4588805.6, 427738.9 4588807.3, 427731.4 4588807.3, 427727.2 4588806.2, 427723.7 4588803.8, 427722.3 4588799.9, 427715.3 4588787.2, 427713.4 4588769.6, 427710.9 4588751.7, 427698.7 4588728.2, 427689.6 4588712.9, 427682.7 4588699.7, 427667.5 4588674.8, 427662.5 4588664.2, 427651.1 4588641.6, 427647.6 4588635.5, 427628.2 4588608.9, 427618.2 4588598.7, 427610.2 4588592.6, 427593.9 4588584.0, 427577.8 4588576.8, 427571.1 4588572.4, 427569.0 4588568.5, 427567.9 4588562.7, 427568.1 4588556.9, 427566.8 4588549.2, 427566.2 4588542.5, 427568.1 4588525.9, 427568.4 4588514.6, 427563.6738355 4588490.6353325, 427569.5802 4588483.4002, 427581.2002 4588476.6402, 427591.5402 4588472.1002, 427604.5402 4588469.8202, 427612.1102 4588464.5802, 427622.0302 4588464.3802, 427631.5702 4588452.8202, 427637.1202 4588434.5202, 427645.0002 4588422.7002, 427657.5202 4588413.0602, 427659.4976 4588410.9918, 427660.9296 4588408.5458, 427663.2734 4588405.7474, 427668.4062 4588402.5436, 427673.1574 4588400.8042, 427682.9502 4588396.3802, 427697.1702 4588389.3402, 427723.7702 4588375.4002, 427733.6202 4588372.8002, 427741.4602 4588367.8602, 427746.1502 4588360.6202, 427754.1602 4588353.6402, 427764.3702 4588343.3602, 427775.9502 4588327.7002, 427793.1302 4588312.6202, 427804.1102 4588299.1602, 427810.5502 4588295.3402, 427814.9902 4588289.9602, 427818.6002 4588288.0202, 427825.8602 4588281.7802, 427832.5802 4588278.2602, 427841.0502 4588273.0602, 427847.2802 4588267.2402, 427849.0602 4588266.1002, 427849.8302 4588266.4202, 427856.5302 4588252.5202, 427864.2802 4588238.5002, 427868.6602 4588225.2002, 427872.8002 4588214.7202, 427880.2002 4588209.7602, 427892.1399 4588189.2402, 427898.3899 4588181.7402, 427905.7302 4588172.0402, 427910.8002 4588163.9002, 427912.4702 4588154.3802, 427907.4502 4588131.3802, 427905.9002 4588116.7802, 427905.2102 4588104.4002, 427902.0202 4588078.8802, 427901.1102 4588068.8402, 427905.1302 4588059.9202, 427911.7402 4588047.9002, 427916.8302 4588040.8802, 427930.6202 4588027.2602, 427937.8602 4588022.3402, 427947.3402 4588017.2802, 427957.4802 4588013.1402, 427966.1399 4588010.2602, 427967.2902 4588009.1002, 427968.7254 4588008.5304, 427970.4032 4588005.4722, 427974.2582 4588001.1992, 427974.9908 4587997.2005, 428025.030003 4588048.8999985, 428070.6102 4588023.0402, 428088.6302 4588015.2002, 428105.0402 4588006.7402, 428134.2202 4587988.9202, 428184.7599 4587960.9602, 428250.5002 4587921.8002, 428382.5002 4587988.7402, 428392.2436525 4587983.4351255, 428402.4971635 4588007.8969135, 428470.0799 4587972.1399, 428519.8399 4587928.7999, 428602.1788 4587888.6295, 428624.7557 4587870.0074, 428631.9646 4587851.2593, 428652.0525 4587823.5272, 428653.8355 4587824.0882, 428657.8985 4587823.7798, 428660.3365 4587823.3388, 428662.8485 4587821.7518, 428664.6865 4587819.3108, 428665.8815 4587816.8098, 428666.391492 4587813.7598475, 428665.9185135 4587810.61889, 428755.8402 4587742.7402, 428766.7804 4587727.3104, 428781.1165 4587735.3825, 428817.8595 4587693.5755, 428822.9835 4587686.1495, 428825.1135 4587682.1875, 428826.6735 4587678.4375, 428829.4795 4587669.5815, 428831.9995 4587653.7015, 428833.3835 4587640.3815, 428842.9535 4587570.4255, 428867.2985 4587522.4035, 428888.1295 4587542.2525, 428911.0595 4587562.4235, 428928.8565 4587576.9635, 428943.9805 4587588.5735, 428973.1235 4587609.3375, 429023.4245 4587630.7875, 429075.4595 4587643.4755, 429088.3395 4587647.3315, 429103.1015 4587651.2365, 429111.7475 4587652.9815, 429120.4855 4587654.0475, 429127.5435 4587654.1955, 429135.9155 4587653.6155, 429144.1895 4587652.2815, 429150.9645 4587650.5975, 429157.7875 4587648.2295, 429165.8635 4587644.5195, 429174.5535 4587639.4115, 429179.7155 4587635.4925, 429184.3475 4587631.2915, 429188.9355 4587626.4525, 429197.6235 4587615.4935, 429210.7075 4587601.1415, 429214.4455 4587596.5635, 429219.0855 4587589.6655, 429245.9748 4587546.6428, 429251.9877 4587545.054, 429254.7609 4587553.5599, 429262.8018 4587560.4215, 429270.5715 4587562.7242, 429279.8425 4587561.6588, 429288.9786 4587559.7642, 429292.7987 4587556.0991, 429301.3788 4587559.8936, 429339.4847 4587578.7409, 429445.5755 4587647.9075, 429495.9075 4587677.9595, 429529.7715 4587696.5135, 429538.1915 4587700.3015, 429615.7075 4587730.3695, 429644.2995 4587706.6755, 429694.1735 4587667.4555, 429733.7095 4587636.8945, 429785.2075 4587698.6175, 429793.5595 4587709.2555, 429835.9615 4587760.5035, 429824.7295 4587770.0635, 429788.2781 4587799.0942, 429805.4775 4587806.3075, 429811.8915 4587809.3675, 429818.0255 4587813.0235, 429823.7975 4587817.2335, 429829.1355 4587821.9395, 429831.5495 4587824.8935, 429833.6455 4587828.1055, 429838.6337 4587837.7689, 429843.6058 4587856.4044, 429849.5209 4587868.7914, 429856.2127 4587876.705, 429862.8086 4587883.1421, 429885.5792 4587921.0198, 429956.6029 4587936.737, 429955.0925 4587943.7712, 429954.4434 4587951.2312, 429954.3567 4587957.7103, 429956.0792 4587972.4459, 429958.1379 4587979.4034, 429960.9808 4587986.4205, 429964.5786 4587993.7276, 429969.2986 4588000.5914, 429974.2725 4588006.3265, 429979.5017 4588011.3482, 429984.8943 4588015.8259, 429990.8806 4588019.7742, 429997.6475 4588023.1539, 430004.0024 4588025.819, 430011.9343 4588028.3909, 430025.1257 4588029.7434, 430026.735 4588040.804, 430030.8782 4588054.3443, 430028.2875 4588088.7455, 429971.1833 4588123.2703, 429964.567073 4588115.937081, 429944.5872 4588127.7022, 429864.3509 4588176.2349, 429856.2302005 4588180.2599005, 429839.1799 4588187.9799, 429834.3192 4588196.4702, 429826.2135 4588207.9435, 429824.2335 4588206.7955, 429813.5435 4588197.3735, 429807.9195 4588189.5455, 429803.3159 4588179.5079, 429781.6735 4588191.3735, 429760.9395 4588208.0135, 429754.7395 4588214.5435, 429749.2915 4588223.9595, 429744.2295 4588236.4475, 429739.6155 4588245.6355, 429720.7715 4588278.8995, 429713.3295 4588306.5475, 429708.4515 4588317.4315, 429704.1455 4588331.1175, 429702.7075 4588354.9955, 429697.4375 4588372.8615, 429691.7795 4588383.7615, 429688.0915 4588388.8445, 429677.8835 4588398.5375, 429666.3315 4588407.3495, 429662.9875 4588412.0075, 429662.1295 4588417.2675, 429661.4645 4588436.2435, 429659.9115 4588447.8895, 429656.1735 4588458.0295, 429650.6375 4588467.8155, 429639.9795 4588482.1915, 429625.0395 4588499.3675, 429620.5405 4588503.0575, 429612.6715 4588505.6815, 429591.1635 4588511.3135, 429580.5655 4588513.1075, 429574.3975 4588517.9995, 429567.0625 4588524.4655, 429557.8935 4588533.3975, 429548.9675 4588540.3815, 429538.1355 4588547.3845, 429527.7615 4588552.4615, 429519.7815 4588556.9375, 429506.8655 4588562.1855, 429500.4675 4588563.0895, 429490.0975 4588562.5955, 429483.9415 4588562.9755, 429479.9635 4588564.1395, 429476.6995 4588567.0945, 429474.6435 4588569.6655, 429473.8175 4588574.5555, 429473.8345 4588578.6005, 429478.1795 4588583.4155, 429484.5655 4588586.9895, 429490.3275 4588588.3895, 429499.3615 4588588.2335, 429515.6115 4588589.1955, 429553.0575 4588599.2775, 429589.0035 4588607.8055, 429599.7795 4588612.5855, 429603.3695 4588617.6635, 429608.758500001 4588630.5075, 429617.3675 4588653.2995, 429625.9615 4588666.4455, 429632.1035 4588679.1935, 429632.4015 4588690.7815, 429628.5115 4588717.0675, 429626.4155 4588724.8335, 429622.5255 4588732.3015, 429618.7695 4588737.2935, 429604.4645 4588747.0695, 429593.3215 4588754.0715, 429588.9515 4588759.3875, 429587.2075 4588762.4695, 429586.2755 4588767.2915, 429587.2075 4588771.1315, 429591.6985 4588773.2215, 429600.9515 4588774.3935, 429612.1295 4588773.9995, 429624.9595 4588774.9715, 429631.9535 4588778.0315, 429640.3415 4588783.7055, 429662.5395 4588801.4335, 429673.4705 4588813.5835, 429696.4015 4588841.4525, 429721.6815 4588877.8595, 429731.1195 4588891.9215, 429745.7935 4588921.5795, 429753.0895 4588931.5655, 429764.9315 4588951.6815, 429776.3895 4588972.9095, 429788.3575 4588987.0348, 429788.5495 4588998.9195, 429788.1205 4589009.4885, 429793.9265 4589028.3905, 429793.3895 4589049.8935, 429785.0565 4589075.4285, 429771.6226 4589089.8888, 429769.0635 4589094.2435, 429764.9425 4589103.7925, 429763.2357355 4589112.026026))","POLYGON ((2.15910949251168 41.4505182752366, 2.15896718546995 41.4505173499448, 2.15892601845366 41.4504887782983, 2.15886846937727 41.4504252245707, 2.15877542771657 41.4503487153208, 2.15868078609501 41.45030024427, 2.15858606120592 41.4502581353669, 2.15850389463164 41.4502272748323, 2.15842413402069 41.4501741285918, 2.1583152276264 41.4500825424934, 2.15827132833638 41.4500392153968, 2.15822101797754 41.4500006198005, 2.15816452182701 41.4499492379309, 2.15801365188876 41.449828674752, 2.15796741479806 41.4498028489402, 2.1579105059028 41.4497833195331, 2.1576832451146 41.4496765319769, 2.15756324447947 41.4496246838888, 2.15744511554435 41.4495919658132, 2.15738798032564 41.4495899530037, 2.15732291179094 41.4496006689712, 2.15721369786838 41.4496428342224, 2.15694579949224 41.4497316586596, 2.15680746662791 41.449787986841, 2.15664319262073 41.4498855407455, 2.15657931466214 41.4499137429985, 2.1564374447583 41.4499264363222, 2.15630708608609 41.4499204496617, 2.15601903534257 41.4499535664195, 2.15584225507816 41.4499347507612, 2.15554562871377 41.4498208817343, 2.15546705330625 41.4497869774706, 2.15538034372349 41.4497340978676, 2.15516625927125 41.4496253375929, 2.15496703629217 41.4495707305548, 2.15474969379185 41.4495286004077, 2.15443025658496 41.4494199653371, 2.15440764076831 41.4494098909424, 2.15436014366159 41.4493798173342, 2.15429044022707 41.449308146362, 2.15425014909196 41.4492763242031, 2.15354417669881 41.4487874336193, 2.15350514185465 41.4487511167365, 2.15343221181402 41.4486514985213, 2.15341351546122 41.4486162320233, 2.15340668436185 41.4485891595157, 2.15338672701994 41.4483746362416, 2.15334089394681 41.4482166692077, 2.15332016405004 41.4480615891441, 2.153314199596 41.4479678681562, 2.15329778960933 41.4478488495282, 2.15326863631533 41.4477891860203, 2.15318160324595 41.4477615231254, 2.15306226172624 41.4477327215573, 2.15295383430179 41.447693191336, 2.15284534842779 41.4476581642883, 2.15275738818106 41.4476097771952, 2.15261274352039 41.4475015235643, 2.15252512356352 41.4474270173022, 2.15235799388032 41.4472987813878, 2.15207133635543 41.4470642775053, 2.15202855980217 41.4470396421716, 2.15197126642524 41.4470266094429, 2.15191149690307 41.4470198636199, 2.15183119016138 41.4470273782046, 2.15171605213765 41.4470436432998, 2.15161881088777 41.4470645439768, 2.15148306500885 41.4471004731622, 2.15129693790042 41.447144137166, 2.15115033618946 41.4471862910538, 2.15104323647796 41.4472287362866, 2.15075019660319 41.4473004340547, 2.15066159235931 41.4473015813752, 2.15058161407452 41.4472838767559, 2.15044465981429 41.4472288209224, 2.15036112582577 41.4472083876663, 2.15028465658326 41.4471970139471, 2.15000360020619 41.4471760219797, 2.14986453255214 41.4471912076582, 2.14964611946131 41.4472319281564, 2.14953010110892 41.4472238645399, 2.14942780306272 41.4471735674179, 2.1492910971055 41.447099596482, 2.14923181023317 41.4470559224448, 2.14915465034027 41.4470058109928, 2.14905478229594 41.446952829288, 2.14888667197628 41.4469002433491, 2.14863547641882 41.4467929978083, 2.14856154334208 41.4467708328189, 2.14848513382868 41.4467549546399, 2.14842406192524 41.4467563040364, 2.14836401037473 41.4467711720737, 2.14825457442126 41.446809093708, 2.14814538574608 41.4468281015025, 2.14805053778009 41.4468490168843, 2.1478048170353 41.4468724175599, 2.14770989817665 41.4468987365825, 2.14758236472644 41.4469473323841, 2.14725335844454 41.4471142332869, 2.14708670524462 41.4472246896759, 2.14694879215765 41.4473344582086, 2.14671309239406 41.4475065531421, 2.14661549483781 41.4475544691725, 2.14650252446732 41.4475878592041, 2.14632959563726 41.4476289108564, 2.14592068384842 41.4476808207908, 2.14577305773022 41.4477094490889, 2.1456494905186 41.4477292484733, 2.14542734015462 41.4477807420827, 2.14532144468419 41.4478222901782, 2.14520809489413 41.4478844998278, 2.14514160708124 41.4479335465074, 2.145098253264 41.4479530406233, 2.14503836541952 41.4479552977599, 2.14486077411285 41.4478954295534, 2.14476073084718 41.4478559539451, 2.1445984532066 41.4478151147457, 2.14446106521326 41.4477933759925, 2.14427820148337 41.4477703980554, 2.14414770003715 41.447771228681, 2.14399094650043 41.4477655586232, 2.14350565694125 41.4476169270853, 2.14324829291994 41.4475240357331, 2.14302781260172 41.4474485326636, 2.14292114605667 41.4473666712863, 2.14257214653578 41.4471415874493, 2.14243473780938 41.4470306727587, 2.14234800702429 41.4469804854011, 2.14227048485951 41.4469582896136, 2.14203251356145 41.4469385001624, 2.14185299499905 41.4469344588847, 2.1417546013387 41.4469517396546, 2.14165240286457 41.4469852052888, 2.14156326475692 41.447026874964, 2.14147518108397 41.4470793613314, 2.14139649539965 41.4471454288918, 2.14134312537118 41.4471981742503, 2.14132149565874 41.4472043179832, 2.14122563804575 41.4472108083371, 2.14120640238374 41.4472169699208, 2.14117500634687 41.4472374525706, 2.14116522815897 41.4472526921647, 2.14113005093714 41.4472875584277, 2.14101893778352 41.4473614902796, 2.14093457502263 41.4474040958622, 2.14081671888752 41.4474446497451, 2.14067626151239 41.4474742257825, 2.14058035590228 41.4474843182025, 2.14035409206552 41.4474844290436, 2.140279804411 41.4474892783156, 2.14019705424457 41.4475003694747, 2.14012743578925 41.4475142609564, 2.1400204831436 41.4475449873736, 2.13998317275181 41.4475600210352, 2.13988911379535 41.4476115607654, 2.13986507783715 41.4476185869727, 2.13975489070495 41.4476222667301, 2.13969494353517 41.4476290243454, 2.13946951921929 41.4476561619501, 2.13928839713068 41.4476827298602, 2.13903903165142 41.4477096874839, 2.13882318313613 41.4477368954891, 2.13872122019814 41.4477523454548, 2.13866722228166 41.4477618492994, 2.13849784363132 41.4478056179685, 2.13829730587553 41.4478518552053, 2.13814573937487 41.4479065656708, 2.13800769777563 41.44793435506, 2.13781226943325 41.4479563097341, 2.13771778634481 41.447949296351, 2.13758682705123 41.4478942701708, 2.13749307174316 41.4478323168715, 2.13740177034771 41.4477658781925, 2.13731135596398 41.4477228653536, 2.13723656288144 41.4476754659017, 2.13710683739183 41.4476177462057, 2.13694474777296 41.4476534605964, 2.1366286965398 41.4477438652508, 2.13649789385151 41.4476771293769, 2.13634438353745 41.4476075206488, 2.13573735022531 41.4474327215305, 2.13535692156223 41.4475028227023, 2.13523322020755 41.4475325180307, 2.13519602834957 41.4475385436204, 2.13501471355152 41.4475795152011, 2.13491276197914 41.4475940611342, 2.13482298415854 41.4475933859444, 2.13477284021078 41.4475831006494, 2.13473123111007 41.447561169901, 2.13471493931291 41.4475259184659, 2.13463266674653 41.4474109055054, 2.13461202955915 41.4472522198784, 2.13458424620224 41.4470907782598, 2.13444102188466 41.4468780265813, 2.13433392441396 41.4467394073406, 2.13425291038064 41.446619899863, 2.13407394535338 41.4463942683526, 2.1340153640831 41.4462983488278, 2.13388161160849 41.4460937744043, 2.13384044696671 41.4460385192619, 2.13361141444362 41.4457971974225, 2.13349293632765 41.4457044294575, 2.13339790719512 41.4456487684038, 2.13320382688046 41.4455698424304, 2.13301197317872 41.4455035432851, 2.13293230187625 41.4454633101906, 2.13290763258235 41.445427995345, 2.13289516111767 41.4453756583593, 2.13289825061066 41.4453234386671, 2.13288361302301 41.4452539712717, 2.13287723449817 41.4451935735405, 2.13290196791008 41.4450442369584, 2.13290691387742 41.4449424904964, 2.13285321604108 41.4447262261163, 2.13292478184239 41.4446615957496, 2.13306468172466 41.4446017600547, 2.13318899388318 41.4445618031872, 2.13334487471887 41.4445424407723, 2.13343611412639 41.4444959292796, 2.1335548785309 41.4444950223911, 2.13367045537511 41.4443917671745, 2.13373907989431 41.4442274483211, 2.13383481734971 41.444121701606, 2.13398583290133 41.4440360071277, 2.13400974952504 41.4440175562426, 2.13402718307221 41.4439956553499, 2.13405557278671 41.4439706627165, 2.13411739452398 41.4439422701213, 2.13417447323653 41.4439270322493, 2.13429221973671 41.4438880696233, 2.13446327140585 41.4438259445678, 2.13478333284925 41.4437027889461, 2.13490154504764 41.443680258718, 2.13499597806631 41.4436364722169, 2.13505298168799 41.4435716871628, 2.1351496932588 41.4435095425421, 2.13527313240457 41.4434178742877, 2.13541361276511 41.4432778740895, 2.13562105272639 41.4431436011684, 2.13575408710341 41.4430233609082, 2.13583162741916 41.4429895351043, 2.13588541500659 41.4429414792599, 2.13592885678986 41.4429243311875, 2.13601650102361 41.4428687832065, 2.13609735664392 41.4428376843461, 2.13619935948399 41.4427916117661, 2.13627462457447 41.4427397537458, 2.13629606641766 41.4427296462818, 2.13630524470426 41.4427325975659, 2.13638710021178 41.4426080090344, 2.13648153764592 41.4424824339981, 2.13653555180439 41.44236304081, 2.13658635642376 41.4422690244179, 2.13667552212461 41.4422250168377, 2.13682088234378 41.4420412754579, 2.13689658595878 41.4419742878514, 2.13698560212185 41.4418875837495, 2.13704725795617 41.441814725906, 2.1370683826702 41.4417291337614, 2.13701104134144 41.4415215330117, 2.13699423121384 41.4413898986072, 2.1369874497622 41.4412783359012, 2.13695231339588 41.4410482029943, 2.13694261958016 41.4409576957885, 2.13699180003345 41.4408777185788, 2.13707235030631 41.4407700536675, 2.13713411072187 41.4407072848546, 2.13730078952816 41.4405858539052, 2.13738803260711 41.4405421916325, 2.13750210300597 41.4404974693965, 2.13762396313677 41.4404610922683, 2.13772795509845 41.4404359304279, 2.13774186141861 41.4404255860566, 2.13775910735702 41.440420582894, 2.13777955365072 41.4403931896535, 2.1378262037764 41.4403550505895, 2.13783544899189 41.440319101911, 2.13842821181997 41.4407892219925, 2.13897684620253 41.4405603996345, 2.13919346247277 41.4404914025742, 2.13939088186024 41.4404166768912, 2.13974225901655 41.4402587928243, 2.14035049432994 41.4400114921587, 2.14114199039447 41.4396646734844, 2.14271395614139 41.4402793556376, 2.14283120483138 41.4402324443016, 2.14295103081584 41.4404536747108, 2.14376416804618 41.440137651362, 2.14436487462507 41.4397517392359, 2.14535513304834 41.4393972685924, 2.1456275535887 41.4392315550072, 2.14571605044682 41.4390633401473, 2.14595975401329 41.4388153548682, 2.14598102813828 41.4388205659696, 2.14602969378137 41.4388181493525, 2.1460589257798 41.4388143940741, 2.14608917876578 41.4388003238586, 2.14611146559511 41.4387785021651, 2.14612606356252 41.4387560829513, 2.14613252761477 41.438728658714, 2.1461272374501 41.4387003275104, 2.1472114936249 41.4380969580662, 2.1473442522262 41.4379589593567, 2.14751488452526 41.4380329327825, 2.14795957387739 41.4376596537833, 2.14802177565517 41.4375932253157, 2.14804773540134 41.4375577301456, 2.14806684806573 41.4375240938374, 2.14810147491644 41.4374445804919, 2.1481335059236 41.4373017797439, 2.14815163907581 41.4371819350868, 2.1482744152007 41.4365527205318, 2.14857143830745 41.4361223644904, 2.14881841448975 41.4363029805984, 2.14909047579042 41.4364866821145, 2.14930176701725 41.4366192127855, 2.14948141201773 41.4367251173366, 2.14982776729632 41.4369147077608, 2.15042727348669 41.4371123460509, 2.15104856520278 41.4372312189041, 2.15120226727931 41.4372670857151, 2.15137848856548 41.4373035598068, 2.15148176382997 41.437320039564, 2.15158621989861 41.4373304118932, 2.15167067651461 41.437332367829, 2.15177094517654 41.4373278828845, 2.15187012932101 41.437316598256, 2.15195141362862 41.4373020289888, 2.15203335257896 41.4372813034086, 2.15213044535842 41.4372486014896, 2.15223505056943 41.437203362465, 2.15229729137419 41.4371685210098, 2.1523532218505 41.4371310929294, 2.15240870041062 41.4370879147521, 2.15251396678034 41.4369899778762, 2.15267224367765 41.4368618691578, 2.15271751803939 41.4368209666079, 2.15277385962342 41.4367592483103, 2.15310071993757 41.4363741311086, 2.15317287056557 41.4363603512395, 2.15320506547098 41.4364372045271, 2.15330049885544 41.4364997123446, 2.15339322018133 41.4365211361515, 2.15350430389627 41.4365123570762, 2.15361387007337 41.4364960977675, 2.15366001938163 41.4364634241625, 2.15376226543644 41.4364983550289, 2.15421612817904 41.4366714585098, 2.15547779308522 41.4373037407919, 2.15607668784402 41.4375788270841, 2.15647982882118 41.437748907646, 2.15658016301453 41.4377837634403, 2.15750442202595 41.4380613713955, 2.15784938975154 41.4378504752486, 2.15845087785517 41.4375016055157, 2.15892762196981 41.4372298159876, 2.15953680618486 41.4377902338402, 2.15963553237937 41.4378867761185, 2.16013707717327 41.4383520515734, 2.16000153382883 41.4384371729552, 2.15956188204432 41.4386954537931, 2.15976690055974 41.4387619246978, 2.15984331318846 41.438790045515, 2.15991630538214 41.4388235097307, 2.1599849005855 41.4388619319084, 2.16004824378408 41.4389047833822, 2.16007679356117 41.4389315997773, 2.16010150730122 41.4389607120748, 2.16016008831542 41.4390481821418, 2.1602174350283 41.4392164587114, 2.1602867942114 41.4393285400213, 2.16036596924299 41.439400399105, 2.1604441680185 41.4394589515422, 2.1607123129713 41.4398020887959, 2.16156057546254 41.4399498458994, 2.16154168192066 41.440013068238, 2.16153304794355 41.4400802007136, 2.16153125908296 41.4401385476945, 2.16155016753036 41.4402714153461, 2.16157400177628 41.4403342582288, 2.16160721535528 41.4403977063054, 2.16164943089218 41.4404638321284, 2.16170512969019 41.4405260631984, 2.16176399838646 41.4405781506569, 2.1618260055875 41.4406238350546, 2.16189003168264 41.4406646340877, 2.16196122531372 41.4407007167687, 2.16204182806285 41.4407317463214, 2.1621175823665 41.4407563037973, 2.16221222296719 41.4407801592764, 2.1623699569493 41.4407934904448, 2.16238793799105 41.4408932489051, 2.1624359607869 41.4410155618061, 2.16240096780491 41.4413251732687, 2.16171346815536 41.4416311450003, 2.16163512623021 41.4415645206723, 2.1613946158609 41.4416687410587, 2.16042860381118 41.4420988495072, 2.16033093620856 41.4421343915448, 2.1601259568939 41.4422024324964, 2.16006679082236 41.4422784762399, 2.15996843711166 41.4423811029418, 2.15994487086263 41.4423705903305, 2.15981801161047 41.442284795934, 2.15975160478503 41.4422138007996, 2.15969766847631 41.442122993917, 2.15943724175679 41.4422279697813, 2.15918713218329 41.4423760255003, 2.15911216204013 41.4424342959832, 2.15904585723458 41.4425186251841, 2.15898381523661 41.4426306563111, 2.15892751918765 41.44271300492, 2.15869809512766 41.4430109501717, 2.15860580046993 41.443259312337, 2.15854614605214 41.4433569127705, 2.15849301205594 41.4434797996622, 2.15847302095609 41.4436947326116, 2.15840786122321 41.4438551824996, 2.15833886765909 41.443952858608, 2.15829413146756 41.4439983160027, 2.15817081547328 41.4440847225677, 2.15803151429284 41.4441630764645, 2.15799094484878 41.4442047360826, 2.15798006225987 41.4442520354531, 2.15796989270597 41.4444228858038, 2.15794994737552 41.4445276402104, 2.15790402311682 41.4446186392683, 2.15783661804377 41.4447062924233, 2.15770736814455 41.4448348367759, 2.15752653613153 41.4449882239956, 2.1574722533089 41.4450210638105, 2.15737775581891 41.4450440071309, 2.15711964906656 41.4450928460164, 2.15699258201287 41.4451080742167, 2.15691818076116 41.4451515932504, 2.15682962688133 41.4452091861777, 2.15671883225082 41.445288828291, 2.15661117327259 41.4453509468363, 2.15648069697172 41.4454130691104, 2.1563559274155 41.4454578848022, 2.15625988413648 41.4454974976001, 2.15610466640671 41.4455436299565, 2.15602797641663 41.4455512100402, 2.15590390449349 41.4455458500387, 2.15583017240939 41.4455487318083, 2.15578241959127 41.4455588660043, 2.15574300427846 41.445585193654, 2.15571809362227 41.4456081688974, 2.15570763537893 41.4456521384078, 2.15570736657204 41.4456885714351, 2.15575881444719 41.4457323197322, 2.15583483825981 41.4457650701512, 2.15590364658035 41.4457781854514, 2.15601180274723 41.4457775738639, 2.15620620475608 41.4457876651201, 2.15665326168877 41.4458817562308, 2.15708254587098 41.4459617178516, 2.15721097903159 41.4460057143226, 2.15725336005031 41.4460517644746, 2.15731637041404 41.4461679173272, 2.1574167658486 41.4463739497547, 2.15751810625183 41.4464931034768, 2.15759014229886 41.4466084575618, 2.15759235938576 41.4467128517298, 2.15754273234844 41.4469492572163, 2.15751673767582 41.4470190184267, 2.15746930285554 41.4470859383917, 2.15742376049355 41.4471305698385, 2.157251385052 41.4472173636229, 2.15711718290649 41.4472794502894, 2.15706425257293 41.4473269458603, 2.15704301689252 41.4473545511012, 2.15703129830603 41.4473978989804, 2.15704200704645 41.4474325659241, 2.15709552253921 41.4474517835626, 2.15720614822223 41.4474631507992, 2.15733999951813 41.4474605824554, 2.15749346677451 41.4474704617519, 2.15757683140102 41.4474986349684, 2.15767657836526 41.4475504734641, 2.15794023358396 41.4477120871813, 2.15806966801185 41.4478224746594, 2.15834091922548 41.4480754872321, 2.15863929790831 41.4484056028673, 2.15875064029279 41.4485330794181, 2.15892284715554 41.4488014805002, 2.15900902364234 41.4488920585762, 2.15914844109477 41.4490742708577, 2.15928313324607 41.449266464674, 2.1594247570682 41.4493947320349, 2.15942567371737 41.4495017891208, 2.15941930945383 41.4495969419498, 2.15948661459468 41.44976769184, 2.15947768638079 41.4499613129677, 2.15937496397629 41.4501905665885, 2.15921246604724 41.4503196288494, 2.15918132473126 41.4503586258004, 2.15913088179076 41.4504442688443, 2.15910949251168 41.4505182752366))"
"07","Horta-Guinardó","43","Horta","154","104","POLYGON ((429793.5595 4587709.2555, 429785.2075 4587698.6175, 429808.4395 4587680.0295, 429931.8575 4587583.3325, 429981.9115 4587647.2295, 430031.9035 4587607.6655, 430087.251 4587562.162, 430117.2500335 4587619.159, 430091.79197 4587639.27095, 430094.0089835 4587642.0629835, 430084.97195 4587648.4480165, 430112.745 4587682.648, 430129.7244 4587703.0046, 430038.6215 4587775.7495, 430028.5755 4587784.5535, 430023.8275 4587789.2475, 430014.9715 4587798.8415, 430002.1995 4587814.1875, 429994.0435 4587825.3375, 429988.1335 4587834.3255, 429982.2995 4587844.3575, 429978.7535 4587851.2395, 429972.3321 4587858.4305, 429964.549896 4587862.970017, 429976.3223 4587904.8559, 429972.1143 4587909.2109, 429968.1914 4587913.9023, 429965.7806 4587917.3933, 429959.6569 4587928.8818, 429956.6029 4587936.737, 429885.5792 4587921.0198, 429862.8086 4587883.1421, 429856.2127 4587876.705, 429849.5209 4587868.7914, 429843.6058 4587856.4044, 429838.6337 4587837.7689, 429833.6455 4587828.1055, 429831.5495 4587824.8935, 429829.1355 4587821.9395, 429823.7975 4587817.2335, 429818.0255 4587813.0235, 429811.8915 4587809.3675, 429805.4775 4587806.3075, 429788.2781 4587799.0942, 429824.7295 4587770.0635, 429835.9615 4587760.5035, 429793.5595 4587709.2555))","POLYGON ((2.15963553237937 41.4378867761185, 2.15953680618486 41.4377902338402, 2.15981702110022 41.4376248506092, 2.16130537721523 41.436764719535, 2.16189704328809 41.4373445794034, 2.16249995746414 41.4369926002433, 2.16316764934348 41.4365875894717, 2.16352009966772 41.4371035493822, 2.16321307717448 41.4372824735566, 2.16323928865706 41.4373078132646, 2.16313038950076 41.4373645338625, 2.16345883818593 41.4376749767419, 2.16365970474359 41.4378597978966, 2.16256090121796 41.4385070488949, 2.16243964321941 41.438585467528, 2.16238227171824 41.4386273306838, 2.1622751646855 41.4387129680449, 2.16212052102708 41.4388500698146, 2.1620216112129 41.4389497821978, 2.16194983373497 41.4390302180939, 2.16187884473565 41.4391200634436, 2.16183560547155 41.439181737535, 2.16175791486451 41.4392459438757, 2.16166424406348 41.4392861506668, 2.1618002929018 41.4396644261045, 2.16174942258928 41.4397032827854, 2.16170192559128 41.4397451941239, 2.16167266603555 41.4397764258311, 2.16159803955418 41.4398793638035, 2.16156057546254 41.4399498458994, 2.1607123129713 41.4398020887959, 2.1604441680185 41.4394589515422, 2.16036596924299 41.439400399105, 2.1602867942114 41.4393285400213, 2.1602174350283 41.4392164587114, 2.16016008831542 41.4390481821418, 2.16010150730122 41.4389607120748, 2.16007679356117 41.4389315997773, 2.16004824378408 41.4389047833822, 2.1599849005855 41.4388619319084, 2.15991630538214 41.4388235097307, 2.15984331318846 41.438790045515, 2.15976690055974 41.4387619246978, 2.15956188204432 41.4386954537931, 2.16000153382883 41.4384371729552, 2.16013707717327 41.4383520515734, 2.15963553237937 41.4378867761185))"
"07","Horta-Guinardó","43","Horta","154","105","POLYGON ((430031.9035 4587607.6655, 429981.9115 4587647.2295, 429882.7335 4587520.2605, 430017.3395 4587414.6585, 430119.3326 4587335.7779, 430138.8005 4587407.653, 430178.5875 4587527.7335, 430087.251 4587562.162, 430031.9035 4587607.6655))","POLYGON ((2.16249995746414 41.4369926002433, 2.16189704328809 41.4373445794034, 2.16072475649181 41.4361923683017, 2.16234799929546 41.4352529962129, 2.16357779371032 41.4345514323186, 2.16380247832729 41.4352004760338, 2.16426478302248 41.4362854526886, 2.16316764934348 41.4365875894717, 2.16249995746414 41.4369926002433))"
"07","Horta-Guinardó","43","Horta","154","106","POLYGON ((430119.3215 4587335.7865, 430017.3395 4587414.6585, 429980.0655 4587343.4815, 429889.9595 4587174.3185, 429922.9615 4587159.7715, 429926.4395 4587167.3875, 429969.6595 4587148.8635, 429978.6635 4587144.3235, 429990.1225 4587137.2975, 429998.2495 4587131.3335, 430005.9315 4587124.8075, 430017.0755 4587113.7365, 430021.9775 4587108.0855, 430027.5735 4587100.3495, 430032.2815 4587092.7215, 430037.7735 4587082.2515, 430043.1895 4587070.5885, 430081.8719 4587082.4841, 430077.967 4587104.4079, 430078.5325 4587150.6015, 430119.3215 4587335.7865))","POLYGON ((2.16357765987036 41.4345515088094, 2.16234799929546 41.4352529962129, 2.16191014344688 41.4346086849944, 2.16085137174775 41.4330772418602, 2.16124801940417 41.432949103254, 2.16128876031974 41.4330180009288, 2.16180815412808 41.4328549326223, 2.16191643772828 41.4328148277555, 2.16205438994847 41.4327525464003, 2.16215234245686 41.4326995394673, 2.16224503425522 41.4326414319602, 2.16237968432216 41.4325426910751, 2.16243900422425 41.4324922219323, 2.16250687097706 41.4324230344687, 2.16256409779921 41.4323547423155, 2.1626310360974 41.4322609216791, 2.16269720273875 41.4321563495103, 2.16315876325213 41.432266856829, 2.16310949456834 41.4324639757221, 2.16311091843043 41.4328800721015, 2.16357765987036 41.4345515088094))"
"07","Horta-Guinardó","43","Horta","154","107","POLYGON ((430017.3395 4587414.6585, 429882.7335 4587520.2605, 429778.2795 4587386.6805, 429731.0325 4587326.9265, 429796.4785 4587272.9525, 429738.9725 4587203.2725, 429799.6335 4587152.6535, 429823.6195 4587133.9935, 429859.0705 4587116.1195, 429980.0655 4587343.4815, 430017.3395 4587414.6585))","POLYGON ((2.16234799929546 41.4352529962129, 2.16072475649181 41.4361923683017, 2.15949013524598 41.4349801415542, 2.15893162447512 41.434437829368, 2.15972115412872 41.4339574316298, 2.15904102580253 41.4333248237028, 2.15977288571203 41.4328742238579, 2.16006211070626 41.4327082571161, 2.16048845258889 41.4325503701715, 2.16191014344688 41.4346086849944, 2.16234799929546 41.4352529962129))"
"07","Horta-Guinardó","43","Horta","154","108","POLYGON ((429794.0275 4587691.5675, 429785.2075 4587698.6175, 429733.7095 4587636.8945, 429627.9915 4587508.7125, 429778.2795 4587386.6805, 429931.8575 4587583.3325, 429794.0275 4587691.5675))","POLYGON ((2.15964318879417 41.43772750863, 2.15953680618486 41.4377902338402, 2.15892762196981 41.4372298159876, 2.15767725859613 41.4360660770483, 2.15949013524598 41.4349801415542, 2.16130537721523 41.436764719535, 2.15964318879417 41.43772750863))"
"07","Horta-Guinardó","43","Horta","154","109","POLYGON ((429620.9775 4587726.0015, 429615.7075 4587730.3695, 429538.1915 4587700.3015, 429529.7715 4587696.5135, 429495.9075 4587677.9595, 429445.5755 4587647.9075, 429412.3915 4587626.3655, 429427.2975 4587595.4755, 429439.5355 4587567.5655, 429442.5015 4587562.1695, 429444.7395 4587559.6075, 429482.1975 4587528.5215, 429536.2375 4587485.2895, 429579.8615 4587449.4565, 429626.3615 4587506.7375, 429733.7095 4587636.8945, 429694.1735 4587667.4555, 429644.2995 4587706.6755, 429620.9775 4587726.0015))","POLYGON ((2.15756800580183 41.4380224925889, 2.15750442202595 41.4380613713955, 2.15658016301453 41.4377837634403, 2.15647982882118 41.437748907646, 2.15607668784402 41.4375788270841, 2.15547779308522 41.4373037407919, 2.1550831451454 41.4371068048951, 2.1552651553374 41.4368299020336, 2.15541488428812 41.4365796040164, 2.15545101264383 41.4365312651588, 2.15547809706718 41.4365083869553, 2.15593003706287 41.4362316988224, 2.15658184789057 41.4358470701566, 2.15710812792884 41.4355281640625, 2.15765798021258 41.4360481462122, 2.15892762196981 41.4372298159876, 2.15845087785517 41.4375016055157, 2.15784938975154 41.4378504752486, 2.15756800580183 41.4380224925889))"
"07","Horta-Guinardó","43","Horta","154","110","POLYGON ((429778.2795 4587386.6805, 429627.9915 4587508.7125, 429579.7875 4587449.3635, 429522.3435 4587380.3445, 429464.5855 4587310.2485, 429683.9735 4587131.9955, 429687.6985 4587140.6125, 429796.4785 4587272.9525, 429731.0325 4587326.9265, 429778.2795 4587386.6805))","POLYGON ((2.15949013524598 41.4349801415542, 2.15767725859613 41.4360660770483, 2.15710725311685 41.4355273199616, 2.15642779923338 41.4349006556259, 2.15574472613347 41.43426425967, 2.15839109949158 41.432678047789, 2.15843467678426 41.4327559836659, 2.15972115412872 41.4339574316298, 2.15893162447512 41.434437829368, 2.15949013524598 41.4349801415542))"
"07","Horta-Guinardó","43","Horta","154","111","POLYGON ((429427.2975 4587595.4755, 429412.3915 4587626.3655, 429339.4847 4587578.7409, 429301.3788 4587559.8936, 429292.7987 4587556.0991, 429288.9786 4587559.7642, 429279.8425 4587561.6588, 429270.5715 4587562.7242, 429262.8018 4587560.4215, 429254.7609 4587553.5599, 429251.9877 4587545.054, 429245.9748 4587546.6428, 429219.0855 4587589.6655, 429191.317096 4587558.423108, 429191.4656995 4587558.1447005, 429174.9272 4587541.6818, 429165.9492 4587538.4458, 429152.8202 4587532.5699, 429174.0882 4587487.9898, 429180.7198 4587473.1318, 429194.527108 4587467.034241, 429196.825 4587472.154, 429212.298 4587476.133, 429222.339975 4587477.6400785, 429217.7901 4587491.7801, 429225.260031 4587502.959997, 429252.8601 4587500.1401, 429268.4569435 4587495.2171495, 429276.8453 4587492.0711, 429279.992 4587476.3257, 429279.7169 4587463.8175, 429279.8967 4587450.9436, 429275.8859 4587438.1085, 429269.3266 4587424.8481, 429259.307 4587409.6741, 429243.4985 4587383.9805, 429264.5121 4587369.1704, 429316.2927 4587327.353, 429413.1212 4587246.7423, 429402.6511 4587236.207, 429422.2975 4587230.8055, 429434.1315 4587226.8335, 429450.5405 4587220.0205, 429464.6035 4587213.3795, 429495.0215 4587190.2615, 429511.2575 4587177.4275, 429525.3455 4587165.5315, 429580.205 4587115.0491, 429590.0655 4587108.4855, 429597.6735 4587105.0295, 429668.6035 4587086.0775, 429683.9735 4587131.9955, 429464.5855 4587310.2485, 429522.3435 4587380.3445, 429579.8615 4587449.4565, 429536.2375 4587485.2895, 429482.1975 4587528.5215, 429444.7395 4587559.6075, 429442.5015 4587562.1695, 429439.5355 4587567.5655, 429427.2975 4587595.4755))","POLYGON ((2.1552651553374 41.4368299020336, 2.1550831451454 41.4371068048951, 2.15421612817904 41.4366714585098, 2.15376226543644 41.4364983550289, 2.15366001938163 41.4364634241625, 2.15361387007337 41.4364960977675, 2.15350430389627 41.4365123570762, 2.15339322018133 41.4365211361515, 2.15330049885544 41.4364997123446, 2.15320506547098 41.4364372045271, 2.15317287056557 41.4363603512395, 2.15310071993757 41.4363741311086, 2.15277385962342 41.4367592483103, 2.15244517596442 41.436475413554, 2.15244698713092 41.4364729191618, 2.15225097743345 41.4363231864747, 2.15214390481262 41.4362932493434, 2.15198746117332 41.4362391694713, 2.15224722870876 41.4358395319012, 2.15232833866842 41.4357062971815, 2.15249430235443 41.4356525966225, 2.15252120423742 41.4356989106829, 2.1527059228284 41.4357361118909, 2.15282593122226 41.4357505706213, 2.1527698209809 41.4358775226685, 2.15285791386983 41.4359788735569, 2.15318856986851 41.4359559079723, 2.15337581369749 41.4359129429901, 2.15347657614299 41.435885346673, 2.15351607932374 41.4357438117455, 2.15351425060822 41.4356311315374, 2.15351790903201 41.4355151976848, 2.1534714089865 41.4353992442354, 2.15339445799324 41.4352792358136, 2.15327631788948 41.4351416875623, 2.15309012765689 41.4349088836479, 2.15334335401032 41.4347773466064, 2.15396795920292 41.4344052743481, 2.15513621891908 41.4336877644486, 2.15501214458252 41.4335919571485, 2.15524790084256 41.433545034899, 2.15538999223495 41.4335103006623, 2.15558716800038 41.4334503804636, 2.15575624680166 41.4333918030148, 2.1561229811216 41.4331862598551, 2.15631878702083 41.4330720945741, 2.15648877612775 41.4329661886394, 2.15715120296516 41.4325163267728, 2.1572699748318 41.4324580756741, 2.15736142737789 41.4324276158636, 2.15821249887812 41.4322631375431, 2.15839109949158 41.432678047789, 2.15574472613347 41.43426425967, 2.15642779923338 41.4349006556259, 2.15710812792884 41.4355281640625, 2.15658184789057 41.4358470701566, 2.15593003706287 41.4362316988224, 2.15547809706718 41.4365083869553, 2.15545101264383 41.4365312651588, 2.15541488428812 41.4365796040164, 2.1552651553374 41.4368299020336))"
"07","Horta-Guinardó","43","Horta","155","112","POLYGON ((429264.5121 4587369.1704, 429243.4985 4587383.9805, 429237.4975 4587373.9055, 429227.7535 4587353.6675, 429219.4775 4587333.2655, 429212.1385 4587311.5675, 429205.2635 4587287.8755, 429202.2295 4587280.5915, 429198.5935 4587274.7215, 429194.1235 4587269.4575, 429183.0097 4587262.7202, 429176.2123 4587256.0478, 429169.9745 4587245.1793, 429168.7133 4587238.3058, 429169.0553 4587226.7775, 429172.5527 4587216.5669, 429177.4291 4587209.7861, 429184.1098 4587203.8866, 429193.7921 4587198.8574, 429208.8543 4587194.9194, 429214.8379 4587192.5251, 429223.0277 4587187.9587, 429229.3103 4587179.481, 429241.3322 4587154.3919, 429297.6341 4587026.1876, 429301.6615 4587016.2115, 429309.1946 4587001.7687, 429316.1168 4586991.6573, 429327.7685 4586977.0678, 429342.0637 4586963.0712, 429359.3844 4586948.4851, 429428.5695 4586891.7134, 429436.805 4586884.0034, 429443.4378 4586872.9405, 429461.1644 4586841.6242, 429466.364 4586833.381, 429473.9691 4586824.2736, 429487.4667 4586815.0553, 429503.6541 4586805.3631, 429530.4234 4586819.9233, 429538.3609 4586835.5337, 429549.3301 4586842.6738, 429602.7995 4586865.7879, 429604.6291 4586887.0911, 429607.968088 4586911.0630265, 429599.6898 4586915.952, 429567.6465 4586928.1185, 429573.3925 4586952.1335, 429527.6895 4586971.4275, 429477.9126 4587004.617, 429501.8996 4587053.6282, 429504.9685 4587113.1075, 429432.3575 4587112.4035, 429430.133500001 4587130.7215, 429373.8075 4587200.8975, 429388.3215 4587219.8735, 429402.6511 4587236.207, 429413.1212 4587246.7423, 429316.2927 4587327.353, 429264.5121 4587369.1704))","POLYGON ((2.15334335401032 41.4347773466064, 2.15309012765689 41.4349088836479, 2.15301948674125 41.434817613697, 2.15290523966471 41.4346344800802, 2.15280858148025 41.4344499986573, 2.15272328963217 41.4342539272289, 2.15264378498591 41.4340399375363, 2.15260832751208 41.4339740662153, 2.152565499777 41.4339208771022, 2.15251261987956 41.4338730724255, 2.15238040034793 41.4338114125262, 2.15229983165002 41.4337507176674, 2.15222645207923 41.4336522796373, 2.15221216374181 41.4335902617429, 2.1522176077941 41.4334864614586, 2.15226066066608 41.4333948074145, 2.15231981511884 41.4333341656972, 2.15240045970262 41.4332816205376, 2.15251692472436 41.433237178378, 2.15269764727182 41.4332030383006, 2.15276953813851 41.4331820012678, 2.15286808663454 41.4331415954429, 2.15294426805829 41.433065794064, 2.15309108051585 41.4328408865123, 2.15377988262747 41.4316911631489, 2.15382924742839 41.4316016671553, 2.15392108886995 41.4314722500193, 2.1540051125246 41.4313817901335, 2.15414625952724 41.4312514139917, 2.15431897250684 41.4311266102303, 2.1545279610522 41.4309967629233, 2.15536255411233 41.430491525859, 2.15546201080576 41.4304228086608, 2.15554267869444 41.4303237524139, 2.15575847199421 41.4300432565109, 2.15582165856173 41.4299694700528, 2.15591373288588 41.4298881112857, 2.15607633649077 41.4298062709231, 2.15627118422123 41.4297203981862, 2.15658983937658 41.4298538849174, 2.15668300933469 41.4299951776914, 2.15681344793233 41.4300604478213, 2.15745063647467 41.4302733151095, 2.15747005092751 41.4304653446043, 2.1575072180621 41.4306815424939, 2.15740757958808 41.4307248499028, 2.15702268870214 41.4308316192651, 2.15708865520869 41.4310484162806, 2.15653945950954 41.4312181805636, 2.15593988553638 41.4315127354628, 2.15622123337166 41.4319562647112, 2.15625102355767 41.4324922392766, 2.15538212153522 41.4324795219783, 2.15535336671435 41.4326443090855, 2.15467107432477 41.4332714034192, 2.15484255810761 41.4334435884546, 2.15501214458252 41.4335919571485, 2.15513621891908 41.4336877644486, 2.15396795920292 41.4344052743481, 2.15334335401032 41.4347773466064))"
"07","Horta-Guinardó","43","Horta","155","113","POLYGON ((429422.2975 4587230.8055, 429402.6511 4587236.207, 429388.3215 4587219.8735, 429373.8075 4587200.8975, 429430.133500001 4587130.7215, 429432.3575 4587112.4035, 429504.9685 4587113.1075, 429503.6995 4587086.7725, 429581.4935 4587063.3755, 429653.8505 4587040.0015, 429668.6035 4587086.0775, 429597.6735 4587105.0295, 429590.0655 4587108.4855, 429580.205 4587115.0491, 429525.3455 4587165.5315, 429511.2575 4587177.4275, 429495.0215 4587190.2615, 429464.6035 4587213.3795, 429450.5405 4587220.0205, 429434.1315 4587226.8335, 429422.2975 4587230.8055))","POLYGON ((2.15524790084256 41.433545034899, 2.15501214458252 41.4335919571485, 2.15484255810761 41.4334435884546, 2.15467107432477 41.4332714034192, 2.15535336671435 41.4326443090855, 2.15538212153522 41.4324795219783, 2.15625102355767 41.4324922392766, 2.15623890812421 41.4322549395596, 2.15717264349894 41.4320510371271, 2.15804130287003 41.4318468580124, 2.15821249887812 41.4322631375431, 2.15736142737789 41.4324276158636, 2.1572699748318 41.4324580756741, 2.15715120296516 41.4325163267728, 2.15648877612775 41.4329661886394, 2.15631878702083 41.4330720945741, 2.1561229811216 41.4331862598551, 2.15575624680166 41.4333918030148, 2.15558716800038 41.4334503804636, 2.15538999223495 41.4335103006623, 2.15524790084256 41.433545034899))"
"07","Horta-Guinardó","43","Horta","155","114","POLYGON ((429510.6235 4587084.5795, 429503.6995 4587086.7725, 429501.8996 4587053.6282, 429477.9126 4587004.617, 429527.6895 4586971.4275, 429573.3925 4586952.1335, 429567.6465 4586928.1185, 429599.6898 4586915.952, 429607.9680155 4586911.06315, 429604.6291 4586887.0911, 429602.7995 4586865.7879, 429659.0335 4586888.8365, 429746.9705 4586924.2135, 429753.6385 4586929.1995, 429783.4085 4586958.0985, 429756.5115 4586988.6855, 429770.3335 4587002.7925, 429581.4935 4587063.3755, 429510.6235 4587084.5795))","POLYGON ((2.15632202770808 41.4322357958508, 2.15623890812421 41.4322549395596, 2.15622123337166 41.4319562647112, 2.15593988553638 41.4315127354628, 2.15653945950954 41.4312181805636, 2.15708865520869 41.4310484162806, 2.15702268870214 41.4308316192651, 2.15740757958808 41.4307248499028, 2.15750721718008 41.4306815435999, 2.15747005092751 41.4304653446043, 2.15745063647467 41.4302733151095, 2.15812092166225 41.4304858310867, 2.15916917926692 41.4308121536599, 2.15924839825514 41.4308576437319, 2.15960131011997 41.4311205283517, 2.15927586779713 41.4313936610559, 2.15943964320452 41.4315219257529, 2.15717264349894 41.4320510371271, 2.15632202770808 41.4322357958508))"
"07","Horta-Guinardó","43","Horta","155","115","POLYGON ((429775.4485 4587172.7975, 429738.9725 4587203.2725, 429687.6985 4587140.6125, 429683.9735 4587131.9955, 429668.6035 4587086.0775, 429653.8455 4587039.9885, 429770.3335 4587002.7925, 429756.5115 4586988.6855, 429783.4085 4586958.0985, 429818.6875 4586987.8795, 429838.9555 4586967.9015, 429854.2585 4586953.3365, 429868.5245 4586953.3355, 429878.4895 4586951.7665, 429883.2985 4586951.7925, 429886.9895 4586953.2105, 429899.1305 4586979.8445, 429860.9375 4587007.1795, 429906.8815 4587122.6815, 429922.9615 4587159.7715, 429889.9595 4587174.3185, 429859.0705 4587116.1195, 429823.6195 4587133.9935, 429799.6335 4587152.6535, 429775.4485 4587172.7975))","POLYGON ((2.15948110523885 41.4330535382304, 2.15904102580253 41.4333248237028, 2.15843467678426 41.4327559836659, 2.15839109949158 41.432678047789, 2.15821249887812 41.4322631375431, 2.15804124454522 41.4318467404889, 2.15943964320452 41.4315219257529, 2.15927586779713 41.4313936610559, 2.15960131011997 41.4311205283517, 2.16002005125288 41.4313918371154, 2.16026492699583 41.4312136741764, 2.16044975503645 41.4310838297858, 2.16062048240645 41.4310850665765, 2.16073991979414 41.4310718052867, 2.16079746810701 41.4310724592935, 2.16084147538374 41.4310855528566, 2.16098368307631 41.4313264942464, 2.16052343771702 41.4315693550736, 2.16105987898802 41.4326136455201, 2.16124801940417 41.432949103254, 2.16085137174775 41.4330772418602, 2.16048845258889 41.4325503701715, 2.16006211070626 41.4327082571161, 2.15977288571203 41.4328742238579, 2.15948110523885 41.4330535382304))"
"07","Horta-Guinardó","43","Horta","155","116","POLYGON ((429967.9905 4587149.6195, 429926.4395 4587167.3875, 429906.8815 4587122.6815, 429860.9375 4587007.1795, 429903.2795 4586976.8755, 429952.2435 4586979.8415, 429994.3155 4586983.4715, 430025.9015 4586986.9255, 430061.7075 4586989.7015, 430054.3885 4587033.4315, 430050.1695 4587052.1555, 430047.7075 4587059.5515, 430042.5735 4587071.9955, 430036.2955 4587085.2375, 430031.4335 4587094.1835, 430025.8155 4587102.9275, 430019.5055 4587111.0615, 430008.3875 4587122.5135, 430003.4235 4587127.0435, 429995.5875 4587133.3855, 429987.3215 4587139.1555, 429978.6635 4587144.3235, 429967.9905 4587149.6195))","POLYGON ((2.16178809235402 41.4328615960738, 2.16128876031974 41.4330180009288, 2.16105987898802 41.4326136455201, 2.16052343771702 41.4315693550736, 2.16103368040737 41.4313001157817, 2.16161931166067 41.4313311011777, 2.16212238675496 41.4313674632891, 2.16249999174628 41.4314013245464, 2.16292817842493 41.431429445574, 2.16283552799785 41.431822666755, 2.16278286997648 41.431990938852, 2.16275254980633 41.4320573372166, 2.16268966783397 41.4321689681364, 2.16261300228338 41.4322876866262, 2.16255377998021 41.4323678360834, 2.16248553335025 41.4324461003084, 2.16240907553817 41.4325188101706, 2.16227469260589 41.43262098487, 2.16221476028152 41.432661352128, 2.16212024670898 41.4327177889732, 2.16202065310389 41.4327690364816, 2.16191643772828 41.4328148277555, 2.16178809235402 41.4328615960738))"
"07","Horta-Guinardó","43","Horta","155","117","POLYGON ((430084.4523 4587066.2773, 430081.8719 4587082.4841, 430043.1895 4587070.5885, 430048.5475 4587057.2275, 430051.9875 4587044.9675, 430054.5815 4587032.3405, 430061.7075 4586989.7015, 430025.9015 4586986.9255, 429994.3155 4586983.4715, 429952.2435 4586979.8415, 429903.2795 4586976.8755, 429899.1305 4586979.8445, 429886.9895 4586953.2105, 429883.2985 4586951.7925, 429878.4895 4586951.7665, 429868.5245 4586953.3355, 429854.2585 4586953.3365, 429868.9245 4586939.4625, 429871.2095 4586936.5545, 429881.1475 4586920.7905, 429888.9595 4586907.2735, 429869.9215 4586894.4715, 429864.1635 4586893.1435, 429843.2235 4586890.3535, 429849.3875 4586875.1015, 429857.4565 4586851.0825, 429873.6135 4586855.1895, 429874.0424 4586801.6356, 429871.8151 4586791.4287, 429942.6915 4586782.2855, 429953.7975 4586781.7875, 429969.8745 4586783.7825, 429980.6055 4586791.3495, 429996.3421 4586804.2599, 430025.8515 4586831.5535, 430065.2686 4586874.7635, 430091.3006 4586897.6469, 430145.421 4586935.1998, 430158.0017 4586938.404, 430121.5275 4586984.4855, 430101.9149 4587019.446, 430095.3267 4587032.9397, 430087.6145 4587050.2425, 430084.4523 4587066.2773))","POLYGON ((2.16319151923575 41.4321211133288, 2.16315876325213 41.432266856829, 2.16269720273875 41.4321563495103, 2.16276287155387 41.4320364790457, 2.16280545888918 41.4319263577635, 2.16283796398708 41.4318128573647, 2.16292817842493 41.431429445574, 2.16249999174628 41.4314013245464, 2.16212238675496 41.4313674632891, 2.16161931166067 41.4313311011777, 2.16103368040737 41.4313001157817, 2.16098368307631 41.4313264942464, 2.16084147538374 41.4310855528566, 2.16079746810701 41.4310724592935, 2.16073991979414 41.4310718052867, 2.16062048240645 41.4310850665765, 2.16044975503645 41.4310838297858, 2.16062687893742 41.4309601530245, 2.16065456182447 41.4309341613637, 2.16077532242876 41.4307930490677, 2.16087037931237 41.4306719888788, 2.16064403019992 41.4305550243866, 2.16057527642099 41.4305425608538, 2.16032500448956 41.430515603677, 2.16040054103333 41.4303787734837, 2.1604998921832 41.4301631487795, 2.16069277065832 41.4302015496698, 2.16070411601628 41.4297192487821, 2.16067864561983 41.4296271248941, 2.16152789427433 41.4295509607784, 2.16166085908596 41.4295474440856, 2.16185302375504 41.4295668141105, 2.16198056675357 41.4296359025762, 2.16216739413122 41.4297535530408, 2.16251737918845 41.4300019469115, 2.16298409370205 41.4303945551132, 2.16329298009667 41.4306029229613, 2.16393631785342 41.4309458557297, 2.16408650600298 41.430975808758, 2.16364467697947 41.4313876739247, 2.16340592064388 41.4317008425485, 2.16332551550691 41.4318218015047, 2.16323121791979 41.4319769695935, 2.16319151923575 41.4321211133288))"
"07","Horta-Guinardó","43","Horta","155","118","POLYGON ((429838.9555 4586967.9015, 429818.6875 4586987.8795, 429783.4085 4586958.0985, 429753.6385 4586929.1995, 429746.9705 4586924.2135, 429659.0335 4586888.8365, 429602.7995 4586865.7879, 429549.3301 4586842.6738, 429538.3609 4586835.5337, 429530.4234 4586819.9233, 429503.6541 4586805.3631, 429516.5801 4586795.0275, 429536.0433 4586775.4261, 429543.0117 4586764.2478, 429565.2769 4586726.0416, 429643.0185 4586761.3435, 429667.9355 4586772.9575, 429688.7035 4586781.3015, 429708.1235 4586788.5315, 429730.1135 4586794.7055, 429739.5665 4586796.5825, 429758.9815 4586799.4435, 429781.6765 4586800.9035, 429810.6995 4586799.1755, 429871.8151 4586791.4287, 429874.0424 4586801.6356, 429873.6135 4586855.1895, 429857.4565 4586851.0825, 429849.3875 4586875.1015, 429843.2235 4586890.3535, 429864.1635 4586893.1435, 429869.9215 4586894.4715, 429888.9595 4586907.2735, 429881.1475 4586920.7905, 429871.2095 4586936.5545, 429868.9245 4586939.4625, 429838.9555 4586967.9015))","POLYGON ((2.16026492699583 41.4312136741764, 2.16002005125288 41.4313918371154, 2.15960131011997 41.4311205283517, 2.15924839825514 41.4308576437319, 2.15916917926692 41.4308121536599, 2.15812092166225 41.4304858310867, 2.15745063647467 41.4302733151095, 2.15681344793233 41.4300604478213, 2.15668300933469 41.4299951776914, 2.15658983937658 41.4298538849174, 2.15627118422123 41.4297203981862, 2.1564270768162 41.4296284440903, 2.15666228052034 41.4294536100546, 2.15674697498042 41.4293535429987, 2.15701787622521 41.4290113882115, 2.15794410396952 41.4293361512691, 2.15824093684223 41.4294429359821, 2.15848849939118 41.4295199052038, 2.15872006035667 41.429586722588, 2.158982500145 41.4296442533899, 2.15909540749178 41.4296619857077, 2.159327417424 41.4296894516368, 2.15959884261006 41.4297045856107, 2.15994636634455 41.429691558921, 2.16067864561983 41.4296271248941, 2.16070411601628 41.4297192487821, 2.16069277065832 41.4302015496698, 2.1604998921832 41.4301631487795, 2.16040054103333 41.4303787734837, 2.16032500448956 41.430515603677, 2.16057527642099 41.4305425608538, 2.16064403019992 41.4305550243866, 2.16087037931237 41.4306719888788, 2.16077532242876 41.4307930490677, 2.16065456182447 41.4309341613637, 2.16062687893742 41.4309601530245, 2.16026492699583 41.4312136741764))"
"07","Horta-Guinardó","43","Horta","156","119","POLYGON ((429807.0635 4586799.3915, 429781.6765 4586800.9035, 429758.9815 4586799.4435, 429739.5665 4586796.5825, 429730.1135 4586794.7055, 429708.1235 4586788.5315, 429688.7035 4586781.3015, 429667.9355 4586772.9575, 429643.0185 4586761.3435, 429639.6055 4586696.3595, 429638.8605 4586668.8205, 429627.4035 4586666.8275, 429629.2155 4586648.8555, 429631.5635 4586633.0735, 429640.3555 4586579.2801, 429641.8722 4586574.8577, 429647.0135 4586576.0535, 429656.9995 4586579.4935, 429679.0535 4586588.2515, 429747.6035 4586617.7675, 429752.7615 4586620.1515, 429772.8195 4586631.4985, 429759.9375 4586693.2555, 429750.3015 4586742.1975, 429804.9935 4586745.7775, 429854.1625 4586741.9415, 429866.3 4586782.5408, 429871.8151 4586791.4287, 429810.6995 4586799.1755, 429807.0635 4586799.3915))","POLYGON ((2.15990282865117 41.4296931866047, 2.15959884261006 41.4297045856107, 2.159327417424 41.4296894516368, 2.15909540749178 41.4296619857077, 2.158982500145 41.4296442533899, 2.15872006035667 41.429586722588, 2.15848849939118 41.4295199052038, 2.15824093684223 41.4294429359821, 2.15794410396952 41.4293361512691, 2.15791082369396 41.4287505680081, 2.1579051134893 41.4285024702262, 2.15776824025122 41.4284835164267, 2.15779201632287 41.4283218087094, 2.15782195160667 41.4281798723738, 2.15793342496537 41.427696147296, 2.15795208966592 41.4276564493867, 2.15801347534686 41.4276676697764, 2.15813257543952 41.4276995269974, 2.15839547242859 41.4277803377233, 2.15921236747685 41.4280521745633, 2.15927381554017 41.4280740973826, 2.15951252884835 41.4281780490965, 2.15935119610422 41.4287331430442, 2.15923019489843 41.4291731010883, 2.15988428215425 41.4292101261333, 2.1604731365183 41.4291798722434, 2.160613676709 41.4295465936311, 2.16067864561983 41.4296271248941, 2.15994636634455 41.429691558921, 2.15990282865117 41.4296931866047))"
"07","Horta-Guinardó","43","Horta","156","120","POLYGON ((429892.2775 4586619.8195, 429844.4375 4586682.1375, 429794.8635 4586646.3675, 429773.2235 4586631.7275, 429752.7615 4586620.1515, 429679.0535 4586588.2515, 429656.9995 4586579.4935, 429647.0135 4586576.0535, 429641.8722 4586574.8577, 429643.9092 4586568.9179, 429648.7765 4586537.5075, 429656.0975 4586476.0095, 429654.9215 4586442.9335, 429659.5655 4586420.2595, 429671.8885 4586337.5435, 429688.6975 4586356.9809, 429693.2675 4586360.7735, 429714.8135 4586376.7735, 429739.5755 4586394.9075, 429745.4815 4586398.8655, 429792.3975 4586420.9315, 429816.0075 4586431.5955, 429875.5435 4586464.1115, 429925.9595 4586492.0915, 429983.8905 4586523.2055, 429977.9415 4586528.7735, 429968.5727 4586536.5791, 429958.2095 4586546.5015, 429923.2555 4586578.0195, 429892.2775 4586619.8195))","POLYGON ((2.1609434238508 41.4280832960828, 2.16036369694948 41.4286403923944, 2.1597746001968 41.4283138951327, 2.159517336869 41.4281801469277, 2.15927381554017 41.4280740973826, 2.15839547242859 41.4277803377233, 2.15813257543952 41.4276995269974, 2.15801347534686 41.4276676697764, 2.15795208966592 41.4276564493867, 2.15797715724298 41.4276031304407, 2.15803905818414 41.4273206560268, 2.15813382185619 41.4267674096144, 2.15812359747778 41.4264694044915, 2.15818180811675 41.4262655955993, 2.15833889295583 41.4255216848824, 2.15853777576303 41.4256982210964, 2.15859202133211 41.4257327794942, 2.15884799020665 41.425878770465, 2.1591421964787 41.4260442622404, 2.15921241068259 41.4260804268897, 2.15977126875872 41.4262832682022, 2.16005256086534 41.4263813776946, 2.16076123060573 41.4266794357086, 2.16136129657263 41.4269358399384, 2.16205093419796 41.4272211228233, 2.16197909931449 41.4272707530401, 2.16186608128704 41.4273402382491, 2.16174091804491 41.427428701814, 2.16131897883036 41.4277095233039, 2.1609434238508 41.4280832960828))"
"07","Horta-Guinardó","43","Horta","156","121","POLYGON ((429887.7055 4586789.4215, 429871.8151 4586791.4287, 429866.3 4586782.5408, 429854.1625 4586741.9415, 429804.9935 4586745.7775, 429750.3015 4586742.1975, 429759.9375 4586693.2555, 429772.8195 4586631.4985, 429794.8635 4586646.3675, 429841.8975 4586680.4455, 429851.3095 4586686.9035, 429863.2815 4586693.9735, 429866.5495 4586695.5715, 429878.2415 4586699.0535, 429910.2615 4586706.8975, 429930.3735 4586712.3215, 430004.4615 4586730.4375, 430024.1525 4586734.8965, 429996.7535 4586769.5455, 429980.6055 4586791.3495, 429969.8745 4586783.7825, 429953.7975 4586781.7875, 429942.6915 4586782.2855, 429887.7055 4586789.4215))","POLYGON ((2.16086904131522 41.4296104340692, 2.16067864561983 41.4296271248941, 2.160613676709 41.4295465936311, 2.1604731365183 41.4291798722434, 2.15988428215425 41.4292101261333, 2.15923019489843 41.4291731010883, 2.15935119610422 41.4287331430442, 2.15951252884835 41.4281780490965, 2.1597746001968 41.4283138951327, 2.16033349719681 41.4286249313846, 2.16044538096253 41.4286839180081, 2.16058782943119 41.4287486400969, 2.16062675218109 41.4287633179846, 2.16076626642554 41.4287956997348, 2.16114854046263 41.4288691421503, 2.16138859245698 41.4289197486397, 2.16227310820099 41.4290893717884, 2.16250823548086 41.4291312478982, 2.16217633740598 41.4294409301868, 2.16198056675357 41.4296359025762, 2.16185302375504 41.4295668141105, 2.16166085908596 41.4295474440856, 2.16152789427433 41.4295509607784, 2.16086904131522 41.4296104340692))"
"07","Horta-Guinardó","43","Horta","156","122","POLYGON ((430106.3245 4586821.1865, 430105.9335 4586821.6935, 430038.1715 4586767.4315, 430014.1955 4586747.6095, 430024.1525 4586734.8965, 430004.4615 4586730.4375, 429930.3735 4586712.3215, 429910.2615 4586706.8975, 429870.7275 4586696.9755, 429866.5495 4586695.5715, 429863.2815 4586693.9735, 429851.3095 4586686.9035, 429844.4375 4586682.1375, 429892.2775 4586619.8195, 429923.2555 4586578.0195, 429958.2095 4586546.5015, 429968.5727 4586536.5791, 429977.9415 4586528.7735, 429983.8905 4586523.2055, 430008.9515 4586535.2735, 430057.7965 4586560.9925, 430095.7815 4586584.6415, 430124.0785 4586601.3275, 430130.6875 4586609.3415, 430121.5738 4586615.5756, 430116.9105 4586619.1435, 430129.7402 4586631.2266, 430215.2909 4586701.7, 430185.9485 4586738.6755, 430140.9375 4586798.3385, 430130.1805 4586790.2235, 430106.3245 4586821.1865))","POLYGON ((2.16348161692248 41.4299155821052, 2.16347687911988 41.4299201144285, 2.16267223653432 41.4294254988588, 2.16238760757994 41.4292448813232, 2.16250823548086 41.4291312478982, 2.16227310820099 41.4290893717884, 2.16138859245698 41.4289197486397, 2.16114854046263 41.4288691421503, 2.16067658742337 41.4287763280298, 2.16062675218109 41.4287633179846, 2.16058782943119 41.4287486400969, 2.16044538096253 41.4286839180081, 2.16036369694948 41.4286403923944, 2.1609434238508 41.4280832960828, 2.16131897883036 41.4277095233039, 2.16174091804491 41.427428701814, 2.16186608128704 41.4273402382491, 2.16197909931449 41.4272707530401, 2.16205093419796 41.4272211228233, 2.16234943505112 41.4273319984962, 2.16293097511856 41.4275678938071, 2.16338279901369 41.4277841975218, 2.16371949571712 41.4279369437848, 2.16379765847919 41.4280096976141, 2.16368787546138 41.4280650529182, 2.1636316578927 41.4280967818972, 2.16378379294438 41.428206725686, 2.16479943517234 41.4288488888869, 2.16444402383424 41.4291793628735, 2.16389847865239 41.4297128104324, 2.16377068562793 41.4296387861932, 2.16348161692248 41.4299155821052))"
"07","Horta-Guinardó","43","Horta","156","123","POLYGON ((430176.5372 4586914.9089, 430158.0017 4586938.404, 430145.421 4586935.1998, 430091.3006 4586897.6469, 430065.2686 4586874.7635, 430025.8515 4586831.5535, 429996.3421 4586804.2599, 429980.6055 4586791.3495, 429996.7535 4586769.5455, 430014.1955 4586747.6095, 430038.1715 4586767.4315, 430105.9335 4586821.6935, 430130.1805 4586790.2235, 430140.9375 4586798.3385, 430185.9485 4586738.6755, 430215.2909 4586701.7, 430229.2875 4586713.4055, 430328.7615 4586786.8815, 430220.2318 4586873.4439, 430176.5372 4586914.9089))","POLYGON ((2.16431104196198 41.4307658092985, 2.16408650600298 41.430975808758, 2.16393631785342 41.4309458557297, 2.16329298009667 41.4306029229613, 2.16298409370205 41.4303945551132, 2.16251737918845 41.4300019469115, 2.16216739413122 41.4297535530408, 2.16198056675357 41.4296359025762, 2.16217633740598 41.4294409301868, 2.16238760757994 41.4292448813232, 2.16267223653432 41.4294254988588, 2.16347687911988 41.4299201144285, 2.16377068562793 41.4296387861932, 2.16389847865239 41.4297128104324, 2.16444402383424 41.4291793628735, 2.16479943517234 41.4288488888869, 2.16496558188079 41.428955531617, 2.16614752387405 41.4296259355902, 2.16483873832794 41.4303961477619, 2.16431104196198 41.4307658092985))"
"08","Nou Barris","44","Vilapicina i la Torre Llobeta","157","001","POLYGON ((430166.4534 4586933.8945, 430158.0017 4586938.404, 430176.5372 4586914.9089, 430220.2318 4586873.4439, 430328.7411 4586786.8665, 430402.0451 4586740.6466, 430406.5426 4586743.7171, 430436.2595 4586806.4975, 430398.6835 4586827.1195, 430391.6435 4586831.721, 430420.3475 4586852.9155, 430422.2975 4586855.5555, 430424.6115 4586860.1155, 430425.4815 4586862.7195, 430425.6655 4586865.4215, 430424.4765 4586878.3465, 430342.704 4586881.1383, 430321.3493 4586873.5174, 430304.8392 4586872.8824, 430284.7309 4586877.3274, 430247.3716 4586890.3449, 430200.0464 4586916.6842, 430166.4534 4586933.8945))","POLYGON ((2.1641881719718 41.4309359283725, 2.16408650600298 41.430975808758, 2.16431104196198 41.4307658092985, 2.16483873832794 41.4303961477619, 2.16614728147252 41.4296257987216, 2.1670298444935 41.4292158691006, 2.16708331304378 41.4292439135866, 2.16743171393251 41.4298119264757, 2.16697965969677 41.4299944055799, 2.16689488044649 41.4300352394201, 2.16723594883161 41.4302286170909, 2.1672589811724 41.4302525634646, 2.16728614863796 41.4302938340566, 2.16729626047659 41.4303173626316, 2.16729815147041 41.4303417144314, 2.1672824346936 41.4304580218757, 2.16630351479695 41.4304760789495, 2.16604883455048 41.4304055882193, 2.16585132620339 41.4303984365759, 2.16561017125117 41.4304367258491, 2.16516157849661 41.4305507257779, 2.16459218041161 41.4307838421034, 2.1641881719718 41.4309359283725))"
"08","Nou Barris","44","Vilapicina i la Torre Llobeta","157","002","POLYGON ((430330.1875 4586785.9545, 430328.7411 4586786.8665, 430229.2875 4586713.4055, 430129.7402 4586631.2266, 430116.9105 4586619.1435, 430121.5738 4586615.5756, 430130.6875 4586609.3415, 430148.826 4586602.1011, 430165.8916 4586598.0662, 430183.422 4586595.1767, 430244.6675 4586582.201, 430392.3925 4586561.1892, 430395.2524 4586581.6916, 430322.2755 4586676.1785, 430378.6775 4586722.4655, 430396.3825 4586737.7375, 430402.0451 4586740.6466, 430330.1875 4586785.9545))","POLYGON ((2.1661646958983 41.4296177101538, 2.16614728147252 41.4296257987216, 2.16496558188079 41.428955531617, 2.16378379294438 41.428206725686, 2.1636316578927 41.4280967818972, 2.16368787546138 41.4280650529182, 2.16379765847919 41.4280096976141, 2.16401555608491 41.4279460636927, 2.16422024376891 41.4279112067588, 2.16443036115571 41.4278867060254, 2.16516477396371 41.4277751598239, 2.16693499360325 41.4275987293861, 2.16696685699638 41.4277836344042, 2.16608266444669 41.4286283142726, 2.16675229597479 41.4290500939183, 2.16696241454476 41.4291891772967, 2.1670298444935 41.4292158691006, 2.1661646958983 41.4296177101538))"
"08","Nou Barris","44","Vilapicina i la Torre Llobeta","157","003","POLYGON ((430424.7925 4586727.3685, 430402.0451 4586740.6466, 430396.3825 4586737.7375, 430378.6775 4586722.4655, 430322.2755 4586676.1785, 430395.2524 4586581.6916, 430392.3925 4586561.1892, 430421.704 4586557.0201, 430428.8955 4586577.8575, 430432.7575 4586581.5515, 430441.5935 4586585.2875, 430517.9955 4586622.3895, 430506.3435 4586647.3575, 430487.5285 4586684.9635, 430492.7975 4586697.3485, 430446.1395 4586717.2055, 430424.7925 4586727.3685))","POLYGON ((2.16730359309385 41.4290982490869, 2.1670298444935 41.4292158691006, 2.16696241454476 41.4291891772967, 2.16675229597479 41.4290500939183, 2.16608266444669 41.4286283142726, 2.16696685699638 41.4277836344042, 2.16693499360325 41.4275987293861, 2.16728623835893 41.427563719353, 2.16736989970994 41.4277520166703, 2.16741569054754 41.4277856215826, 2.16752099968459 41.4278200354893, 2.16843102657664 41.428160811314, 2.16828871805329 41.428384680518, 2.16805923581432 41.4287217552769, 2.16812086602152 41.4288337581611, 2.16756022363876 41.4290085636485, 2.16730359309385 41.4290982490869))"
"08","Nou Barris","44","Vilapicina i la Torre Llobeta","157","004","POLYGON ((430435.7935 4586877.9925, 430424.4765 4586878.3465, 430425.6655 4586865.4215, 430425.4815 4586862.7195, 430424.6115 4586860.1155, 430422.2975 4586855.5555, 430420.3475 4586852.9155, 430391.6435 4586831.721, 430398.6835 4586827.1195, 430436.2595 4586806.4975, 430406.5426 4586743.7171, 430402.0451 4586740.6466, 430424.7925 4586727.3685, 430446.1395 4586717.2055, 430492.7975 4586697.3485, 430521.3745 4586764.5195, 430544.2835 4586766.3285, 430550.0975 4586767.3875, 430621.4555 4586787.4635, 430566.9075 4586873.4785, 430435.7935 4586877.9925))","POLYGON ((2.16741790969072 41.430455813773, 2.1672824346936 41.4304580218757, 2.16729815147041 41.4303417144314, 2.16729626047659 41.4303173626316, 2.16728614863796 41.4302938340566, 2.1672589811724 41.4302525634646, 2.16723594883161 41.4302286170909, 2.16689488044649 41.4300352394201, 2.16697965969677 41.4299944055799, 2.16743171393251 41.4298119264757, 2.16708331304378 41.4292439135866, 2.1670298444935 41.4292158691006, 2.16730359309385 41.4290982490869, 2.16756022363876 41.4290085636485, 2.16812086602152 41.4288337581611, 2.16845512790863 41.4294412138535, 2.16872907540757 41.4294594881154, 2.1687985307516 41.4294695288437, 2.16965017879921 41.4296565124189, 2.1689875129281 41.4304265029121, 2.16741790969072 41.430455813773))"
"08","Nou Barris","44","Vilapicina i la Torre Llobeta","157","005","POLYGON ((430590.0345 4586872.2185, 430566.9075 4586873.4785, 430621.4555 4586787.4635, 430550.0975 4586767.3875, 430544.2835 4586766.3285, 430521.3745 4586764.5195, 430508.6365 4586734.5775, 430637.4435 4586704.8455, 430675.5575 4586696.3635, 430729.6095 4586683.0915, 430714.1915 4586772.6995, 430710.1915 4586798.8015, 430707.9035 4586810.3545, 430813.3505 4586840.8365, 430812.0965 4586861.4725, 430612.0585 4586869.1495, 430590.0345 4586872.2185))","POLYGON ((2.169264426011 41.4304171534812, 2.1689875129281 41.4304265029121, 2.16965017879921 41.4296565124189, 2.1687985307516 41.4294695288437, 2.16872907540757 41.4294594881154, 2.16845512790863 41.4294412138535, 2.16830613233916 41.4291704358722, 2.16985098978789 41.4289137844769, 2.17030807473744 41.4288406807074, 2.17095643805581 41.4287258080217, 2.17076166037734 41.4295315434796, 2.17071079984994 41.4297662892073, 2.17068209459136 41.4298701452974, 2.17194051470361 41.4301537750009, 2.17192314580239 41.4303395276163, 2.16952834671674 41.4303914151285, 2.169264426011 41.4304171534812))"
"08","Nou Barris","44","Vilapicina i la Torre Llobeta","157","006","POLYGON ((430509.5675 4586734.3635, 430508.6365 4586734.5775, 430487.5285 4586684.9635, 430506.3435 4586647.3575, 430517.9955 4586622.3895, 430441.5935 4586585.2875, 430432.7575 4586581.5515, 430428.8955 4586577.8575, 430421.704 4586557.0201, 430433.628 4586555.324, 430623.9645 4586517.8065, 430646.4285 4586512.1215, 430667.0099 4586504.3559, 430631.0755 4586583.8235, 430695.3885 4586615.1595, 430718.8115 4586626.1295, 430739.3965 4586618.9805, 430736.1985 4586638.4875, 430729.6095 4586683.0915, 430675.5575 4586696.3635, 430637.4435 4586704.8455, 430509.5675 4586734.3635))","POLYGON ((2.16831729830412 41.4291685890013, 2.16830613233916 41.4291704358722, 2.16805923581432 41.4287217552769, 2.16828871805329 41.428384680518, 2.16843102657664 41.428160811314, 2.16752099968459 41.4278200354893, 2.16741569054754 41.4277856215826, 2.16736989970994 41.4277520166703, 2.16728623835893 41.427563719353, 2.16742912561406 41.4275494759789, 2.16971114956402 41.4272280313009, 2.16998062262682 41.4271787684542, 2.17022780533314 41.4271106033061, 2.16978867027139 41.4278232354823, 2.17055470229804 41.4281110183615, 2.17083374603483 41.4282118415773, 2.17108090425558 41.4281492284302, 2.17104039913384 41.4283246448592, 2.17095643805581 41.4287258080217, 2.17030807473744 41.4288406807074, 2.16985098978789 41.4289137844769, 2.16831729830412 41.4291685890013))"
"08","Nou Barris","44","Vilapicina i la Torre Llobeta","157","007","POLYGON ((430813.9515 4586834.7915, 430813.3505 4586840.8365, 430707.9035 4586810.3545, 430710.1915 4586798.8015, 430714.1915 4586772.6995, 430729.6495 4586682.8555, 430736.1985 4586638.4875, 430739.3965 4586618.9805, 430781.1848 4586600.7205, 430832.6927 4586580.6092, 430825.3775 4586687.1765, 430822.0475 4586721.4965, 430819.4355 4586753.8095, 430818.1315 4586777.4955, 430813.9515 4586834.7915))","POLYGON ((2.17194839890955 41.4300993817436, 2.17194051470361 41.4301537750009, 2.17068209459136 41.4298701452974, 2.17071079984994 41.4297662892073, 2.17076166037734 41.4295315434796, 2.1709569437785 41.4287236859086, 2.17104039913384 41.4283246448592, 2.17108090425558 41.4281492284302, 2.171583072054 41.4279883695645, 2.1722017623009 41.4278116715005, 2.17210202857457 41.4287708532444, 2.17205825103499 41.4290796737799, 2.17202329514758 41.4293704798271, 2.17200497931875 41.4295836983759, 2.17194839890955 41.4300993817436))"
"08","Nou Barris","44","Vilapicina i la Torre Llobeta","157","008","POLYGON ((430739.3965 4586618.9805, 430718.8115 4586626.1295, 430695.3885 4586615.1595, 430631.0755 4586583.8235, 430667.0099 4586504.3559, 430844.0509 4586437.5563, 430839.0475 4586503.9615, 430832.6927 4586580.6092, 430781.1848 4586600.7205, 430739.3965 4586618.9805))","POLYGON ((2.17108090425558 41.4281492284302, 2.17083374603483 41.4282118415773, 2.17055470229804 41.4281110183615, 2.16978867027139 41.4278232354823, 2.17022780533314 41.4271106033061, 2.17235404749056 41.4265242253413, 2.17228657746553 41.4271218814775, 2.1722017623009 41.4278116715005, 2.171583072054 41.4279883695645, 2.17108090425558 41.4281492284302))"
"08","Nou Barris","44","Vilapicina i la Torre Llobeta","158","009","POLYGON ((430848.4475 4586576.1915, 430832.6927 4586580.6092, 430839.0475 4586503.9615, 430844.0509 4586437.5563, 431129.9495 4586329.6835, 431138.907 4586325.2837, 431152.9148 4586315.3941, 431165.3175 4586315.7705, 431167.1555 4586328.7025, 431167.1035 4586334.3115, 431142.8295 4586431.6595, 431139.6855 4586442.7175, 431130.8465 4586469.6925, 431105.4815 4586478.1395, 430987.9645 4586523.9435, 430930.1755 4586545.7175, 430880.5755 4586569.7395, 430868.2725 4586571.6295, 430848.4475 4586576.1915))","POLYGON ((2.17239080305778 41.4277732393766, 2.1722017623009 41.4278116715005, 2.17228657746553 41.4271218814775, 2.17235404749056 41.4265242253413, 2.17578757735252 41.4255772161763, 2.17589526798981 41.4255383566538, 2.17606401773184 41.4254504852227, 2.17621239099393 41.4254549381563, 2.17623291310057 41.4255715694926, 2.17623165230205 41.4256220832709, 2.17593009177779 41.426496781083, 2.17589120926987 41.4265961069623, 2.17578236340105 41.426838303213, 2.17547786578955 41.4269122072322, 2.1740663468069 41.4273146595195, 2.17337231155622 41.4275058029833, 2.17277601171865 41.4277178937966, 2.17262856754741 41.4277338575862, 2.17239080305778 41.4277732393766))"
"08","Nou Barris","44","Vilapicina i la Torre Llobeta","159","010","POLYGON ((430814.2795 4586861.3885, 430812.0965 4586861.4725, 430813.2735 4586841.6015, 430816.4355 4586801.9355, 430819.4355 4586753.8095, 430822.0475 4586721.4965, 430825.3775 4586687.1765, 430832.6927 4586580.6092, 430848.4475 4586576.1915, 430868.2725 4586571.6295, 430880.5755 4586569.7395, 430930.1755 4586545.7175, 430947.1005 4586539.3405, 430935.1695 4586608.9215, 430927.1985 4586649.8355, 430918.9775 4586694.4835, 430920.4495 4586768.7135, 430921.5855 4586796.3845, 430888.7695 4586797.1485, 430890.8105 4586860.6615, 430814.2795 4586861.3885))","POLYGON ((2.1719492800777 41.4303389591018, 2.17192314580239 41.4303395276163, 2.17193950566522 41.4301606584336, 2.17198188591513 41.4298036741416, 2.17202329514758 41.4293704798271, 2.17205825103499 41.4290796737799, 2.17210202857457 41.4287708532444, 2.1722017623009 41.4278116715005, 2.17239080305778 41.4277732393766, 2.17262856754741 41.4277338575862, 2.17277601171865 41.4277178937966, 2.17337231155622 41.4275058029833, 2.1735755780968 41.4274498228262, 2.17342485343474 41.4280754873194, 2.17332479058741 41.4284432990851, 2.17322130812718 41.428844719972, 2.17323044128233 41.4295134084, 2.17324087397438 41.4297627284217, 2.17284807040553 41.4297667865557, 2.17286523436484 41.4303389998519, 2.1719492800777 41.4303389591018))"
"08","Nou Barris","44","Vilapicina i la Torre Llobeta","159","011","POLYGON ((430984.5255 4586858.5465, 430890.8105 4586860.6615, 430888.7695 4586797.1485, 430921.5855 4586796.3845, 430920.4495 4586768.7135, 430918.9775 4586694.4835, 430927.1985 4586649.8355, 430935.1695 4586608.9215, 430942.3078 4586567.2935, 430956.7975 4586568.8255, 430975.6765 4586571.8195, 430992.7795 4586575.3055, 431059.2695 4586593.4175, 431034.7565 4586641.5525, 431030.4715 4586651.9855, 431024.3595 4586670.2235, 431018.0815 4586694.4975, 431014.9915 4586716.9895, 431014.5095 4586741.0715, 431017.2435 4586857.2405, 430984.5255 4586858.5465))","POLYGON ((2.17398699378436 41.4303280088457, 2.17286523436484 41.4303389998519, 2.17284807040553 41.4297667865557, 2.17324087397438 41.4297627284217, 2.17323044128233 41.4295134084, 2.17322130812718 41.428844719972, 2.17332479058741 41.4284432990851, 2.17342485343474 41.4280754873194, 2.17351503188812 41.4277011731127, 2.17368825287189 41.4277162168241, 2.1739138331059 41.4277448051481, 2.17411810424983 41.4277776717231, 2.17491171529778 41.4279465090989, 2.17461287987584 41.4283779390426, 2.17456041116952 41.428471537303, 2.17448518807853 41.428635275396, 2.17440728932082 41.4288533631884, 2.17436774448132 41.4290556749079, 2.17435922821534 41.4292725311363, 2.17437868978347 41.4303190568455, 2.17398699378436 41.4303280088457))"
"08","Nou Barris","44","Vilapicina i la Torre Llobeta","159","012","POLYGON ((431222.7815 4586604.3815, 431198.1725 4586629.8265, 431109.7915 4586606.0395, 431059.2695 4586593.4175, 430992.7795 4586575.3055, 430975.6765 4586571.8195, 430956.7975 4586568.8255, 430942.3078 4586567.2935, 430947.1005 4586539.3405, 430987.9645 4586523.9435, 431105.4815 4586478.1395, 431130.8465 4586469.6925, 431139.6855 4586442.7175, 431142.8295 4586431.6595, 431167.1035 4586334.3115, 431167.1555 4586328.7025, 431165.3175 4586315.7705, 431256.5205 4586318.5385, 431251.6095 4586524.4205, 431255.0531 4586571.331, 431222.7815 4586604.3815))","POLYGON ((2.17686719884464 41.4280592747334, 2.17656980921072 41.4282863411012, 2.1755148683039 41.4280645253111, 2.17491171529778 41.4279465090989, 2.17411810424983 41.4277776717231, 2.1739138331059 41.4277448051481, 2.17368825287189 41.4277162168241, 2.17351503188812 41.4277011731127, 2.1735755780968 41.4274498228262, 2.1740663468069 41.4273146595195, 2.17547786578955 41.4269122072322, 2.17578236340105 41.426838303213, 2.17589120926987 41.4265961069623, 2.17593009177779 41.426496781083, 2.17623165230205 41.4256220832709, 2.17623291310057 41.4255715694926, 2.17621239099393 41.4254549381563, 2.17730345143386 41.4254876781948, 2.17722127389902 41.4273415628256, 2.17725714861108 41.4277643634041, 2.17686719884464 41.4280592747334))"
"08","Nou Barris","44","Vilapicina i la Torre Llobeta","159","013","POLYGON ((431042.6715 4586856.2255, 431017.2435 4586857.2405, 431014.5095 4586741.0715, 431014.9915 4586716.9895, 431018.0815 4586694.4975, 431024.3595 4586670.2235, 431030.4715 4586651.9855, 431034.7565 4586641.5525, 431059.2695 4586593.4175, 431109.7915 4586606.0395, 431198.1725 4586629.8265, 431181.7021 4586639.6604, 431081.9915 4586743.8075, 431084.3252 4586769.3411, 431086.5724 4586842.0082, 431086.444 4586854.5538, 431042.6715 4586856.2255))","POLYGON ((2.17468311071086 41.4303120986012, 2.17437868978347 41.4303190568455, 2.17435922821534 41.4292725311363, 2.17436774448132 41.4290556749079, 2.17440728932082 41.4288533631884, 2.17448518807853 41.428635275396, 2.17456041116952 41.428471537303, 2.17461287987584 41.4283779390426, 2.17491171529778 41.4279465090989, 2.1755148683039 41.4280645253111, 2.17656980921072 41.4282863411012, 2.17637158920488 41.4283735005221, 2.17516648242714 41.4293029661541, 2.17519149927611 41.4295331380698, 2.1752101078628 41.4301878165009, 2.1752071410295 41.4303007990442, 2.17468311071086 41.4303120986012))"
"08","Nou Barris","44","Vilapicina i la Torre Llobeta","159","014","POLYGON ((431113.2925 4586853.5815, 431086.444 4586854.5538, 431086.5724 4586842.0082, 431084.3252 4586769.3411, 431081.9915 4586743.8075, 431181.7021 4586639.6604, 431198.1725 4586629.8265, 431255.0531 4586571.331, 431258.3885 4586616.7685, 431260.4445 4586673.6325, 431263.1605 4586762.9845, 431264.7795 4586849.6595, 431113.2925 4586853.5815))","POLYGON ((2.1755285565354 41.4302943450201, 2.1752071410295 41.4303007990442, 2.1752101078628 41.4301878165009, 2.17519149927611 41.4295331380698, 2.17516648242714 41.4293029661541, 2.17637158920488 41.4283735005221, 2.17656980921072 41.4282863411012, 2.17725714861108 41.4277643634041, 2.17729189641064 41.4281738879095, 2.17731003475003 41.4286862172183, 2.17733237755975 41.4294912105142, 2.1773418969958 41.4302719990644, 2.1755285565354 41.4302943450201))"
"08","Nou Barris","44","Vilapicina i la Torre Llobeta","160","015","POLYGON ((431327.6985 4586760.9555, 431263.1605 4586762.9845, 431260.4445 4586673.6325, 431258.3885 4586616.7685, 431437.7995 4586577.5955, 431469.2266 4586575.6467, 431474.8615 4586756.3735, 431405.0685 4586758.1265, 431327.6985 4586760.9555))","POLYGON ((2.17810494610277 41.4294784563877, 2.17733237755975 41.4294912105142, 2.17731003475003 41.4286862172183, 2.17729189641064 41.4281738879095, 2.17944334033106 41.4278364044136, 2.1798196457148 41.4278215340845, 2.17986659234639 41.4294497563371, 2.17903116807773 41.4294595877105, 2.17810494610277 41.4294784563877))"
"08","Nou Barris","44","Vilapicina i la Torre Llobeta","160","016","POLYGON ((431329.3535 4586848.3015, 431264.7795 4586849.6595, 431263.1605 4586762.9845, 431405.0685 4586758.1265, 431479.2875 4586756.2615, 431551.3355 4586753.8665, 431554.0735 4586841.7215, 431329.3535 4586848.3015))","POLYGON ((2.17811482939548 41.430265291491, 2.1773418969958 41.4302719990644, 2.17733237755975 41.4294912105142, 2.17903116807773 41.4294595877105, 2.17991957178602 41.4294491251754, 2.18078205457951 41.429433697252, 2.18080487318567 41.4302252090986, 2.17811482939548 41.430265291491))"
"08","Nou Barris","44","Vilapicina i la Torre Llobeta","160","017","POLYGON ((431479.2875 4586756.2615, 431474.8615 4586756.3735, 431469.2266 4586575.6467, 431695.7882 4586561.5977, 431697.3795 4586614.5235, 431698.3685 4586666.6955, 431628.3795 4586667.9095, 431630.7475 4586751.5215, 431479.2875 4586756.2615))","POLYGON ((2.17991957178602 41.4294491251754, 2.17986659234639 41.4294497563371, 2.1798196457148 41.4278215340845, 2.18253247025594 41.4277142968126, 2.18254553363324 41.4281911162153, 2.18255147455912 41.4286610951532, 2.181713775912 41.4286660748569, 2.18173265773486 41.4294193400379, 2.17991957178602 41.4294491251754))"
"08","Nou Barris","44","Vilapicina i la Torre Llobeta","160","018","POLYGON ((431833.9556 4586663.712, 431698.3685 4586666.6955, 431697.3795 4586614.5235, 431695.7882 4586561.5977, 431843.2675 4586552.4525, 431850.2954 4586630.726, 431833.9556 4586663.712))","POLYGON ((2.1841743882923 41.428645741633, 2.18255147455912 41.4286610951532, 2.18254553363324 41.4281911162153, 2.18253247025594 41.4277142968126, 2.18429836749692 41.4276444561763, 2.18437364592973 41.4283500346934, 2.1841743882923 41.428645741633))"
"08","Nou Barris","44","Vilapicina i la Torre Llobeta","160","019","POLYGON ((431555.2115 4586841.6915, 431554.0735 4586841.7215, 431551.3355 4586753.8665, 431630.7475 4586751.5215, 431628.3795 4586667.9095, 431698.3685 4586666.6955, 431833.9556 4586663.712, 431798.3505 4586735.5895, 431742.8336 4586836.1023, 431555.2115 4586841.6915))","POLYGON ((2.18081849540001 41.4302250358749, 2.18080487318567 41.4302252090986, 2.18078205457951 41.429433697252, 2.18173265773486 41.4294193400379, 2.181713775912 41.4286660748569, 2.18255147455912 41.4286610951532, 2.1841743882923 41.428645741633, 2.18374019138002 41.4292900947529, 2.18306446233914 41.4301906622422, 2.18081849540001 41.4302250358749))"
"08","Nou Barris","45","Porta","161","020","POLYGON ((431568.0785 4587035.3915, 431560.3845 4587045.3345, 431559.3965 4587031.3155, 431558.8285 4586976.7875, 431481.2865 4586978.0695, 431477.5115 4586843.9235, 431700.5225 4586837.4155, 431701.0875 4586864.0435, 431568.0785 4587035.3915))","POLYGON ((2.18095055005632 41.4319707184533, 2.18085734514454 41.4320596158628, 2.18084710846891 41.4319332676042, 2.18084648502725 41.4314421051864, 2.17991835209337 41.4314470402778, 2.17988838128037 41.4302385137286, 2.18255796324802 41.4301988930002, 2.18256171618703 41.4304387699898, 2.18095055005632 41.4319707184533))"
"08","Nou Barris","45","Porta","161","021","POLYGON ((431426.8725 4587114.9605, 431424.1955 4587102.5515, 431415.9055 4587068.5975, 431409.3865 4587034.9325, 431407.6765 4586984.3875, 431407.0015 4586973.3135, 431403.4375 4586846.0655, 431477.5115 4586843.9235, 431481.2865 4586978.0695, 431558.8285 4586976.7875, 431559.3965 4587031.3155, 431560.3845 4587045.3345, 431521.5908 4587102.8629, 431512.829 4587111.3169, 431495.4475 4587110.2765, 431470.9095 4587109.3175, 431453.7755 4587110.2705, 431436.7195 4587112.5725, 431426.8725 4587114.9605))","POLYGON ((2.1792516197311 41.4326753235993, 2.17922098990103 41.4325633317062, 2.17912563000878 41.4322568125679, 2.17905143288332 41.4319530475084, 2.17903670405601 41.4314976611068, 2.17902988262613 41.4313978639798, 2.17900167063479 41.4302514831445, 2.17988838128037 41.4302385137286, 2.17991835209337 41.4314470402778, 2.18084648502725 41.4314421051864, 2.18084710846891 41.4319332676042, 2.18085734514454 41.4320596158628, 2.18038655757403 41.4325744465776, 2.18028074055575 41.4326498415685, 2.18007284068511 41.4326389886688, 2.17977928435221 41.4326282579223, 2.17957412060091 41.4326353790671, 2.17936973726994 41.4326546564541, 2.1792516197311 41.4326753235993))"
"08","Nou Barris","45","Porta","161","022","POLYGON ((431255.2465 4587205.0765, 431255.0565 4587205.1875, 431229.6695 4587165.3875, 431219.85 4587148.2515, 431201.8935 4587120.3055, 431182.1695 4587087.6955, 431174.3965 4587075.6575, 431233.4875 4587013.1485, 431270.5505 4587011.1125, 431271.1995 4587016.1775, 431273.1415 4587021.5495, 431280.2105 4587034.0225, 431329.5045 4587031.5585, 431334.5595 4587030.5855, 431340.6015 4587028.4035, 431348.3475 4587026.5415, 431360.0375 4587026.5135, 431369.0295 4587027.8875, 431376.6765 4587029.9895, 431385.0295 4587034.3575, 431413.3215 4587055.5295, 431415.9055 4587068.5975, 431424.1955 4587102.5515, 431426.8195 4587114.9735, 431407.1325 4587119.7485, 431392.4435 4587124.6515, 431377.2165 4587131.3795, 431360.5445 4587140.9645, 431255.2465 4587205.0765))","POLYGON ((2.17718738993496 41.4334722928252, 2.1771851034063 41.4334732762972, 2.17688580261053 41.4331126390301, 2.17677023440172 41.4329574605633, 2.1765585153159 41.4327042233404, 2.17632617594635 41.432408827372, 2.1762345216652 41.4322997395141, 2.17694881637074 41.4317418057446, 2.17739260282709 41.431726640726, 2.17739979387505 41.4317723148502, 2.17742242414398 41.4318208646538, 2.17750560510164 41.4319338092353, 2.17809581746969 41.4319158330981, 2.1781564243685 41.4319075018365, 2.17822898063165 41.4318883659002, 2.17832189333366 41.4318722576957, 2.17846179801197 41.4318730046566, 2.17856925486117 41.4318861482036, 2.17866053264502 41.4319057335612, 2.17876000240063 41.4319457881947, 2.17909618835314 41.4321388932069, 2.17912563000878 41.4322568125679, 2.17922098990103 41.4325633317062, 2.1792509839643 41.4326754361603, 2.17901483255454 41.4327167616745, 2.17883848131607 41.4327596665206, 2.17865548397256 41.4328189622292, 2.17845486836567 41.432903866094, 2.17718738993496 41.4334722928252))"
"08","Nou Barris","45","Porta","161","023","POLYGON ((431409.3865 4587034.9325, 431413.3215 4587055.5295, 431385.0295 4587034.3575, 431376.6765 4587029.9895, 431369.0295 4587027.8875, 431360.0375 4587026.5135, 431348.3475 4587026.5415, 431340.6015 4587028.4035, 431334.5595 4587030.5855, 431329.5045 4587031.5585, 431280.2105 4587034.0225, 431273.1415 4587021.5495, 431271.1995 4587016.1775, 431270.5505 4587011.1125, 431264.7795 4586849.6595, 431329.3535 4586848.3015, 431403.4375 4586846.0655, 431407.0015 4586973.3135, 431407.6765 4586984.3875, 431409.3865 4587034.9325))","POLYGON ((2.17905143288332 41.4319530475084, 2.17909618835314 41.4321388932069, 2.17876000240063 41.4319457881947, 2.17866053264502 41.4319057335612, 2.17856925486117 41.4318861482036, 2.17846179801197 41.4318730046566, 2.17832189333366 41.4318722576957, 2.17822898063165 41.4318883659002, 2.1781564243685 41.4319075018365, 2.17809581746969 41.4319158330981, 2.17750560510164 41.4319338092353, 2.17742242414398 41.4318208646538, 2.17739979387505 41.4317723148502, 2.17739260282709 41.431726640726, 2.1773418969958 41.4302719990644, 2.17811482939548 41.430265291491, 2.17900167063479 41.4302514831445, 2.17902988262613 41.4313978639798, 2.17903670405601 41.4314976611068, 2.17905143288332 41.4319530475084))"
"08","Nou Barris","45","Porta","161","024","POLYGON ((431115.7675 4586987.6455, 431067.2535 4586988.2805, 431027.4735 4586957.3315, 431018.1605 4586951.1625, 431025.8695 4586932.5715, 431042.5305 4586890.3595, 431042.6715 4586856.2255, 431118.3855 4586853.3975, 431264.7795 4586849.6595, 431269.5975 4586984.3895, 431232.5285 4586984.9455, 431169.2135 4586986.9475, 431115.7675 4586987.6455))","POLYGON ((2.17554289800838 41.4315020219094, 2.17496223216859 41.4315035788038, 2.17448969480855 41.4312214176035, 2.17437894558535 41.4311650559245, 2.17447332426389 41.4309982758091, 2.17467752942878 41.4306195187039, 2.17468311071086 41.4303120986012, 2.17558952708043 41.4302931245873, 2.1773418969958 41.4302719990644, 2.17738423631746 41.4314858749628, 2.17694054807211 41.431487709638, 2.17618259498257 41.4315003173506, 2.17554289800838 41.4315020219094))"
"08","Nou Barris","45","Porta","161","025","POLYGON ((431165.2015 4587085.9195, 431139.6695 4587112.3025, 431090.6435 4587077.5135, 431070.9035 4587063.0735, 430994.3405 4587009.2775, 431018.1605 4586951.1625, 431027.4735 4586957.3315, 431067.2535 4586988.2805, 431169.2135 4586986.9475, 431232.5285 4586984.9455, 431269.5975 4586984.3895, 431270.5505 4587011.1125, 431233.4875 4587013.1485, 431174.7215 4587075.2955, 431165.2015 4587085.9195))","POLYGON ((2.17612331004148 41.4323913775031, 2.1758147447288 41.43262681065, 2.17523197999685 41.4323092742044, 2.17499738449348 41.4321775246123, 2.17408724571968 41.4316864297227, 2.17437894558535 41.4311650559245, 2.17448969480855 41.4312214176035, 2.17496223216859 41.4315035788038, 2.17618259498257 41.4315003173506, 2.17694054807211 41.431487709638, 2.17738423631746 41.4314858749628, 2.17739260282709 41.431726640726, 2.17694881637074 41.4317418057446, 2.17623845238603 41.4322965069657, 2.17612331004148 41.4323913775031))"
"08","Nou Barris","45","Porta","161","026","POLYGON ((431146.1735 4587357.0935, 431145.7755 4587357.3455, 431128.1295 4587329.7015, 431077.0055 4587248.1375, 431086.8065 4587242.1985, 431018.7375 4587134.4495, 430974.4505 4587059.5145, 430994.3405 4587009.2775, 431070.9035 4587063.0735, 431090.6435 4587077.5135, 431139.6695 4587112.3025, 431165.2015 4587085.9195, 431174.3965 4587075.6575, 431182.1695 4587087.6955, 431201.8935 4587120.3055, 431219.85 4587148.2515, 431229.6695 4587165.3875, 431255.0565 4587205.1875, 431288.4835 4587255.7675, 431292.0205 4587264.2565, 431281.2335 4587271.8995, 431146.1735 4587357.0935))","POLYGON ((2.17586469545099 41.4348321089287, 2.17585990341363 41.4348343444738, 2.17565186359597 41.4345838522624, 2.17504930757952 41.4338448501358, 2.1751672828749 41.4337922008763, 2.17436493324695 41.4328159025689, 2.17384347373083 41.4321371862887, 2.17408724571968 41.4316864297227, 2.17499738449348 41.4321775246123, 2.17523197999685 41.4323092742044, 2.1758147447288 41.43262681065, 2.17612331004148 41.4323913775031, 2.1762345216652 41.4322997395141, 2.17632617594635 41.432408827372, 2.1765585153159 41.4327042233404, 2.17677023440172 41.4329574605633, 2.17688580261053 41.4331126390301, 2.1771851034063 41.4334732762972, 2.17757940447982 41.433931692172, 2.17762077022412 41.4340084520504, 2.17749080225853 41.4340763667634, 2.17586469545099 41.4348321089287))"
"08","Nou Barris","45","Porta","162","027","POLYGON ((431479.4965 4587746.3545, 431436.0965 4587775.4945, 431399.4825 4587769.2935, 431399.1655 4587768.2135, 431395.2275 4587763.5335, 431377.4555 4587744.1355, 431348.7975 4587709.6875, 431332.4535 4587690.8315, 431326.9895 4587683.4815, 431324.2815 4587678.9055, 431321.8345 4587672.4575, 431313.0415 4587651.8675, 431303.555100001 4587635.0015, 431293.5155 4587621.2115, 431276.9845 4587601.7995, 431263.0555 4587586.5755, 431259.2215 4587581.0175, 431248.4995 4587562.5095, 431236.2895 4587542.5535, 431192.3975 4587463.1555, 431179.2815 4587437.3015, 431162.1435 4587397.1635, 431145.7755 4587357.3455, 431281.2335 4587271.8995, 431292.0205 4587264.2565, 431314.7315 4587297.3295, 431332.1235 4587325.0475, 431386.9927 4587409.6821, 431422.3535 4587387.2295, 431447.1146 4587370.4209, 431470.0115 4587354.1765, 431474.2455 4587369.2375, 431483.3395 4587408.9655, 431489.7255 4587434.6835, 431495.7035 4587456.3195, 431508.9495 4587501.3175, 431518.3235 4587534.9875, 431524.8725 4587560.7375, 431529.5375 4587581.4755, 431540.8275 4587614.0535, 431527.6955 4587617.7735, 431478.3215 4587634.8275, 431450.3415 4587645.0175, 431427.8675 4587652.6475, 431423.8975 4587653.8175, 431409.4315 4587656.4535, 431427.7745 4587679.3455, 431434.7075 4587689.4315, 431463.6035 4587725.5895, 431479.4965 4587746.3545))","POLYGON ((2.17980982268 41.4383665476724, 2.17928706942995 41.4386252960721, 2.17884954546326 41.4385663187537, 2.1788458739526 41.4385565645174, 2.17879927198243 41.4385140770691, 2.1785887647087 41.4383378479708, 2.1782496763556 41.4380251381813, 2.17805620188112 41.4378539117972, 2.17799164011314 41.4377872458448, 2.17795974892802 41.4377457999404, 2.17793119437574 41.4376875159517, 2.17782829416467 41.4375013174896, 2.17771667213413 41.4373486002798, 2.17759807985348 41.4372235400026, 2.17740243456539 41.4370472888505, 2.17723745608595 41.436908979838, 2.17719220094107 41.4368585928345, 2.17706598001613 41.4366909803535, 2.17692211541927 41.4365101987281, 2.17640583578038 41.4357913312425, 2.17625180335633 41.4355573500958, 2.17605126276954 41.4351943733915, 2.17585990341363 41.4348343444738, 2.17749080225853 41.4340763667634, 2.17762077022412 41.4340084520504, 2.17788881708878 41.4343082709714, 2.17809381640141 41.4345594039924, 2.17874088856752 41.4353263662103, 2.17916664356883 41.4351271643927, 2.17946489658235 41.4349778896342, 2.17974077319876 41.4348335365485, 2.17978973869566 41.4349695467244, 2.17989407333158 41.4353281381201, 2.17996758711818 41.4355603154877, 2.18003668105518 41.4357556929322, 2.18019011377706 41.4361621031581, 2.18029849011774 41.4364661558666, 2.18037395381011 41.4366986350667, 2.18042743716571 41.4368858123429, 2.18055887132746 41.4371801929197, 2.18040127811263 41.4372125779228, 2.17980840625891 41.4373619653122, 2.17947236792018 41.4374513547638, 2.17920251865194 41.4375181564668, 2.17915487028866 41.4375283551901, 2.17898143240349 41.4375508611244, 2.17919837586748 41.4377586074266, 2.17928021044599 41.4378500402775, 2.17962195751225 41.4381781687204, 2.17980982268 41.4383665476724))"
"08","Nou Barris","45","Porta","162","028","POLYGON ((431422.3535 4587387.2295, 431386.9927 4587409.6821, 431332.1235 4587325.0475, 431314.7315 4587297.3295, 431292.0875 4587264.4175, 431288.4835 4587255.7675, 431255.0565 4587205.1875, 431347.0475 4587149.1825, 431365.8635 4587179.8855, 431377.8695 4587197.6555, 431386.6055 4587209.4415, 431394.3475 4587218.8135, 431408.3345 4587233.7885, 431420.3485 4587245.9915, 431428.3785 4587254.9015, 431432.5935 4587259.9855, 431438.2015 4587268.1355, 431443.9915 4587277.7425, 431449.1775 4587287.6875, 431454.2695 4587299.5835, 431458.6995 4587312.3515, 431470.0115 4587354.1765, 431447.1146 4587370.4209, 431422.3535 4587387.2295))","POLYGON ((2.17916664356883 41.4351271643927, 2.17874088856752 41.4353263662103, 2.17809381640141 41.4345594039924, 2.17788881708878 41.4343082709714, 2.17762155377777 41.4340099078496, 2.17757940447982 41.433931692172, 2.1771851034063 41.4334732762972, 2.17829240536248 41.432976728951, 2.17851410541497 41.4332548677768, 2.17865577416234 41.4334159415602, 2.1787589877901 41.4335228401229, 2.17885057963658 41.4336079116733, 2.17901627573382 41.4337439807082, 2.17915867421448 41.4338549146444, 2.17925376625067 41.4339358494075, 2.17930363459845 41.4339819990073, 2.17936982665459 41.434055881844, 2.1794380317707 41.4341429028426, 2.17949897002293 41.434232916486, 2.17955856216524 41.4343404940133, 2.17961013272643 41.4344558687926, 2.17974077319876 41.4348335365485, 2.17946489658235 41.4349778896342, 2.17916664356883 41.4351271643927))"
"08","Nou Barris","45","Porta","162","029","POLYGON ((431889.6386 4587659.8478, 431950.338 4587890.4122, 431643.6325 4587844.6065, 431589.8615 4587749.6115, 431574.5175 4587717.5995, 431564.0455 4587693.3515, 431558.4375 4587678.4935, 431550.8815 4587654.0655, 431540.8775 4587614.1695, 431529.5375 4587581.4755, 431524.8725 4587560.7375, 431518.3235 4587534.9875, 431508.9495 4587501.3175, 431495.7035 4587456.3195, 431489.7255 4587434.6835, 431483.3395 4587408.9655, 431474.2455 4587369.2375, 431458.6995 4587312.3515, 431454.2695 4587299.5835, 431449.1775 4587287.6875, 431443.9915 4587277.7425, 431438.2015 4587268.1355, 431432.5935 4587259.9855, 431420.3485 4587245.9915, 431408.3345 4587233.7885, 431394.3475 4587218.8135, 431386.6055 4587209.4415, 431377.8695 4587197.6555, 431365.8635 4587179.8855, 431347.0475 4587149.1825, 431360.5445 4587140.9645, 431377.2165 4587131.3795, 431392.4435 4587124.6515, 431407.1325 4587119.7485, 431436.7195 4587112.5725, 431453.7755 4587110.2705, 431470.9095 4587109.3175, 431495.4475 4587110.2765, 431512.829 4587111.3169, 431521.5908 4587102.8629, 431560.3845 4587045.3345, 431701.0875 4586864.0435, 431700.5225 4586837.4155, 431742.8336 4586836.1023, 431727.4145 4586864.0185, 431720.0785 4586885.8185, 431711.1345 4586949.0095, 431718.3175 4587009.0905, 431889.6386 4587659.8478))","POLYGON ((2.1847284943944 41.4376223073233, 2.18542902070053 41.4397040637788, 2.18176322218543 41.4392654566173, 2.1811303929426 41.43840529252, 2.18095036829598 41.4381156649151, 2.18082777752956 41.437896379738, 2.18076233975644 41.4377620812688, 2.18067467130406 41.4375414232681, 2.18055945661591 41.4371812419514, 2.18042743716571 41.4368858123429, 2.18037395381011 41.4366986350667, 2.18029849011774 41.4364661558666, 2.18019011377706 41.4361621031581, 2.18003668105518 41.4357556929322, 2.17996758711818 41.4355603154877, 2.17989407333158 41.4353281381201, 2.17978973869566 41.4349695467244, 2.17961013272643 41.4344558687926, 2.17955856216524 41.4343404940133, 2.17949897002293 41.434232916486, 2.1794380317707 41.4341429028426, 2.17936982665459 41.434055881844, 2.17930363459845 41.4339819990073, 2.17915867421448 41.4338549146444, 2.17901627573382 41.4337439807082, 2.17885057963658 41.4336079116733, 2.1787589877901 41.4335228401229, 2.17865577416234 41.4334159415602, 2.17851410541497 41.4332548677768, 2.17829240536248 41.432976728951, 2.17845486836567 41.432903866094, 2.17865548397256 41.4328189622292, 2.17883848131607 41.4327596665206, 2.17901483255454 41.4327167616745, 2.17936973726994 41.4326546564541, 2.17957412060091 41.4326353790671, 2.17977928435221 41.4326282579223, 2.18007284068511 41.4326389886688, 2.18028074055575 41.4326498415685, 2.18038655757403 41.4325744465776, 2.18085734514454 41.4320596158628, 2.18256171618703 41.4304387699898, 2.18255796324802 41.4301988930002, 2.18306446233914 41.4301906622422, 2.18287678400245 41.430440783084, 2.18278652891621 41.4306365043476, 2.18267235353477 41.4312048828259, 2.18275152915719 41.4317466216806, 2.1847284943944 41.4376223073233))"
"08","Nou Barris","45","Porta","162","030","POLYGON ((431626.1255 4587813.6635, 431643.6325 4587844.6065, 431637.3165 4587843.6595, 431621.1995 4587842.6685, 431516.5905 4587826.6785, 431394.3685 4587807.0245, 431399.7395 4587776.2455, 431400.0355 4587771.1795, 431399.4825 4587769.2935, 431436.0965 4587775.4945, 431479.4965 4587746.3545, 431463.6035 4587725.5895, 431434.7075 4587689.4315, 431427.7745 4587679.3455, 431409.4315 4587656.4535, 431423.8975 4587653.8175, 431427.8675 4587652.6475, 431450.3415 4587645.0175, 431478.3215 4587634.8275, 431527.6955 4587617.7735, 431540.8275 4587614.0535, 431550.8815 4587654.0655, 431558.4375 4587678.4935, 431565.7895 4587697.5415, 431574.5175 4587717.5995, 431589.8615 4587749.6115, 431626.1255 4587813.6635))","POLYGON ((2.18155718261714 41.4389852739022, 2.18176322218543 41.4392654566173, 2.18168773319276 41.439256389622, 2.18149494117117 41.439246091695, 2.18024469018834 41.4390931604599, 2.17878405270031 41.4389057107351, 2.17885183218213 41.4386289547583, 2.17885595011813 41.4385833524908, 2.17884954546326 41.4385663187537, 2.17928706942995 41.4386252960721, 2.17980982268 41.4383665476724, 2.17962195751225 41.4381781687204, 2.17928021044599 41.4378500402775, 2.17919837586748 41.4377586074266, 2.17898143240349 41.4375508611244, 2.17915487028866 41.4375283551901, 2.17920251865194 41.4375181564668, 2.17947236792018 41.4374513547638, 2.17980840625891 41.4373619653122, 2.18040127811263 41.4372125779228, 2.18055887132746 41.4371801929197, 2.18067467130406 41.4375414232681, 2.18076233975644 41.4377620812688, 2.18084817647196 41.4379342661485, 2.18095036829598 41.4381156649151, 2.1811303929426 41.43840529252, 2.18155718261714 41.4389852739022))"
"08","Nou Barris","45","Porta","163","031","POLYGON ((431395.0905 4587803.0935, 431394.3685 4587807.0245, 431187.5815 4587773.1725, 431190.3335 4587755.6805, 431195.6055 4587756.5595, 431225.5465 4587719.4795, 431239.9035 4587699.8555, 431244.9855 4587695.1415, 431252.1615 4587690.9855, 431296.4365 4587746.2655, 431336.3135 4587695.2845, 431348.7975 4587709.6875, 431377.4555 4587744.1355, 431395.2275 4587763.5335, 431399.1655 4587768.2135, 431400.0355 4587771.1795, 431399.7395 4587776.2455, 431395.0905 4587803.0935))","POLYGON ((2.17879314058894 41.4388703673878, 2.17878405270031 41.4389057107351, 2.17631289301546 41.4385831239652, 2.17634782324436 41.4384258160349, 2.17641082276981 41.4384341846131, 2.1767734016605 41.4381027841656, 2.17694747025391 41.4379272677826, 2.17700883171788 41.4378852457316, 2.1770951921062 41.437848428622, 2.17761882168119 41.4383501040599, 2.17810189513044 41.4378943483694, 2.1782496763556 41.4380251381813, 2.1785887647087 41.4383378479708, 2.17879927198243 41.4385140770691, 2.1788458739526 41.4385565645174, 2.17885595011813 41.4385833524908, 2.17885183218213 41.4386289547583, 2.17879314058894 41.4388703673878))"
"08","Nou Barris","45","Porta","163","032","POLYGON ((431197.8195 4587754.1345, 431195.6055 4587756.5595, 431186.0265 4587754.9625, 431166.9735 4587724.8855, 431142.9055 4587683.6595, 431072.0405 4587567.1495, 431093.5855 4587554.2775, 431131.4415 4587533.7975, 431153.7965 4587520.9575, 431187.8285 4587500.5515, 431207.0465 4587489.6495, 431236.2895 4587542.5535, 431248.4995 4587562.5095, 431259.2215 4587581.0175, 431263.0555 4587586.5755, 431276.9845 4587601.7995, 431293.5155 4587621.2115, 431303.555100001 4587635.0015, 431313.0415 4587651.8675, 431321.8345 4587672.4575, 431324.2815 4587678.9055, 431326.9895 4587683.4815, 431332.4535 4587690.8315, 431336.3135 4587695.2845, 431296.4365 4587746.2655, 431252.1615 4587690.9855, 431244.9855 4587695.1415, 431239.9035 4587699.8555, 431225.5465 4587719.4795, 431197.8195 4587754.1345))","POLYGON ((2.17643759786345 41.4384125332717, 2.17641082276981 41.4384341846131, 2.17629635530921 41.4384189801881, 2.17607173967082 41.4381464550882, 2.17578837324811 41.4377730847432, 2.17495350152858 41.436717643928, 2.17521283066757 41.4366035597821, 2.17566824351645 41.4364223516962, 2.175937261028 41.4363086235669, 2.17634689425624 41.4361277513865, 2.17657814397036 41.4360312077494, 2.17692211541927 41.4365101987281, 2.17706598001613 41.4366909803535, 2.17719220094107 41.4368585928345, 2.17723745608595 41.436908979838, 2.17740243456539 41.4370472888505, 2.17759807985348 41.4372235400026, 2.17771667213413 41.4373486002798, 2.17782829416467 41.4375013174896, 2.17793119437574 41.4376875159517, 2.17795974892802 41.4377457999404, 2.17799164011314 41.4377872458448, 2.17805620188112 41.4378539117972, 2.17810189513044 41.4378943483694, 2.17761882168119 41.4383501040599, 2.1770951921062 41.437848428622, 2.17700883171788 41.4378852457316, 2.17694747025391 41.4379272677826, 2.1767734016605 41.4381027841656, 2.17643759786345 41.4384125332717))"
"08","Nou Barris","45","Porta","163","033","POLYGON ((431189.0685 4587763.7235, 431187.5815 4587773.1725, 431069.0365 4587753.8475, 431069.1985 4587748.4455, 431067.6175 4587741.9235, 431064.2015 4587736.1495, 431058.1075 4587730.9095, 431051.8895 4587728.4015, 431047.9015 4587727.8155, 431042.5435 4587728.1495, 431038.6605 4587729.2275, 431032.8125 4587732.4845, 431002.9995 4587677.8355, 430993.9415 4587662.8775, 430979.4175 4587641.9415, 430955.3535 4587611.4015, 430991.4794 4587592.3506, 431066.3555 4587557.7675, 431142.9055 4587683.6595, 431166.9735 4587724.8855, 431186.0265 4587754.9625, 431190.3335 4587755.6805, 431189.0685 4587763.7235))","POLYGON ((2.17633176675018 41.4384981478617, 2.17631289301546 41.4385831239652, 2.17489625084879 41.438398903346, 2.17489880604523 41.4383502635179, 2.17488062740231 41.4382913866521, 2.17484040074546 41.4382390891981, 2.17476806085788 41.4381913713399, 2.17469392521407 41.4381682488618, 2.17464626064108 41.4381626285441, 2.17458209387784 41.438165176642, 2.17453549612998 41.4381745523024, 2.17446513103252 41.4382033845867, 2.17411454613296 41.4377086209663, 2.17400784200162 41.4375731216709, 2.17383640059103 41.4373833109341, 2.17355187722359 41.4371061802054, 2.17398642815615 41.4369377014623, 2.17488653083111 41.4366326558422, 2.17578837324811 41.4377730847432, 2.17607173967082 41.4381464550882, 2.17629635530921 41.4384189801881, 2.17634782324436 41.4384258160349, 2.17633176675018 41.4384981478617))"
"08","Nou Barris","45","Porta","163","034","POLYGON ((430991.4794 4587592.3506, 430955.3535 4587611.4015, 430912.7115 4587557.8895, 430899.0495 4587538.8655, 430887.0095 4587519.1325, 430933.4555 4587490.9995, 430968.7055 4587467.4355, 430999.9475 4587447.2635, 431036.1515 4587507.0045, 431066.3555 4587557.7675, 430991.4794 4587592.3506))","POLYGON ((2.17398642815615 41.4369377014623, 2.17355187722359 41.4371061802054, 2.17304763150362 41.4366205507178, 2.17288629353905 41.4364480333892, 2.17274445027829 41.4362692697473, 2.17330355052651 41.4360198826826, 2.1737281272558 41.4358106817304, 2.17410434506402 41.4356316852583, 2.17453082785689 41.4361728595586, 2.17488653083111 41.4366326558422, 2.17398642815615 41.4369377014623))"
"08","Nou Barris","45","Porta","163","035","POLYGON ((431093.5855 4587554.2775, 431072.0405 4587567.1495, 431036.1515 4587507.0045, 430999.9475 4587447.2635, 431019.2655 4587436.1175, 431055.7675 4587414.1835, 431104.2135 4587383.5815, 431034.967 4587274.0057, 431077.0055 4587248.1375, 431128.1295 4587329.7015, 431145.7755 4587357.3455, 431162.1435 4587397.1635, 431179.2815 4587437.3015, 431192.3975 4587463.1555, 431207.0465 4587489.6495, 431187.8285 4587500.5515, 431153.7965 4587520.9575, 431131.4415 4587533.7975, 431093.5855 4587554.2775))","POLYGON ((2.17521283066757 41.4366035597821, 2.17495350152858 41.436717643928, 2.17453082785689 41.4361728595586, 2.17410434506402 41.4356316852583, 2.17433682093449 41.4355329571104, 2.17477618949663 41.4353385405448, 2.17535949195775 41.4350670776561, 2.17454324015381 41.434074226321, 2.17504930757952 41.4338448501358, 2.17565186359597 41.4345838522624, 2.17585990341363 41.4348343444738, 2.17605126276954 41.4351943733915, 2.17625180335633 41.4355573500958, 2.17640583578038 41.4357913312425, 2.17657814397036 41.4360312077494, 2.17634689425624 41.4361277513865, 2.175937261028 41.4363086235669, 2.17566824351645 41.4364223516962, 2.17521283066757 41.4366035597821))"
"08","Nou Barris","45","Porta","163","036","POLYGON ((430897.5275 4587512.6135, 430887.0095 4587519.1325, 430855.2085 4587463.8795, 430869.9335 4587454.2155, 430966.8775 4587392.6935, 430933.1575 4587336.2055, 431034.967 4587274.0057, 431104.2135 4587383.5815, 431055.7675 4587414.1835, 431019.2655 4587436.1175, 430999.542 4587447.4975, 430968.7055 4587467.4355, 430933.4555 4587490.9995, 430897.5275 4587512.6135))","POLYGON ((2.17287107948792 41.4362114607949, 2.17274445027829 41.4362692697473, 2.17237016478877 41.43576888977, 2.17254750378413 41.4356831175868, 2.1737147869683 41.4351373520226, 2.17331767466171 41.4346256868865, 2.17454324015381 41.434074226321, 2.17535949195775 41.4350670776561, 2.17477618949663 41.4353385405448, 2.17433682093449 41.4355329571104, 2.17409946520113 41.4356337579652, 2.1737281272558 41.4358106817304, 2.17330355052651 41.4360198826826, 2.17287107948792 41.4362114607949))"
"08","Nou Barris","45","Porta","163","037","POLYGON ((430869.9335 4587454.2155, 430855.2085 4587463.8795, 430842.6095 4587440.2595, 430828.1425 4587419.4985, 430852.0075 4587359.9775, 430860.1015 4587340.9475, 430885.5515 4587278.0375, 430896.2695 4587250.0015, 430909.7855 4587218.7135, 430934.4515 4587158.7195, 430949.0195 4587120.2115, 430962.5515 4587089.5415, 430974.4505 4587059.5145, 431018.7375 4587134.4495, 431086.8065 4587242.1985, 430933.1575 4587336.2055, 430966.8775 4587392.6935, 430869.9335 4587454.2155))","POLYGON ((2.17254750378413 41.4356831175868, 2.17237016478877 41.43576888977, 2.17222207894676 41.4355550686511, 2.17205131015706 41.4353668363513, 2.17234374262816 41.4348328089247, 2.17244278990371 41.4346621099242, 2.17275457279126 41.4340976943609, 2.17288605156325 41.4338461071568, 2.17305138730134 41.4335654709718, 2.1733534435626 41.4330272494383, 2.17353219009748 41.4326816751498, 2.17369764092595 41.4324066053943, 2.17384347373083 41.4321371862887, 2.17436493324695 41.4328159025689, 2.1751672828749 41.4337922008763, 2.17331767466171 41.4346256868865, 2.1737147869683 41.4351373520226, 2.17254750378413 41.4356831175868))"
"08","Nou Barris","46","el Turó de la Peira","164","038","POLYGON ((430795.0095 4587245.9095, 430782.1345 4587245.9935, 430767.0825 4587218.8165, 430768.5815 4587217.4435, 430831.7655 4587135.6535, 430841.9705 4587121.6555, 430858.0955 4587102.2635, 430906.0415 4587038.8235, 430920.7965 4587020.5135, 430933.7935 4587003.5035, 430937.37 4586997.8431, 430942.3361 4586987.0432, 430984.5255 4586858.5465, 431042.6715 4586856.2255, 431042.5305 4586890.3595, 431025.8695 4586932.5715, 430991.6035 4587015.9525, 430962.5515 4587089.5415, 430949.0195 4587120.2115, 430934.4515 4587158.7195, 430909.7855 4587218.7135, 430898.2525 4587245.4115, 430795.0095 4587245.9095))","POLYGON ((2.17167464398261 41.4338005326632, 2.17152054693827 41.4338001796488, 2.17134351843043 41.4335541094424, 2.17136161560036 41.4335418725822, 2.17212715606862 41.4328106656276, 2.1722508888891 41.4326854698145, 2.17244608723347 41.4325122018338, 2.1730271436455 41.4319449480568, 2.17320581844436 41.43178130603, 2.17336330483135 41.4316292211481, 2.17340675355764 41.4315785476083, 2.17346741949366 41.4314817039955, 2.17398699378436 41.4303280088457, 2.17468311071086 41.4303120986012, 2.17467752942878 41.4306195187039, 2.17447332426389 41.4309982758091, 2.17405372839671 41.4317463137744, 2.17369764092595 41.4324066053943, 2.17353219009748 41.4326816751498, 2.1733534435626 41.4330272494383, 2.17305138730134 41.4335654709718, 2.17291030883904 41.4338049374085, 2.17167464398261 41.4338005326632))"
"08","Nou Barris","46","el Turó de la Peira","164","039","POLYGON ((430835.9455 4587399.9755, 430828.1425 4587419.4985, 430822.6355 4587411.8275, 430814.1415 4587402.6755, 430797.7595 4587388.6795, 430782.9895 4587378.7975, 430771.0755 4587372.1635, 430757.8595 4587366.8095, 430746.9485 4587363.1195, 430723.5575 4587358.7675, 430706.2595 4587357.0615, 430688.8015 4587356.2425, 430680.0355 4587356.4415, 430656.9215 4587358.6285, 430641.4055 4587361.6875, 430623.3425 4587366.4905, 430607.853 4587349.5079, 430635.6175 4587327.5115, 430733.1335 4587247.8915, 430757.8515 4587227.2705, 430767.0825 4587218.8165, 430782.1345 4587245.9935, 430898.2525 4587245.4115, 430885.5515 4587278.0375, 430872.4355 4587310.5775, 430860.1015 4587340.9475, 430852.0075 4587359.9775, 430835.9455 4587399.9755))","POLYGON ((2.17214693270111 41.4351916723099, 2.17205131015706 41.4353668363513, 2.17198627912287 41.4352972722529, 2.17188566870611 41.4352141119914, 2.17169120806158 41.4350866439179, 2.17151556968151 41.4349963676658, 2.17137374078627 41.4349355908336, 2.17121618297085 41.4348862300325, 2.17108602129025 41.4348520547951, 2.17080657324611 41.4348108405543, 2.17059974399963 41.4347939828917, 2.17039089823816 41.4347850999125, 2.17028596276457 41.4347861356095, 2.17000908043012 41.4348038375707, 2.16982303178909 41.434830048876, 2.16960629993891 41.4348717473753, 2.1694228692997 41.4347174534751, 2.16975768271879 41.4345217390883, 2.17093388770882 41.4338130493975, 2.17123207412443 41.4336294555372, 2.17134351843043 41.4335541094424, 2.17152054693827 41.4338001796488, 2.17291030883904 41.4338049374085, 2.17275457279126 41.4340976943609, 2.1725938784148 41.4343896407836, 2.17244278990371 41.4346621099242, 2.17234374262816 41.4348328089247, 2.17214693270111 41.4351916723099))"
"08","Nou Barris","46","el Turó de la Peira","164","040","POLYGON ((430635.6175 4587327.5115, 430607.853 4587349.5079, 430594.5757 4587334.1021, 430592.0474 4587328.0661, 430573.3732 4587276.6893, 430640.8895 4587233.5555, 430618.4255 4587197.0205, 430614.9555 4587190.6615, 430620.4025 4587186.6665, 430797.5685 4587016.4625, 430855.7105 4587105.1325, 430841.9705 4587121.6555, 430831.7655 4587135.6535, 430768.5815 4587217.4435, 430757.8515 4587227.2705, 430733.1335 4587247.8915, 430635.6175 4587327.5115))","POLYGON ((2.16975768271879 41.4345217390883, 2.1694228692997 41.4347174534751, 2.1692657342514 41.4345775520966, 2.16923616853392 41.4345229696992, 2.16901857610602 41.4340586248199, 2.16983156102657 41.4336759693506, 2.16956690758671 41.4333449724427, 2.16952610910906 41.4332873996212, 2.16959175660555 41.4332518887841, 2.17173154053186 41.4317342119892, 2.17241721601191 41.4325378364952, 2.1722508888891 41.4326854698145, 2.17212715606862 41.4328106656276, 2.17136161560036 41.4335418725822, 2.17123207412443 41.4336294555372, 2.17093388770882 41.4338130493975, 2.16975768271879 41.4345217390883))"
"08","Nou Barris","46","el Turó de la Peira","164","041","POLYGON ((430585.7075 4587208.5795, 430574.0695 4587215.6605, 430555.2905 4587184.1585, 430552.6785 4587185.6875, 430537.3695 4587160.4395, 430529.2375 4587157.7445, 430507.9535 4587122.7215, 430500.1535 4587106.7715, 430504.7635 4587104.5715, 430601.5875 4587045.9315, 430633.7365 4587026.9155, 430662.3235 4587008.5255, 430676.8015 4587034.3235, 430710.8065 4587099.9195, 430620.4025 4587186.6665, 430614.9555 4587190.6615, 430585.7075 4587208.5795))","POLYGON ((2.16917401544787 41.4334462526505, 2.16903391984266 41.4335090224756, 2.16881279432886 41.4332236726782, 2.16878135864189 41.4332372179227, 2.16860104462575 41.4330084951089, 2.16850403223543 41.432983518915, 2.16825333643161 41.4326662390969, 2.16816182211367 41.4325219087436, 2.16821724620941 41.4325024931187, 2.16938274051527 41.4319827176908, 2.16976966968677 41.4318142251983, 2.17011389662989 41.431651062019, 2.17028420416353 41.4318846644415, 2.17068364280278 41.4324783967513, 2.16959175660555 41.4332518887841, 2.16952610910906 41.4332873996212, 2.16917401544787 41.4334462526505))"
"08","Nou Barris","46","el Turó de la Peira","164","042","POLYGON ((430858.0955 4587102.2635, 430855.7105 4587105.1325, 430797.5685 4587016.4625, 430710.8035 4587099.9155, 430676.8015 4587034.3235, 430648.9915 4586984.5175, 430741.3615 4586982.5475, 430790.9639 4586981.8307, 430804.56 4586983.2199, 430805.5373 4586979.2413, 430812.4175 4586965.4755, 430822.8826 4586942.5017, 430841.3205 4586909.5585, 430845.3755 4586901.4905, 430862.6495 4586860.9295, 430890.8105 4586860.6615, 430984.5255 4586858.5465, 430942.3361 4586987.0432, 430937.37 4586997.8431, 430933.7935 4587003.5035, 430920.7965 4587020.5135, 430906.0415 4587038.8235, 430858.0955 4587102.2635))","POLYGON ((2.17244608723347 41.4325122018338, 2.17241721601191 41.4325378364952, 2.17173154053186 41.4317342119892, 2.1706836073582 41.432478360466, 2.17028420416353 41.4318846644415, 2.16995709970516 41.4314336801409, 2.17106276507547 41.4314239076532, 2.17165646478951 41.431421727483, 2.17181901734486 41.4314354109399, 2.17183116865041 41.4313996614021, 2.17191508321362 41.4312762707933, 2.17204295343777 41.4310702559339, 2.17226737728887 41.430775136853, 2.17231682811703 41.4307028205799, 2.17252819193741 41.4303389900903, 2.17286523436484 41.4303389998519, 2.17398699378436 41.4303280088457, 2.17346741949366 41.4314817039955, 2.17340675355764 41.4315785476083, 2.17336330483135 41.4316292211481, 2.17320581844436 41.43178130603, 2.1730271436455 41.4319449480568, 2.17244608723347 41.4325122018338))"
"08","Nou Barris","46","el Turó de la Peira","164","043","POLYGON ((430685.6635 4586983.7355, 430648.9915 4586984.5175, 430600.6035 4586890.7115, 430590.0345 4586872.2185, 430612.0585 4586869.1495, 430814.2795 4586861.3885, 430862.6495 4586860.9295, 430845.3755 4586901.4905, 430841.3205 4586909.5585, 430822.8826 4586942.5017, 430812.4175 4586965.4755, 430805.5373 4586979.2413, 430804.56 4586983.2199, 430790.9639 4586981.8307, 430685.6635 4586983.7355))","POLYGON ((2.17039606214964 41.4314298026421, 2.16995709970516 41.4314336801409, 2.1693887855515 41.4305846260853, 2.169264426011 41.4304171534812, 2.16952834671674 41.4303914151285, 2.1719492800777 41.4303389591018, 2.17252819193741 41.4303389900903, 2.17231682811703 41.4307028205799, 2.17226737728887 41.430775136853, 2.17204295343777 41.4310702559339, 2.17191508321362 41.4312762707933, 2.17183116865041 41.4313996614021, 2.17181901734486 41.4314354109399, 2.17165646478951 41.431421727483, 2.17039606214964 41.4314298026421))"
"08","Nou Barris","46","el Turó de la Peira","165","044","POLYGON ((430586.9105 4587055.0455, 430547.1055 4587078.7815, 430543.0515 4587072.0815, 430530.0625 4587054.7535, 430516.9015 4587040.7095, 430497.9215 4587025.1735, 430480.5035 4587014.4115, 430475.0575 4587011.9795, 430508.4085 4586961.5385, 430552.8795 4586898.0655, 430566.9075 4586873.4785, 430590.0345 4586872.2185, 430600.6035 4586890.7115, 430650.5575 4586987.5575, 430662.3235 4587008.5255, 430633.7365 4587026.9155, 430601.5875 4587045.9315, 430586.9105 4587055.0455))","POLYGON ((2.16920604519367 41.4320635356167, 2.16872694635145 41.4322738753567, 2.16867919935057 41.4322131804808, 2.16852574305996 41.4320559905275, 2.16836985156998 41.4319283632005, 2.16814449291351 41.4317867942708, 2.16793727947604 41.4316883576645, 2.16787238389923 41.4316659821799, 2.16827731274364 41.4312145660246, 2.16881681053394 41.4306467357337, 2.1689875129281 41.4304265029121, 2.169264426011 41.4304171534812, 2.1693887855515 41.4305846260853, 2.16997549205366 41.4314611954676, 2.17011389662989 41.431651062019, 2.16976966968677 41.4318142251983, 2.16938274051527 41.4319827176908, 2.16920604519367 41.4320635356167))"
"08","Nou Barris","46","el Turó de la Peira","165","045","POLYGON ((430508.4085 4586961.5385, 430475.0575 4587011.9795, 430449.4095 4587002.4025, 430425.2255 4586994.2045, 430413.5715 4586961.2075, 430407.4935 4586946.1455, 430404.4101 4586934.6594, 430402.887 4586919.137, 430399.269 4586909.544, 430388.8279 4586879.4814, 430566.9075 4586873.4785, 430552.8795 4586898.0655, 430508.4085 4586961.5385))","POLYGON ((2.16827731274364 41.4312145660246, 2.16787238389923 41.4316659821799, 2.16756654211372 41.4315775052798, 2.16727806288821 41.4315015745075, 2.16714239209793 41.4312033738278, 2.16707138794935 41.4310671896718, 2.16703581000204 41.4309634716915, 2.16701936962855 41.4308235355272, 2.16697717615638 41.4307368216141, 2.16685568553131 41.4304651546823, 2.1689875129281 41.4304265029121, 2.16881681053394 41.4306467357337, 2.16827731274364 41.4312145660246))"
"08","Nou Barris","46","el Turó de la Peira","165","046","POLYGON ((430093.0363 4587163.7909, 430082.2491 4587167.4696, 430078.5325 4587150.6015, 430077.967 4587104.4079, 430084.4523 4587066.2773, 430087.6145 4587050.2425, 430095.3267 4587032.9397, 430101.9149 4587019.446, 430121.5275 4586984.4855, 430158.0017 4586938.404, 430200.0464 4586916.6842, 430247.3716 4586890.3449, 430284.7309 4586877.3274, 430304.8392 4586872.8824, 430321.3493 4586873.5174, 430342.704 4586881.1383, 430388.8279 4586879.4814, 430399.269 4586909.544, 430402.887 4586919.137, 430404.4101 4586934.6594, 430407.4935 4586946.1455, 430325.0395 4586949.2575, 430311.6895 4586950.4495, 430260.2455 4586964.4755, 430233.3035 4586972.4195, 430217.7995 4586978.8055, 430201.6315 4586986.9055, 430192.1315 4586993.6255, 430184.4675 4587001.1015, 430175.2215 4587010.6715, 430162.5535 4587025.6005, 430152.5755 4587039.6755, 430141.8975 4587055.7935, 430133.9455 4587068.7275, 430121.7135 4587098.6855, 430113.1515 4587121.3335, 430103.2455 4587158.1035, 430102.4235 4587159.4475, 430101.2295 4587160.5655, 430098.9855 4587161.6675, 430093.0363 4587163.7909))","POLYGON ((2.163282970933 41.4330001263047, 2.16315344651483 41.4330323198412, 2.16311091843043 41.4328800721015, 2.16310949456834 41.4324639757221, 2.16319151923575 41.4321211133288, 2.16323121791979 41.4319769695935, 2.16332551550691 41.4318218015047, 2.16340592064388 41.4317008425485, 2.16364467697947 41.4313876739247, 2.16408650600298 41.430975808758, 2.16459218041161 41.4307838421034, 2.16516157849661 41.4305507257779, 2.16561017125117 41.4304367258491, 2.16585132620339 41.4303984365759, 2.16604883455048 41.4304055882193, 2.16630351479695 41.4304760789495, 2.16685568553131 41.4304651546823, 2.16697717615638 41.4307368216141, 2.16701936962855 41.4308235355272, 2.16703581000204 41.4309634716915, 2.16707138794935 41.4310671896718, 2.16608426615005 41.431088069658, 2.16592436340005 41.4310976473209, 2.1653070921531 41.431219508732, 2.16498374791052 41.4312887173613, 2.16479746696415 41.4313448866412, 2.16460304136435 41.4314164352289, 2.1644885740665 41.4314761339542, 2.16439599160236 41.4315428011514, 2.16428423442062 41.431628190562, 2.16413090481506 41.4317615486877, 2.16400986606271 41.4318874489071, 2.16388021339746 41.4320316885901, 2.16378355196007 41.4321474882454, 2.1636337004836 41.4324162437798, 2.1635286145408 41.4326194802262, 2.16340581014572 41.4329497907652, 2.16339581720686 41.4329618240923, 2.16338139838718 41.432971789551, 2.16335441524461 41.4329815195149, 2.163282970933 41.4330001263047))"
"08","Nou Barris","46","el Turó de la Peira","165","047","POLYGON ((430253.5655 4587289.1155, 430224.2852 4587298.7318, 430220.1963 4587286.5617, 430221.858 4587283.582, 430216.1942 4587265.6478, 430195.6089805 4587272.4309405, 430190.206427 4587256.033885, 430198.8540555 4587253.701839, 430199.622799 4587251.477801, 430192.3268 4587244.2422, 430188.5172 4587238.3738, 430187.1398 4587237.6402, 430178.4478 4587235.7412, 430170.2172 4587234.9632, 430167.0388 4587234.3738, 430159.0328 4587231.2558, 430155.5718 4587230.6218, 430136.668044 4587234.901144, 430151.6055 4587282.7465, 430110.4555 4587295.4879, 430082.2491 4587167.4696, 430098.9855 4587161.6675, 430101.2295 4587160.5655, 430102.4235 4587159.4475, 430103.2455 4587158.1035, 430113.1515 4587121.3335, 430121.7135 4587098.6855, 430133.9455 4587068.7275, 430141.8975 4587055.7935, 430152.5755 4587039.6755, 430162.5535 4587025.6005, 430175.2215 4587010.6715, 430184.4675 4587001.1015, 430192.1315 4586993.6255, 430201.6315 4586986.9055, 430217.7995 4586978.8055, 430233.3035 4586972.4195, 430260.2455 4586964.4755, 430311.6895 4586950.4495, 430325.0395 4586949.2575, 430407.4935 4586946.1455, 430413.5715 4586961.2075, 430425.2255 4586994.2045, 430449.4095 4587002.4025, 430475.0575 4587011.9795, 430480.5035 4587014.4115, 430497.9215 4587025.1735, 430516.9015 4587040.7095, 430530.0625 4587054.7535, 430543.0515 4587072.0815, 430547.1055 4587078.7815, 430504.7635 4587104.5715, 430500.1535 4587106.7715, 430507.9535 4587122.7215, 430529.2375 4587157.7445, 430537.3695 4587160.4395, 430521.252615 4587166.4025575, 430517.1335 4587166.8787, 430517.7075 4587172.0777, 430509.854244 4587173.9431895, 430494.6788 4587189.8138, 430488.2418 4587196.0612, 430459.1008 4587214.7492, 430446.4538 4587218.8552, 430413.9708 4587230.1642, 430369.4138 4587243.5978, 430376.5675 4587266.2265, 430327.7015 4587282.4435, 430302.9795 4587290.9715, 430298.0435 4587274.9335, 430253.5655 4587289.1155))","POLYGON ((2.16518968782108 41.43414283194, 2.16483815103045 41.4342268986451, 2.16479062016267 41.434116932168, 2.16481085139852 41.434090239587, 2.16474513786561 41.4339282213138, 2.16449799139609 41.4339875253554, 2.16443522777599 41.433839374061, 2.16453899141541 41.4338191219102, 2.16454844854442 41.4337991577071, 2.16446196624126 41.4337333553998, 2.16441705109645 41.4336801699285, 2.1644006512336 41.4336734429534, 2.16429684554167 41.4336555837924, 2.16419843238039 41.4336478610534, 2.16416046169316 41.4336422761975, 2.16406500696291 41.4336134974351, 2.1640236593342 41.4336074862641, 2.16379692647691 41.4336443843525, 2.16397016701384 41.4340766074966, 2.16347621115001 41.4341877840964, 2.16315344651483 41.4330323198412, 2.16335441524461 41.4329815195149, 2.16338139838718 41.432971789551, 2.16339581720686 41.4329618240923, 2.16340581014572 41.4329497907652, 2.1635286145408 41.4326194802262, 2.1636337004836 41.4324162437798, 2.16378355196007 41.4321474882454, 2.16388021339746 41.4320316885901, 2.16400986606271 41.4318874489071, 2.16413090481506 41.4317615486877, 2.16428423442062 41.431628190562, 2.16439599160236 41.4315428011514, 2.1644885740665 41.4314761339542, 2.16460304136435 41.4314164352289, 2.16479746696415 41.4313448866412, 2.16498374791052 41.4312887173613, 2.1653070921531 41.431219508732, 2.16592436340005 41.4310976473209, 2.16608426615005 41.431088069658, 2.16707138794935 41.4310671896718, 2.16714239209793 41.4312033738278, 2.16727806288821 41.4315015745075, 2.16756654211372 41.4315775052798, 2.16787238389923 41.4316659821799, 2.16793727947604 41.4316883576645, 2.16814449291351 41.4317867942708, 2.16836985156998 41.4319283632005, 2.16852574305996 41.4320559905275, 2.16867919935057 41.4322131804808, 2.16872694635145 41.4322738753567, 2.16821724620941 41.4325024931187, 2.16816182211367 41.4325219087436, 2.16825333643161 41.4326662390969, 2.16850403223543 41.432983518915, 2.16860104462575 41.4330084951089, 2.16840747548738 41.4330608079143, 2.16835812396514 41.433064739985, 2.16836439581167 41.4331116150028, 2.16827019498556 41.4331277372702, 2.16808675288453 41.4332693644322, 2.16800899734068 41.4333250751985, 2.16765809181984 41.4334908678989, 2.16750626144343 41.4335267538262, 2.16711620635872 41.4336257956634, 2.1665814045914 41.4337429248477, 2.16666441279338 41.4339473527834, 2.16607771667233 41.4340891749889, 2.16578086054011 41.4341638381473, 2.16572363612012 41.4340189618912, 2.16518968782108 41.43414283194))"
"08","Nou Barris","47","Can Peguera","166","048","POLYGON ((430377.1575 4587455.2915, 430358.4815 4587462.0785, 430311.3925 4587318.3115, 430302.9795 4587290.9715, 430327.7015 4587282.4435, 430376.5675 4587266.2265, 430369.4138 4587243.5978, 430413.9708 4587230.1642, 430446.4538 4587218.8552, 430459.1008 4587214.7492, 430488.2418 4587196.0612, 430494.6788 4587189.8138, 430509.8542 4587173.9432, 430517.707489 4587172.0777025, 430517.133511 4587166.8787985, 430521.2525 4587166.4026, 430537.3695 4587160.4395, 430552.6785 4587185.6875, 430555.2905 4587184.1585, 430574.0695 4587215.6605, 430614.9555 4587190.6615, 430618.4255 4587197.0205, 430640.8895 4587233.5555, 430573.3732 4587276.6893, 430592.0474 4587328.0661, 430594.5757 4587334.1021, 430607.853 4587349.5079, 430623.3455 4587366.4935, 430377.1575 4587455.2915))","POLYGON ((2.16664969315345 41.4356502371333, 2.16642539144006 41.4357097455379, 2.16587839483628 41.4344108087039, 2.16578086054011 41.4341638381473, 2.16607771667233 41.4340891749889, 2.16666441279338 41.4339473527834, 2.1665814045914 41.4337429248477, 2.16711620635872 41.4336257956634, 2.16750626144343 41.4335267538262, 2.16765809181984 41.4334908678989, 2.16800899734068 41.4333250751985, 2.16808675288453 41.4332693644322, 2.16827019445777 41.433127737361, 2.16836439567974 41.4331116150243, 2.16835812408546 41.4330647408731, 2.16840747410619 41.4330608082872, 2.16860104462575 41.4330084951089, 2.16878135864189 41.4332372179227, 2.16881279432886 41.4332236726782, 2.16903391984266 41.4335090224756, 2.16952610910906 41.4332873996212, 2.16956690758671 41.4333449724427, 2.16983156102657 41.4336759693506, 2.16901857610602 41.4340586248199, 2.16923616853392 41.4345229696992, 2.1692657342514 41.4345775520966, 2.1694228692997 41.4347174534751, 2.16960633549896 41.4348717746543, 2.16664969315345 41.4356502371333))"
"08","Nou Barris","47","Can Peguera","166","049","POLYGON ((430115.7348075 4587584.455642, 430101.1666895 4587556.916548, 430178.5875 4587527.7335, 430138.8005 4587407.653, 430119.6225 4587337.0935, 430110.4555 4587295.4879, 430151.6055 4587282.7465, 430136.6678 4587234.9012, 430156.1228 4587230.5978, 430159.0328 4587231.2558, 430167.0388 4587234.3738, 430170.2172 4587234.9632, 430178.4478 4587235.7412, 430187.1398 4587237.6402, 430188.5172 4587238.3738, 430192.3268 4587244.2422, 430199.622799 4587251.477801, 430198.8542 4587253.7018, 430190.2063 4587256.0335, 430195.6088 4587272.431, 430216.1942 4587265.6478, 430221.858 4587283.582, 430220.1963 4587286.5617, 430224.2852 4587298.7318, 430298.0435 4587274.9335, 430311.3925 4587318.3115, 430358.4815 4587462.0785, 430566.8975 4587386.7015, 430486.7087 4587474.9777, 430481.036 4587469.429, 430479.206 4587471.329, 430476.065 4587473.729, 430473.752 4587474.996, 430470.038 4587476.35, 430466.141 4587477.01, 430458.0862 4587476.9418, 430450.5402 4587477.3468, 430443.0652 4587478.4652, 430435.7318 4587480.2872, 430350.1168 4587510.9252, 430290.6389 4587532.6604, 430285.7221 4587532.6056, 430228.0608 4587540.9378, 430216.4772 4587543.9436, 430197.7070275 4587550.3340545, 430176.016737 4587551.819484, 430115.7348075 4587584.455642))","POLYGON ((2.16350597798388 41.4367908585527, 2.16333480520475 41.4365415572336, 2.16426478302248 41.4362854526886, 2.16380247832729 41.4352004760338, 2.16358111113451 41.4345633066211, 2.16347621115001 41.4341877840964, 2.16397016701384 41.4340766074966, 2.16379692355027 41.4336443848356, 2.16403025641886 41.4336073180248, 2.16406500696291 41.4336134974351, 2.16416046169316 41.4336422761975, 2.16419843238039 41.4336478610534, 2.16429684554167 41.4336555837924, 2.1644006512336 41.4336734429534, 2.16441705109645 41.4336801699285, 2.16446196624126 41.4337333553998, 2.16454844854442 41.4337991577071, 2.16453899314929 41.4338191215715, 2.16443522630053 41.4338393705825, 2.164497989229 41.4339875258756, 2.16474513786561 41.4339282213138, 2.16481085139852 41.434090239587, 2.16479062016267 41.434116932168, 2.16483815103045 41.4342268986451, 2.16572363612012 41.4340189618912, 2.16587839483628 41.4344108087039, 2.16642539144006 41.4357097455379, 2.16892843598607 41.4350489016883, 2.16795856847832 41.4358370333351, 2.16789131410181 41.4357865673345, 2.16786919352181 41.435803521457, 2.16783132494699 41.4358248653773, 2.16780349646618 41.435836076491, 2.1677588903502 41.4358479498707, 2.16771217386787 41.4358535568051, 2.16761577928811 41.4358522450665, 2.16752541973538 41.4358552392373, 2.16743582781429 41.4358646647967, 2.16734784959036 41.4358804395974, 2.16631965052021 41.4361489627549, 2.16560528981491 41.4363395620357, 2.1655464498908 41.4363386416422, 2.16485537426883 41.436408678519, 2.16471638984945 41.4364347440059, 2.16449100242707 41.4364906688808, 2.16423123212699 41.4365021618401, 2.16350597798388 41.4367908585527))"
"08","Nou Barris","48","la Guineueta","167","050","POLYGON ((430498.99189 4587497.6384695, 430490.5078 4587498.6852, 430488.613615 4587484.54751, 430486.7087 4587474.9777, 430566.8975 4587386.7015, 430615.9855 4587368.9595, 430623.3425 4587366.4905, 430641.4055 4587361.6875, 430656.9215 4587358.6285, 430680.0355 4587356.4415, 430688.8015 4587356.2425, 430706.2595 4587357.0615, 430723.5575 4587358.7675, 430746.9485 4587363.1195, 430757.8595 4587366.8095, 430771.0755 4587372.1635, 430782.9895 4587378.7975, 430797.7595 4587388.6795, 430814.1415 4587402.6755, 430822.6355 4587411.8275, 430828.1425 4587419.4985, 430820.0865 4587437.0005, 430806.4098605 4587438.407363, 430749.0019265 4587445.742441, 430748.7519145 4587443.839011, 430721.0172 4587447.5058, 430720.9232 4587447.0338, 430718.4052 4587447.4482, 430719.7498 4587458.6392, 430720.9818 4587465.4878, 430650.0242 4587474.6458, 430649.5658 4587471.7612, 430639.3980105 4587472.946087, 430640.5668895 4587482.6690135, 430580.888997 4587489.929476, 430580.5804 4587487.5734, 430498.99189 4587497.6384695))","POLYGON ((2.16810297145419 41.4360421930667, 2.16800131044494 41.436050886231, 2.16798026634732 41.4359233897088, 2.16795856847832 41.4358370333351, 2.16892843598607 41.4350489016883, 2.16951796682918 41.4348933490926, 2.16960629993891 41.4348717473753, 2.16982303178909 41.434830048876, 2.17000908043012 41.4348038375707, 2.17028596276457 41.4347861356095, 2.17039089823816 41.4347850999125, 2.17059974399963 41.4347939828917, 2.17080657324611 41.4348108405543, 2.17108602129025 41.4348520547951, 2.17121618297085 41.4348862300325, 2.17137374078627 41.4349355908336, 2.17151556968151 41.4349963676658, 2.17169120806158 41.4350866439179, 2.17188566870611 41.4352141119914, 2.17198627912287 41.4352972722529, 2.17205131015706 41.4353668363513, 2.17195289047001 41.4355237761436, 2.17178904363914 41.4355352689072, 2.17110112926862 41.4355963845972, 2.17109835517219 41.435579219584, 2.17076599799375 41.435609852737, 2.17076492708422 41.4356055935077, 2.17073474343639 41.4356091086154, 2.17074955305008 41.4357100175891, 2.1707635128836 41.4357718065431, 2.16991321916813 41.43584816439, 2.16990806391735 41.4358221443422, 2.16978623655064 41.435831938006, 2.1697991101445 41.435919609546, 2.16908403095553 41.4359798450202, 2.16908060820783 41.435958598096, 2.16810297145419 41.4360421930667))"
"08","Nou Barris","48","la Guineueta","167","051","POLYGON ((429968.674 4587877.654, 429964.549896 4587862.970017, 429972.3321 4587858.4305, 429978.7535 4587851.2395, 429982.2995 4587844.3575, 429988.1335 4587834.3255, 429994.0435 4587825.3375, 430002.1995 4587814.1875, 430014.9715 4587798.8415, 430023.8275 4587789.2475, 430028.5755 4587784.5535, 430038.6215 4587775.7495, 430129.7239595 4587703.0049515, 430112.745 4587682.648, 430084.97195 4587648.4480165, 430094.0089835 4587642.0629835, 430091.792006 4587639.2709955, 430117.2500335 4587619.159, 430087.251 4587562.162, 430101.1666895 4587556.916548, 430115.7347 4587584.4557, 430176.0165 4587551.8195, 430197.7066 4587550.3342, 430216.4772 4587543.9436, 430228.0608 4587540.9378, 430285.721872 4587532.605633, 430290.6389 4587532.6604, 430350.1168 4587510.9252, 430435.7318 4587480.2872, 430443.0652 4587478.4652, 430450.5402 4587477.3468, 430458.0862 4587476.9418, 430466.141 4587477.01, 430470.038 4587476.35, 430473.752 4587474.996, 430476.065 4587473.729, 430479.206 4587471.329, 430481.036 4587469.429, 430486.7087 4587474.9777, 430488.6136 4587484.5474, 430475.6202 4587500.8001, 430459.6321 4587521.8188, 430441.6732 4587546.3939, 430422.6894 4587576.0061, 430406.4306 4587602.3003, 430406.899578 4587607.5330535, 430403.8836 4587607.9153, 430403.151633 4587601.7395765, 430390.6537 4587620.8615, 430377.4701 4587639.7201, 430373.8177 4587649.7175, 430374.9115 4587656.8315, 430355.3886 4587659.4428, 430342.3575 4587668.1535, 430331.6235 4587677.1155, 430317.3155 4587687.3845, 430272.8575 4587715.2495, 430289.4655 4587738.7815, 430307.4975 4587766.3715, 430319.7315 4587788.5115, 430341.1555 4587831.8055, 430350.7315 4587855.5775, 430223.5465 4587872.5065, 430066.0025 4587894.5995, 430057.6435 4587889.9355, 430046.4855 4587885.1875, 430040.9795 4587883.9795, 430033.4315 4587883.1415, 430025.8015 4587883.0055, 430018.1895 4587883.5755, 430010.6935 4587884.8395, 430007.3475 4587885.8075, 430000.7695 4587888.1615, 429994.3935 4587891.0555, 429988.1577 4587894.596, 429985.7745 4587896.2957, 429981.246 4587900.112, 429976.3223 4587904.8559, 429968.674 4587877.654))","POLYGON ((2.16171190324247 41.4394187628906, 2.16166424406348 41.4392861506668, 2.16175791486451 41.4392459438757, 2.16183560547155 41.439181737535, 2.16187884473565 41.4391200634436, 2.16194983373497 41.4390302180939, 2.1620216112129 41.4389497821978, 2.16212052102708 41.4388500698146, 2.1622751646855 41.4387129680449, 2.16238227171824 41.4386273306838, 2.16243964321941 41.438585467528, 2.16256090121796 41.4385070488949, 2.16365969943075 41.4378598010241, 2.16345883818593 41.4376749767419, 2.16313038950076 41.4373645338625, 2.16323928865706 41.4373078132646, 2.16321307760008 41.4372824739696, 2.16352009966772 41.4371035493822, 2.16316764934348 41.4365875894717, 2.16333480520475 41.4365415572336, 2.16350597669056 41.4367908590658, 2.16423122928863 41.4365021619636, 2.16449099729376 41.4364906701541, 2.16471638984945 41.4364347440059, 2.16485537426883 41.436408678519, 2.1655464471582 41.4363386419196, 2.16560528981491 41.4363395620357, 2.16631965052021 41.4361489627549, 2.16734784959036 41.4358804395974, 2.16743582781429 41.4358646647967, 2.16752541973538 41.4358552392373, 2.16761577928811 41.4358522450665, 2.16771217386787 41.4358535568051, 2.1677588903502 41.4358479498707, 2.16780349646618 41.435836076491, 2.16783132494699 41.4358248653773, 2.16786919352181 41.435803521457, 2.16789131410181 41.4357865673345, 2.16795856847832 41.4358370333351, 2.16798026618045 41.4359233887167, 2.16782288701432 41.4360686455142, 2.167629116973 41.4362565682244, 2.16741134907108 41.4364763509592, 2.16718073324276 41.436741411604, 2.16698311189562 41.4369768240292, 2.16698812223527 41.4370239939871, 2.16695198137802 41.4370271753422, 2.16694393207764 41.4369714896369, 2.16679214755878 41.4371426298396, 2.16663218611327 41.4373113387317, 2.16658732012469 41.4374010646112, 2.16659959169586 41.4374652323871, 2.16636562870099 41.4374870583175, 2.16620866033148 41.4375643817765, 2.16607915579045 41.4376441676759, 2.16590672422508 41.4377354149063, 2.16537140613087 41.437982524408, 2.16556746757737 41.4381959095688, 2.1657801058065 41.4384459667538, 2.16592397883272 41.4386464344893, 2.16617540785279 41.4390382248518, 2.16628728182002 41.4392531603022, 2.16476305748554 41.4393945905378, 2.16287486280591 41.4395798669073, 2.1627753539153 41.4395371321012, 2.16264235372291 41.4394933968086, 2.16257659242284 41.4394820371438, 2.16248634766561 41.4394738319456, 2.16239504017756 41.4394719421533, 2.16230386636595 41.4394764125061, 2.16221400055331 41.4394871434674, 2.16217384024037 41.4394955701765, 2.16209483562076 41.4395161982427, 2.16201818611962 41.4395417074211, 2.16194313969838 41.4395730515287, 2.16191441825244 41.4395881522136, 2.16185977443185 41.4396221291517, 2.1618002929018 41.4396644261045, 2.16171190324247 41.4394187628906))"
"08","Nou Barris","48","la Guineueta","167","052","POLYGON ((430352.1535 4587855.3885, 430350.7315 4587855.5775, 430341.1555 4587831.8055, 430319.7315 4587788.5115, 430307.4975 4587766.3715, 430289.4655 4587738.7815, 430272.8575 4587715.2495, 430317.3155 4587687.3845, 430331.6235 4587677.1155, 430342.3575 4587668.1535, 430355.3886 4587659.4428, 430374.9115 4587656.8315, 430380.6955 4587702.8455, 430384.6875 4587729.5095, 430401.3445 4587848.5265, 430352.1535 4587855.3885))","POLYGON ((2.16630432344001 41.4392515814016, 2.16628728182002 41.4392531603022, 2.16617540785279 41.4390382248518, 2.16592397883272 41.4386464344893, 2.1657801058065 41.4384459667538, 2.16556746757737 41.4381959095688, 2.16537140613087 41.437982524408, 2.16590672422508 41.4377354149063, 2.16607915579045 41.4376441676759, 2.16620866033148 41.4375643817765, 2.16636562870099 41.4374870583175, 2.16659959169586 41.4374652323871, 2.16666351673397 41.4378801634515, 2.16670822382328 41.4381206614533, 2.1668938780844 41.4391940434688, 2.16630432344001 41.4392515814016))"
"08","Nou Barris","48","la Guineueta","167","053","POLYGON ((430503.7785 4587834.2375, 430401.3445 4587848.5265, 430384.6875 4587729.5095, 430380.6955 4587702.8455, 430374.9115 4587656.8315, 430438.8075 4587647.9635, 430477.4605 4587642.9555, 430496.3035 4587783.7795, 430500.2815 4587808.8115, 430503.7785 4587834.2375))","POLYGON ((2.16812154742148 41.4390742204935, 2.1668938780844 41.4391940434688, 2.16670822382328 41.4381206614533, 2.16666351673397 41.4378801634515, 2.16659959169586 41.4374652323871, 2.16736535916908 41.4373908995104, 2.16782855776066 41.4373491419008, 2.1680378839148 41.4386191185319, 2.16808261670143 41.4388449160398, 2.16812154742148 41.4390742204935))"
"08","Nou Barris","48","la Guineueta","167","054","POLYGON ((430504.2135 4587834.1765, 430503.7785 4587834.2375, 430500.2815 4587808.8115, 430496.3035 4587783.7795, 430477.4605 4587642.9555, 430615.0095 4587623.1115, 430623.2875 4587623.0945, 430631.0975 4587624.6135, 430636.0695 4587625.9695, 430742.3508 4587668.1175, 430759.6445 4587798.5445, 430504.2135 4587834.1765))","POLYGON ((2.16812676091494 41.4390737087404, 2.16812154742148 41.4390742204935, 2.16808261670143 41.4388449160398, 2.1680378839148 41.4386191185319, 2.16782855776066 41.4373491419008, 2.16947710518899 41.4371823118215, 2.16957618296624 41.4371828739397, 2.1696694831286 41.4371972296893, 2.1697288352241 41.4372098721443, 2.17099604061282 41.4375986562359, 2.17118807736525 41.4387748523496, 2.16812676091494 41.4390737087404))"
"08","Nou Barris","48","la Guineueta","167","055","POLYGON ((430865.8625 4587783.7285, 430759.6445 4587798.5445, 430742.3508 4587668.1175, 430759.0515 4587665.3075, 430817.2335 4587657.0675, 430849.0575 4587653.4955, 430903.2815 4587645.1235, 430934.275500001 4587641.4715, 430960.7975 4587637.5535, 430974.8345 4587635.9875, 430987.7415 4587653.6235, 430993.9415 4587662.8775, 431002.9995 4587677.8355, 431032.8125 4587732.4845, 431028.9735 4587736.2515, 431026.7395 4587739.6095, 431025.1355 4587743.3105, 431024.2135 4587747.2375, 431024.0015 4587751.2675, 431024.6565 4587755.8835, 430892.1245 4587780.0635, 430865.8625 4587783.7285))","POLYGON ((2.17246108206476 41.438650562713, 2.17118807736525 41.4387748523496, 2.17099604061282 41.4375986562359, 2.17119624746242 41.4375747879159, 2.17189355079597 41.4375055882823, 2.17227484949142 41.437476157857, 2.17292479401692 41.4374054222217, 2.17329616690658 41.4373751964515, 2.17361404622626 41.4373421892456, 2.17378222851992 41.4373292916159, 2.17393469321752 41.4374892416363, 2.17400784200162 41.4375731216709, 2.17411454613296 41.4377086209663, 2.17446513103252 41.4382033845867, 2.1744187529349 41.4382369827645, 2.17439163137566 41.4382670350841, 2.1743720109752 41.4383002307823, 2.17436052747528 41.4383355205559, 2.1743575300552 41.4383717989992, 2.17436484269681 41.4384134297937, 2.17277582716853 41.4386198141788, 2.17246108206476 41.438650562713))"
"08","Nou Barris","48","la Guineueta","168","056","POLYGON ((430620.1795 4587998.1285, 430551.8925 4588013.1365, 430551.2975 4587990.2415, 430550.2495 4587970.8255, 430550.0075 4587959.7855, 430546.4335 4587876.8135, 430544.7795 4587847.0195, 430543.2835 4587828.7265, 430865.9645 4587783.7145, 430871.3155 4587822.8195, 430875.9135 4587851.3915, 430879.5245 4587879.8475, 430882.8245 4587902.0525, 430854.5675 4587909.8775, 430838.2905 4587914.9455, 430834.2595 4587916.4595, 430820.0035 4587922.8275, 430805.8815 4587929.4815, 430799.7415 4587932.9415, 430782.9255 4587943.9925, 430766.5695 4587955.5735, 430758.3095 4587960.5035, 430745.3715 4587967.0515, 430728.0855 4587974.4995, 430715.3955 4587977.7615, 430697.7055 4587981.7895, 430648.7395 4587992.4115, 430620.1795 4587998.1285))","POLYGON ((2.1694959217807 41.4405603874279, 2.16867685664201 41.4406896548408, 2.16867236669174 41.4404833973264, 2.16866205483678 41.4403084345761, 2.1686604273312 41.4402089808023, 2.1686271874421 41.4394613761609, 2.16861081559866 41.4391928904703, 2.16859501289602 41.439028003338, 2.17246230448918 41.4386504454025, 2.17252187587367 41.4390031095434, 2.17257364024053 41.4392608422079, 2.17261360485919 41.4395174451103, 2.17265056247886 41.4397177209136, 2.17231145767743 41.4397857647361, 2.17211605721715 41.4398300083424, 2.17206763660278 41.4398432971183, 2.17189627646108 41.4398994230252, 2.17172648713149 41.4399581361105, 2.17165260065404 41.4399887698132, 2.17145006238731 41.4400868523397, 2.17125296858023 41.4401897476669, 2.17115353859107 41.440233437947, 2.17099793135356 41.4402912973434, 2.17079017876341 41.4403568873556, 2.17063791609065 41.4403851719588, 2.17042571959151 41.4404199238652, 2.16983841812559 41.4405113640641, 2.1694959217807 41.4405603874279))"
"08","Nou Barris","48","la Guineueta","168","057","POLYGON ((430822.6095 4588282.5815, 430812.1675 4588302.4515, 430653.2755 4588224.8135, 430682.5185 4588172.7015, 430644.5065 4588137.1255, 430586.8455 4588082.1575, 430571.1295 4588066.2975, 430566.5195 4588058.7955, 430561.2875 4588048.0675, 430556.0975 4588035.1035, 430552.0295 4588018.9555, 430551.8925 4588013.1365, 430620.1795 4587998.1285, 430648.7395 4587992.4115, 430697.7055 4587981.7895, 430715.3955 4587977.7615, 430728.0855 4587974.4995, 430745.3715 4587967.0515, 430758.3095 4587960.5035, 430766.5695 4587955.5735, 430782.9255 4587943.9925, 430799.7415 4587932.9415, 430805.8815 4587929.4815, 430820.0035 4587922.8275, 430834.2595 4587916.4595, 430838.2905 4587914.9455, 430854.5675 4587909.8775, 430882.8245 4587902.0525, 430879.5245 4587879.8475, 430875.9135 4587851.3915, 430871.3155 4587822.8195, 430865.9645 4587783.7145, 430892.1245 4587780.0635, 431024.6565 4587755.8835, 431024.0015 4587751.2675, 431024.2135 4587747.2375, 431025.1355 4587743.3105, 431026.7395 4587739.6095, 431028.9735 4587736.2515, 431032.8055 4587732.4895, 431038.6605 4587729.2275, 431042.5435 4587728.1495, 431047.9015 4587727.8155, 431051.8895 4587728.4015, 431058.1075 4587730.9095, 431064.2015 4587736.1495, 431067.6175 4587741.9235, 431069.1985 4587748.4455, 431069.0365 4587753.8475, 431067.8365 4587758.4395, 431066.4695 4587761.4335, 431064.2155 4587764.7775, 431061.4055 4587767.6685, 431058.1275 4587770.0135, 431055.7335 4587771.2375, 431052.5515 4587772.3485, 431088.0855 4587822.0785, 431078.2355 4587834.1915, 431020.6075 4587914.0185, 431008.9475 4587929.5705, 431000.0475 4587939.8935, 430991.0365 4587949.2645, 430981.6315 4587957.9785, 430966.4625 4587970.9345, 430954.3285 4587982.7865, 430941.9425 4587996.7255, 430930.1475 4588013.0415, 430920.8075 4588029.7065, 430912.8395 4588046.7255, 430907.6925 4588060.7385, 430901.4265 4588086.2435, 430892.1855 4588150.1795, 430887.9135 4588162.2975, 430879.8995 4588177.9735, 430854.7175 4588224.8655, 430832.2295 4588264.8675, 430822.6095 4588282.5815))","POLYGON ((2.17188627452668 41.4431398091495, 2.17175901147558 41.4433178704864, 2.1698660341458 41.4426049073998, 2.17022203961843 41.4421380808925, 2.16977113985332 41.4418143794122, 2.16908728662316 41.4413143217502, 2.16890099928126 41.4411701182564, 2.16884668297754 41.4411021521109, 2.16878529267345 41.4410050768644, 2.16872466226876 41.4408878664668, 2.16867782754524 41.4407420760803, 2.16867685664201 41.4406896548408, 2.1694959217807 41.4405603874279, 2.16983841812559 41.4405113640641, 2.17042571959151 41.4404199238652, 2.17063791609065 41.4403851719588, 2.17079017876341 41.4403568873556, 2.17099793135356 41.4402912973434, 2.17115353859107 41.440233437947, 2.17125296858023 41.4401897476669, 2.17145006238731 41.4400868523397, 2.17165260065404 41.4399887698132, 2.17172648713149 41.4399581361105, 2.17189627646108 41.4398994230252, 2.17206763660278 41.4398432971183, 2.17211605721715 41.4398300083424, 2.17231145767743 41.4397857647361, 2.17265056247886 41.4397177209136, 2.17261360485919 41.4395174451103, 2.17257364024053 41.4392608422079, 2.17252187587367 41.4390031095434, 2.17246230448918 41.4386504454025, 2.17277582716853 41.4386198141788, 2.17436484269681 41.4384134297937, 2.1743575300552 41.4383717989992, 2.17436052747528 41.4383355205559, 2.1743720109752 41.4383002307823, 2.17439163137566 41.4382670350841, 2.1744187529349 41.4382369827645, 2.17446504668043 41.4382034290186, 2.17453549612998 41.4381745523024, 2.17458209387784 41.438165176642, 2.17464626064108 41.4381626285441, 2.17469392521407 41.4381682488618, 2.17476806085788 41.4381913713399, 2.17484040074546 41.4382390891981, 2.17488062740231 41.4382913866521, 2.17489880604523 41.4383502635179, 2.17489625084879 41.438398903346, 2.17488136441918 41.4384401587076, 2.17486466148126 41.4384670071595, 2.17483730224917 41.4384969317744, 2.17480334000409 41.4385227286511, 2.17476383861343 41.4385435677239, 2.17473504555971 41.4385543862705, 2.17469683394464 41.4385641194004, 2.17511646306826 41.4390150687334, 2.17499718747647 41.4391233204358, 2.17429832786114 41.4398373426594, 2.17415699265051 41.4399764116858, 2.17404928877727 41.4400686221511, 2.17394036476021 41.4401522486783, 2.17382679967201 41.4402299238881, 2.17364375940457 41.4403453094604, 2.17349717113052 41.4404510124344, 2.17334732759547 41.440575490332, 2.17320428555823 41.4407214275736, 2.17309058750227 41.4408707191577, 2.17299327030095 41.4410233170174, 2.17293006184495 41.4411490836915, 2.17285214508816 41.4413782579375, 2.17273422268266 41.4419533088818, 2.17268170287818 41.442062083187, 2.17258398595878 41.4422025808149, 2.17227720289622 41.4426227500776, 2.17200345097758 41.4429810950748, 2.17188627452668 41.4431398091495))"
"08","Nou Barris","48","la Guineueta","168","058","POLYGON ((430682.5185 4588172.7015, 430653.2755 4588224.8135, 430635.0735 4588215.2375, 430619.7055 4588206.2475, 430599.8725 4588193.8675, 430582.1135 4588184.1575, 430502.6275 4588145.5575, 430429.9865 4588112.7495, 430387.9895 4588091.0305, 430394.4035 4588080.2975, 430402.6955 4588063.7365, 430408.5375 4588047.0155, 430399.0135 4588001.4735, 430391.7455 4587975.3055, 430384.5655 4587946.7135, 430371.5795 4587907.5915, 430357.6049 4587870.949, 430350.7315 4587855.5775, 430543.2835 4587828.7265, 430544.7795 4587847.0195, 430546.4335 4587876.8135, 430550.0075 4587959.7855, 430550.2495 4587970.8255, 430551.2975 4587990.2415, 430552.0295 4588018.9555, 430556.0975 4588035.1035, 430561.2875 4588048.0675, 430566.5195 4588058.7955, 430571.1295 4588066.2975, 430586.8455 4588082.1575, 430644.5065 4588137.1255, 430682.5185 4588172.7015))","POLYGON ((2.17022203961843 41.4421380808925, 2.1698660341458 41.4426049073998, 2.16964926360663 41.4425170878224, 2.16946634801715 41.4424347906156, 2.16923037842405 41.442321574814, 2.16901892758295 41.4422325854706, 2.16807196076155 41.4418780544395, 2.16720626764723 41.4415762750204, 2.16670609257326 41.4413770207108, 2.16678410044094 41.4412809090394, 2.16688525778662 41.4411324696833, 2.16695710840752 41.4409823768248, 2.16684835965451 41.440571373016, 2.16676438246554 41.4403350584172, 2.16668173844881 41.4400769193997, 2.16653081627524 41.4397234374226, 2.16636777740429 41.439392201347, 2.16628728182002 41.4392531603022, 2.16859501289602 41.439028003338, 2.16861081559866 41.4391928904703, 2.1686271874421 41.4394613761609, 2.1686604273312 41.4402089808023, 2.16866205483678 41.4403084345761, 2.16867236669174 41.4404833973264, 2.16867782754524 41.4407420760803, 2.16872466226876 41.4408878664668, 2.16878529267345 41.4410050768644, 2.16884668297754 41.4411021521109, 2.16890099928126 41.4411701182564, 2.16908728662316 41.4413143217502, 2.16977113985332 41.4418143794122, 2.17022203961843 41.4421380808925))"
"08","Nou Barris","48","la Guineueta","168","059","POLYGON ((430394.4035 4588080.2975, 430387.9895 4588091.0305, 430288.254 4588039.4366, 430132.904 4587961.3256, 430123.8435 4587956.0335, 430116.5235 4587949.9415, 430109.3095 4587941.0115, 430105.3254 4587934.8766, 430099.2686 4587936.1414, 430100.6595 4587956.1815, 430100.0295 4587968.7995, 430097.1795 4587980.0535, 430028.739 4587956.2709, 429956.6029 4587936.737, 429959.6569 4587928.8818, 429965.7806 4587917.3933, 429968.1914 4587913.9023, 429972.1143 4587909.2109, 429978.705 4587902.4853, 429985.7745 4587896.2957, 429991.3015 4587892.6975, 430000.7695 4587888.1615, 430010.6935 4587884.8395, 430018.1895 4587883.5755, 430025.8015 4587883.0055, 430033.4315 4587883.1415, 430040.9795 4587883.9795, 430046.4855 4587885.1875, 430057.6435 4587889.9355, 430066.0025 4587894.5995, 430223.5465 4587872.5065, 430350.7315 4587855.5775, 430357.6049 4587870.949, 430371.5795 4587907.5915, 430384.5655 4587946.7135, 430391.7455 4587975.3055, 430399.0135 4588001.4735, 430408.5375 4588047.0155, 430402.6955 4588063.7365, 430394.4035 4588080.2975))","POLYGON ((2.16678410044094 41.4412809090394, 2.16670609257326 41.4413770207108, 2.16551827871508 41.4409036821874, 2.16366789038927 41.4401866655032, 2.16356005636703 41.4401382132878, 2.16347314722051 41.4400827080922, 2.16338783523278 41.4400016513668, 2.1633408589628 41.4399460500559, 2.16326821843835 41.4399569143213, 2.16328254775594 41.4401375282913, 2.16327354741975 41.4402511185444, 2.16323813337951 41.4403522305394, 2.16242171429784 41.44013206915, 2.16156057546254 41.4399498458994, 2.16159803955418 41.4398793638035, 2.16167266603555 41.4397764258311, 2.16170192559128 41.4397451941239, 2.16174942258928 41.4397032827854, 2.16182908617375 41.4396432828886, 2.16191441825244 41.4395881522136, 2.16198098777478 41.4395562266449, 2.16209483562076 41.4395161982427, 2.16221400055331 41.4394871434674, 2.16230386636595 41.4394764125061, 2.16239504017756 41.4394719421533, 2.16248634766561 41.4394738319456, 2.16257659242284 41.4394820371438, 2.16264235372291 41.4394933968086, 2.1627753539153 41.4395371321012, 2.16287486280591 41.4395798669073, 2.16476305748554 41.4393945905378, 2.16628728182002 41.4392531603022, 2.16636777740429 41.439392201347, 2.16653081627524 41.4397234374226, 2.16668173844881 41.4400769193997, 2.16676438246554 41.4403350584172, 2.16684835965451 41.440571373016, 2.16695710840752 41.4409823768248, 2.16688525778662 41.4411324696833, 2.16678410044094 41.4412809090394))"
"08","Nou Barris","49","Canyelles","169","060","POLYGON ((430208.9195 4588234.2395, 430203.3715 4588245.0925, 430180.8715 4588234.5135, 430145.7955 4588217.1575, 430072.2335 4588179.6875, 430079.2215 4588164.1635, 430099.2155 4588123.4895, 430028.289 4588088.7255, 430030.8782 4588054.3443, 430026.735 4588040.804, 430025.1257 4588029.7434, 430011.9343 4588028.3909, 430004.0024 4588025.819, 429997.6475 4588023.1539, 429990.8806 4588019.7742, 429984.8943 4588015.8259, 429979.5017 4588011.3482, 429974.2725 4588006.3265, 429969.2986 4588000.5914, 429964.5786 4587993.7276, 429960.9808 4587986.4205, 429958.1379 4587979.4034, 429956.0792 4587972.4459, 429954.3567 4587957.7103, 429954.4434 4587951.2312, 429955.0925 4587943.7712, 429956.6029 4587936.737, 430028.739 4587956.2709, 430097.1795 4587980.0535, 430100.0295 4587968.7995, 430100.6595 4587956.1815, 430099.2686 4587936.1414, 430105.3254 4587934.8766, 430109.3095 4587941.0115, 430116.5235 4587949.9415, 430123.8435 4587956.0335, 430132.904 4587961.3256, 430288.254 4588039.4366, 430266.4525 4588084.1175, 430259.0975 4588097.0475, 430252.1615 4588108.4675, 430246.3155 4588119.5375, 430241.7435 4588130.0655, 430238.5455 4588138.3995, 430234.8815 4588150.1675, 430230.8515 4588167.7235, 430222.9485 4588197.1875, 430218.6515 4588210.8695, 430214.0375 4588223.3355, 430208.9195 4588234.2395))","POLYGON ((2.16454620115956 41.4426512991839, 2.16447854012952 41.4427485653459, 2.16421044729503 41.4426513283193, 2.16379260996096 41.4424919589559, 2.16291644483844 41.4421480785722, 2.16300188415832 41.4420088689982, 2.16324590721216 41.441644276234, 2.16240098807523 41.4413249932678, 2.1624359607869 41.4410155618061, 2.16238793799105 41.4408932489051, 2.1623699569493 41.4407934904448, 2.16221222296719 41.4407801592764, 2.1621175823665 41.4407563037973, 2.16204182806285 41.4407317463214, 2.16196122531372 41.4407007167687, 2.16189003168264 41.4406646340877, 2.1618260055875 41.4406238350546, 2.16176399838646 41.4405781506569, 2.16170512969019 41.4405260631984, 2.16164943089218 41.4404638321284, 2.16160721535528 41.4403977063054, 2.16157400177628 41.4403342582288, 2.16155016753036 41.4402714153461, 2.16153125908296 41.4401385476945, 2.16153304794355 41.4400802007136, 2.16154168192066 41.440013068238, 2.16156057546254 41.4399498458994, 2.16242171429784 41.44013206915, 2.16323813337951 41.4403522305394, 2.16327354741975 41.4402511185444, 2.16328254775594 41.4401375282913, 2.16326821843835 41.4399569143213, 2.1633408589628 41.4399460500559, 2.16338783523278 41.4400016513668, 2.16347314722051 41.4400827080922, 2.16356005636703 41.4401382132878, 2.16366789038927 41.4401866655032, 2.16551827871508 41.4409036821874, 2.16525217413085 41.4413042114784, 2.16516264723645 41.4414200278263, 2.16507830950894 41.4415222805509, 2.16500705854176 41.4416214756028, 2.16495111894187 41.4417158997292, 2.16491187848931 41.4417906827607, 2.16486666364221 41.4418963539033, 2.16481639939389 41.4420541233417, 2.16471840171429 41.4423188065821, 2.16466538838395 41.4424416612195, 2.16460872097397 41.4425535362664, 2.16454620115956 41.4426512991839))"
"08","Nou Barris","49","Canyelles","169","061","POLYGON ((430264.6144 4588403.2485, 430255.9435 4588420.3895, 430154.3915 4588370.9935, 430127.4035 4588357.2735, 430117.3195 4588352.8695, 430109.0795 4588349.9155, 430100.8215 4588348.1715, 430092.8095 4588346.8635, 429983.3985 4588349.8915, 429979.2195 4588341.1735, 429979.9295 4588331.3215, 430000.1955 4588281.8015, 430001.5675 4588267.7975, 430001.1935 4588258.2995, 429998.1635 4588245.6415, 429992.4855 4588233.9435, 429986.6195 4588226.7655, 429976.9975 4588218.6415, 429966.8395 4588212.0295, 429953.7615 4588207.5655, 429943.4435 4588205.8475, 429920.5515 4588205.6435, 429904.9615 4588207.0415, 429880.2935 4588210.6655, 429852.4695 4588216.7215, 429844.6575 4588216.3895, 429833.9695 4588212.4395, 429826.2135 4588207.9435, 429834.3192 4588196.4702, 429839.1799 4588187.9799, 429856.2302005 4588180.2599005, 429864.3509 4588176.2349, 429944.5872 4588127.7022, 429964.567058 4588115.93709, 429971.1833 4588123.2703, 430028.289 4588088.7255, 430099.2155 4588123.4895, 430079.2215 4588164.1635, 430072.2335 4588179.6875, 430145.7955 4588217.1575, 430180.8715 4588234.5135, 430203.3715 4588245.0925, 430198.6635 4588254.0015, 430195.5135 4588261.0635, 430192.3635 4588269.9895, 430190.6735 4588278.5355, 430191.1095 4588289.8715, 430193.0395 4588297.4155, 430195.7775 4588304.1795, 430199.1275 4588310.1555, 430288.0677 4588354.8856, 430264.6144 4588403.2485))","POLYGON ((2.16519333449034 41.4441783326822, 2.16508756611822 41.4443319612937, 2.16387771352659 41.4438782434357, 2.1635562599995 41.4437523247274, 2.1634360664239 41.4437117820359, 2.16333777744521 41.4436844592954, 2.16323913308411 41.4436680328663, 2.16314338287411 41.4436555546427, 2.16183341097791 41.4436732919817, 2.16178439996197 41.4435944081713, 2.16179404041986 41.4435057372987, 2.16204235670957 41.443061498831, 2.16206040170698 41.442935490329, 2.16205702562487 41.4428499132364, 2.1620222245317 41.4427356437768, 2.16195561694892 41.4426297897247, 2.16188623546891 41.4425646289759, 2.16177200624696 41.4424906203834, 2.16165118634887 41.4424301828708, 2.16149516668456 41.4423888366105, 2.1613718645882 41.4423724630414, 2.1610978824947 41.4423686278498, 2.16091111582819 41.4423798580873, 2.16061543160963 41.4424103438627, 2.16028168896598 41.4424624571263, 2.16018822169272 41.442458784354, 2.16006075033568 41.442422274375, 2.15996843711166 41.4423811029418, 2.16006679082236 41.4422784762399, 2.1601259568939 41.4422024324964, 2.16033093620856 41.4421343915448, 2.16042860381118 41.4420988495072, 2.1613946158609 41.4416687410587, 2.16163512604962 41.4415645207521, 2.16171346815536 41.4416311450003, 2.16240098807523 41.4413249932678, 2.16324590721216 41.441644276234, 2.16300188415832 41.4420088689982, 2.16291644483844 41.4421480785722, 2.16379260996096 41.4424919589559, 2.16421044729503 41.4426513283193, 2.16447854012952 41.4427485653459, 2.16442115797439 41.4428283956968, 2.16438263774581 41.4428917263198, 2.16434390204559 41.4429718452006, 2.16432268582513 41.4430486685171, 2.16432659461232 41.4431508050597, 2.16434882428515 41.4432189185416, 2.16438081563235 41.4432800771374, 2.16442022353771 41.4433341917458, 2.1654796480448 41.4437447850259, 2.16519333449034 41.4441783326822))"
"08","Nou Barris","49","Canyelles","169","062","POLYGON ((430421.6875 4588415.9655, 430417.9775 4588418.5775, 430408.2905 4588414.7935, 430392.7575 4588407.4655, 430360.3195 4588391.4915, 430326.2745 4588374.0135, 430199.1275 4588310.1555, 430195.7775 4588304.1795, 430193.0395 4588297.4155, 430191.1095 4588289.8715, 430190.6735 4588278.5355, 430192.3635 4588269.9895, 430195.5135 4588261.0635, 430198.6635 4588254.0015, 430208.9195 4588234.2395, 430214.0375 4588223.3355, 430218.6515 4588210.8695, 430222.9485 4588197.1875, 430230.8515 4588167.7235, 430234.8815 4588150.1675, 430238.5455 4588138.3995, 430241.7435 4588130.0655, 430246.3155 4588119.5375, 430252.1615 4588108.4675, 430259.0975 4588097.0475, 430266.4525 4588084.1175, 430288.254 4588039.4366, 430429.9865 4588112.7495, 430502.6275 4588145.5575, 430458.8095 4588232.9775, 430461.8415 4588262.4895, 430467.4105 4588285.2125, 430467.7575 4588288.4895, 430463.7635 4588296.4675, 430468.4815 4588306.2825, 430475.7835 4588310.0915, 430447.7095 4588366.5335, 430421.6875 4588415.9655))","POLYGON ((2.16707201062524 41.4443064981092, 2.1670273015243 41.4443297017668, 2.16691178527841 41.4442947811747, 2.16672670172353 41.4442274342677, 2.16634026511087 41.4440807498751, 2.1659347682573 41.4439203788272, 2.16442022353771 41.4433341917458, 2.16438081563235 41.4432800771374, 2.16434882428515 41.4432189185416, 2.16432659461232 41.4431508050597, 2.16432268582513 41.4430486685171, 2.16434390204559 41.4429718452006, 2.16438263774581 41.4428917263198, 2.16442115797439 41.4428283956968, 2.16454620115956 41.4426512991839, 2.16460872097397 41.4425535362664, 2.16466538838395 41.4424416612195, 2.16471840171429 41.4423188065821, 2.16481639939389 41.4420541233417, 2.16486666364221 41.4418963539033, 2.16491187848931 41.4417906827607, 2.16495111894187 41.4417158997292, 2.16500705854176 41.4416214756028, 2.16507830950894 41.4415222805509, 2.16516264723645 41.4414200278263, 2.16525217413085 41.4413042114784, 2.16551827871508 41.4409036821874, 2.16720626764723 41.4415762750204, 2.16807196076155 41.4418780544395, 2.16753742141219 41.4426616166242, 2.16757031606296 41.4429276817712, 2.16763435944022 41.4431328208822, 2.16763813572558 41.4431623655342, 2.16758941056002 41.4432338741942, 2.16764475378156 41.443322682511, 2.16773171810642 41.4433576209913, 2.16738918222983 41.4438635392741, 2.16707201062524 41.4443064981092))"
"08","Nou Barris","49","Canyelles","169","063","POLYGON ((430632.2235 4588387.9775, 430493.0195 4588319.0875, 430468.4815 4588306.2825, 430463.7635 4588296.4675, 430467.7575 4588288.4895, 430467.4105 4588285.2125, 430461.8415 4588262.4895, 430458.8095 4588232.9775, 430502.6275 4588145.5575, 430582.1135 4588184.1575, 430599.8725 4588193.8675, 430619.7055 4588206.2475, 430635.0735 4588215.2375, 430653.2755 4588224.8135, 430701.3355 4588248.4695, 430632.2235 4588387.9775))","POLYGON ((2.16959531472077 41.4440726408661, 2.16793699276893 41.4434401367152, 2.16764475378156 41.443322682511, 2.16758941056002 41.4432338741942, 2.16763813572558 41.4431623655342, 2.16763435944022 41.4431328208822, 2.16757031606296 41.4429276817712, 2.16753742141219 41.4426616166242, 2.16807196076155 41.4418780544395, 2.16901892758295 41.4422325854706, 2.16923037842405 41.442321574814, 2.16946634801715 41.4424347906156, 2.16964926360663 41.4425170878224, 2.1698660341458 41.4426049073998, 2.17043857800316 41.4428221172416, 2.16959531472077 41.4440726408661))"
"08","Nou Barris","49","Canyelles","169","064","POLYGON ((429800.857 4589111.9856, 429763.2357355 4589112.026026, 429764.9425 4589103.7925, 429769.0635 4589094.2435, 429771.6226 4589089.8888, 429785.0565 4589075.4285, 429793.3895 4589049.8935, 429793.9265 4589028.3905, 429788.1205 4589009.4885, 429788.5495 4588998.9195, 429788.3575 4588987.0348, 429776.3895 4588972.9095, 429764.9315 4588951.6815, 429753.0895 4588931.5655, 429745.7935 4588921.5795, 429731.1195 4588891.9215, 429696.4015 4588841.4525, 429673.4705 4588813.5835, 429662.5395 4588801.4335, 429640.3415 4588783.7055, 429631.9535 4588778.0315, 429624.9595 4588774.9715, 429612.1295 4588773.9995, 429600.9515 4588774.3935, 429591.6985 4588773.2215, 429587.2075 4588771.1315, 429586.2755 4588767.2915, 429587.2075 4588762.4695, 429588.9515 4588759.3875, 429593.3215 4588754.0715, 429604.4645 4588747.0695, 429618.7695 4588737.2935, 429622.5255 4588732.3015, 429626.4155 4588724.8335, 429628.5115 4588717.0675, 429632.4015 4588690.7815, 429632.1035 4588679.1935, 429625.9615 4588666.4455, 429617.3675 4588653.2995, 429608.758500001 4588630.5075, 429603.3695 4588617.6635, 429599.7795 4588612.5855, 429589.0035 4588607.8055, 429553.0575 4588599.2775, 429515.6115 4588589.1955, 429499.3615 4588588.2335, 429490.3275 4588588.3895, 429484.5655 4588586.9895, 429478.1795 4588583.4155, 429473.8345 4588578.6005, 429473.8175 4588574.5555, 429474.6435 4588569.6655, 429476.6995 4588567.0945, 429479.9635 4588564.1395, 429483.9415 4588562.9755, 429490.0975 4588562.5955, 429500.4675 4588563.0895, 429506.8655 4588562.1855, 429519.7815 4588556.9375, 429527.7615 4588552.4615, 429538.1355 4588547.3845, 429548.9675 4588540.3815, 429557.8935 4588533.3975, 429567.0625 4588524.4655, 429574.3975 4588517.9995, 429580.5655 4588513.1075, 429591.1635 4588511.3135, 429612.6715 4588505.6815, 429620.5405 4588503.0575, 429625.0395 4588499.3675, 429639.9795 4588482.1915, 429650.6375 4588467.8155, 429656.1735 4588458.0295, 429659.9115 4588447.8895, 429661.4645 4588436.2435, 429662.1295 4588417.2675, 429662.9875 4588412.0075, 429666.3315 4588407.3495, 429677.8835 4588398.5375, 429688.0915 4588388.8445, 429691.7795 4588383.7615, 429697.4375 4588372.8615, 429702.7075 4588354.9955, 429704.1455 4588331.1175, 429708.4515 4588317.4315, 429713.3295 4588306.5475, 429720.7715 4588278.8995, 429739.6155 4588245.6355, 429744.2295 4588236.4475, 429749.2915 4588223.9595, 429754.7395 4588214.5435, 429760.9395 4588208.0135, 429781.6735 4588191.3735, 429803.3159 4588179.5079, 429807.9195 4588189.5455, 429813.5435 4588197.3735, 429824.2335 4588206.7955, 429833.9695 4588212.4395, 429844.6575 4588216.3895, 429852.4695 4588216.7215, 429880.2935 4588210.6655, 429904.9615 4588207.0415, 429920.5515 4588205.6435, 429943.4435 4588205.8475, 429953.7615 4588207.5655, 429966.8395 4588212.0295, 429976.9975 4588218.6415, 429986.6195 4588226.7655, 429992.4855 4588233.9435, 429998.1635 4588245.6415, 430001.1935 4588258.2995, 430001.5675 4588267.7975, 430000.1955 4588281.8015, 429979.9295 4588331.3215, 429979.2195 4588341.1735, 429983.3985 4588349.8915, 430092.8095 4588346.8635, 430109.0795 4588349.9155, 430117.3195 4588352.8695, 430127.4035 4588357.2735, 430154.3915 4588370.9935, 430255.9435 4588420.3895, 430264.6144 4588403.2485, 430288.0677 4588354.8856, 430326.2745 4588374.0135, 430360.3195 4588391.4915, 430392.7575 4588407.4655, 430408.2905 4588414.7935, 430417.9775 4588418.5775, 430421.6875 4588415.9655, 430447.7095 4588366.5335, 430475.7835 4588310.0915, 430493.0195 4588319.0875, 430632.2045 4588388.0105, 430701.3355 4588248.4695, 430812.1675 4588302.4515, 430788.4915 4588349.5535, 430770.8545 4588397.2135, 430759.3535 4588436.5095, 430729.2675 4588425.4435, 430712.9802 4588469.8202, 430666.5902 4588455.1401, 430627.5302 4588557.8802, 430568.710033 4588711.1057135, 430523.5902 4588696.7802, 430485.8825 4588769.7845, 430482.1275 4588767.5395, 430477.4175 4588765.2595, 430471.4555 4588763.7895, 430463.6655 4588762.9335, 430415.1555 4588761.8055, 430404.6315 4588760.2615, 430399.9215 4588759.2315, 430395.2855 4588757.6875, 430390.6495 4588755.5575, 430383.5845 4588751.5875, 430376.5935 4588746.2955, 430372.4715 4588742.1775, 430365.1855 4588732.8415, 430362.6095 4588728.5075, 430361.3575 4588725.2715, 430360.8435 4588722.9935, 430360.6225 4588719.9055, 430360.8175 4588711.3935, 430363.7855 4588689.3995, 430364.4175 4588682.5205, 430364.5215 4588677.4185, 430363.7855 4588666.9795, 430361.7995 4588659.1875, 430360.0335 4588654.2635, 430353.2575 4588640.6715, 430339.0595 4588618.6855, 430336.5555 4588615.2295, 430333.2155 4588612.2265, 430295.6313 4588621.8516, 430160.375402 4588812.5221975, 430162.7844 4588941.3634, 430177.164792 4589027.4339515, 430174.0884 4589026.7188, 430161.9638 4589025.2314, 430144.1718 4589027.979, 430126.9248 4589029.3061, 430119.2293 4589029.4567, 430108.7963 4589028.7493, 430085.3562 4589025.6104, 430069.5847 4589028.1131, 430061.1613 4589032.3246, 430053.8013 4589038.2987, 430045.3133 4589043.9573, 430037.0023 4589050.3234, 430029.0448 4589057.7504, 430013.48 4589070.2925, 430003.9354 4589076.6081, 429992.7375 4589080.9432, 429981.4121 4589082.6563, 429965.3855 4589084.099, 429924.5174 4589089.2742, 429871.967 4589091.135, 429868.267 4589089.059, 429855.071 4589090.533, 429852.907 4589092.383, 429837.363 4589101.876, 429800.983 4589109.804, 429800.857 4589111.9856))","POLYGON ((2.15955986100074 41.4505212024149, 2.15910949251168 41.4505182752366, 2.15913088179076 41.4504442688443, 2.15918132473126 41.4503586258004, 2.15921246604724 41.4503196288494, 2.15937496397629 41.4501905665885, 2.15947768638079 41.4499613129677, 2.15948661459468 41.44976769184, 2.15941930945383 41.4495969419498, 2.15942567371737 41.4495017891208, 2.1594247570682 41.4493947320349, 2.15928313324607 41.449266464674, 2.15914844109477 41.4490742708577, 2.15900902364234 41.4488920585762, 2.15892284715554 41.4488014805002, 2.15875064029279 41.4485330794181, 2.15834091922548 41.4480754872321, 2.15806966801185 41.4478224746594, 2.15794023358396 41.4477120871813, 2.15767657836526 41.4475504734641, 2.15757683140102 41.4474986349684, 2.15749346677451 41.4474704617519, 2.15733999951813 41.4474605824554, 2.15720614822223 41.4474631507992, 2.15709552253921 41.4474517835626, 2.15704200704645 41.4474325659241, 2.15703129830603 41.4473978989804, 2.15704301689252 41.4473545511012, 2.15706425257293 41.4473269458603, 2.15711718290649 41.4472794502894, 2.157251385052 41.4472173636229, 2.15742376049355 41.4471305698385, 2.15746930285554 41.4470859383917, 2.15751673767582 41.4470190184267, 2.15754273234844 41.4469492572163, 2.15759235938576 41.4467128517298, 2.15759014229886 41.4466084575618, 2.15751810625183 41.4464931034768, 2.1574167658486 41.4463739497547, 2.15731637041404 41.4461679173272, 2.15725336005031 41.4460517644746, 2.15721097903159 41.4460057143226, 2.15708254587098 41.4459617178516, 2.15665326168877 41.4458817562308, 2.15620620475608 41.4457876651201, 2.15601180274723 41.4457775738639, 2.15590364658035 41.4457781854514, 2.15583483825981 41.4457650701512, 2.15575881444719 41.4457323197322, 2.15570736657204 41.4456885714351, 2.15570763537893 41.4456521384078, 2.15571809362227 41.4456081688974, 2.15574300427846 41.445585193654, 2.15578241959127 41.4455588660043, 2.15583017240939 41.4455487318083, 2.15590390449349 41.4455458500387, 2.15602797641663 41.4455512100402, 2.15610466640671 41.4455436299565, 2.15625988413648 41.4454974976001, 2.1563559274155 41.4454578848022, 2.15648069697172 41.4454130691104, 2.15661117327259 41.4453509468363, 2.15671883225082 41.445288828291, 2.15682962688133 41.4452091861777, 2.15691818076116 41.4451515932504, 2.15699258201287 41.4451080742167, 2.15711964906656 41.4450928460164, 2.15737775581891 41.4450440071309, 2.1574722533089 41.4450210638105, 2.15752653613153 41.4449882239956, 2.15770736814455 41.4448348367759, 2.15783661804377 41.4447062924233, 2.15790402311682 41.4446186392683, 2.15794994737552 41.4445276402104, 2.15796989270597 41.4444228858038, 2.15798006225987 41.4442520354531, 2.15799094484878 41.4442047360826, 2.15803151429284 41.4441630764645, 2.15817081547328 41.4440847225677, 2.15829413146756 41.4439983160027, 2.15833886765909 41.443952858608, 2.15840786122321 41.4438551824996, 2.15847302095609 41.4436947326116, 2.15849301205594 41.4434797996622, 2.15854614605214 41.4433569127705, 2.15860580046993 41.443259312337, 2.15869809512766 41.4430109501717, 2.15892751918765 41.44271300492, 2.15898381523661 41.4426306563111, 2.15904585723458 41.4425186251841, 2.15911216204013 41.4424342959832, 2.15918713218329 41.4423760255003, 2.15943724175679 41.4422279697813, 2.15969766847631 41.442122993917, 2.15975160478503 41.4422138007996, 2.15981801161047 41.442284795934, 2.15994487086263 41.4423705903305, 2.16006075033568 41.442422274375, 2.16018822169272 41.442458784354, 2.16028168896598 41.4424624571263, 2.16061543160963 41.4424103438627, 2.16091111582819 41.4423798580873, 2.1610978824947 41.4423686278498, 2.1613718645882 41.4423724630414, 2.16149516668456 41.4423888366105, 2.16165118634887 41.4424301828708, 2.16177200624696 41.4424906203834, 2.16188623546891 41.4425646289759, 2.16195561694892 41.4426297897247, 2.1620222245317 41.4427356437768, 2.16205702562487 41.4428499132364, 2.16206040170698 41.442935490329, 2.16204235670957 41.443061498831, 2.16179404041986 41.4435057372987, 2.16178439996197 41.4435944081713, 2.16183341097791 41.4436732919817, 2.16314338287411 41.4436555546427, 2.16333777744521 41.4436844592954, 2.1634360664239 41.4437117820359, 2.1635562599995 41.4437523247274, 2.16387771352659 41.4438782434357, 2.16508756611822 41.4443319612937, 2.16519333449034 41.4441783326822, 2.1654796480448 41.4437447850259, 2.1659347682573 41.4439203788272, 2.16634026511087 41.4440807498751, 2.16672670172353 41.4442274342677, 2.16691178527841 41.4442947811747, 2.1670273015243 41.4443297017668, 2.16707201062524 41.4443064981092, 2.16738918222983 41.4438635392741, 2.16773171810642 41.4433576209913, 2.16793699276893 41.4434401367152, 2.16959508350435 41.444072936442, 2.17043857800316 41.4428221172416, 2.17175901147558 41.4433178704864, 2.17147022018488 41.4437400585898, 2.17125364713963 41.444167792371, 2.17111147748057 41.4445207237587, 2.17075261938841 41.4444184613183, 2.17055257181773 41.4448167387706, 2.16999896967706 41.4446805159236, 2.16951962398834 41.4456024797514, 2.16879792617648 41.4469774337719, 2.16825947309537 41.446844505942, 2.16779969668895 41.4474987609158, 2.16775500601408 41.4474782159473, 2.16769888761391 41.4474572730202, 2.16762768900127 41.4474435169567, 2.1675345377503 41.4474351325417, 2.16695398132708 41.4474207694237, 2.16682818229443 41.4474059509038, 2.16677192021424 41.4473962657556, 2.16671660319978 41.4473819576135, 2.16666135374836 41.4473623715877, 2.16657724024691 41.447326002772, 2.16649416504586 41.4472777336125, 2.16644529772473 41.4472402869802, 2.16635915771305 41.447155569519, 2.16632882168264 41.4471163115269, 2.16631420787057 41.4470870576149, 2.16630831775022 41.4470664960305, 2.16630602834656 41.4470386645331, 2.16630934400614 41.446962017424, 2.16634740781927 41.4467641841295, 2.1663557661622 41.4467022826731, 2.16635759929632 41.4466563401103, 2.16634999270035 41.4465622565473, 2.16632711810268 41.4464919049707, 2.16630654633419 41.4464474033544, 2.16622700311815 41.4463243980206, 2.16605958534159 41.4461251473483, 2.16603001055257 41.4460938033042, 2.16599037646267 41.4460664666833, 2.16553937564292 41.4461498933323, 2.16389828749994 41.447855426801, 2.16391222568114 41.4490160542499, 2.16407441809775 41.4497925060097, 2.16403767369612 41.4497857973245, 2.16389270370505 41.4497713460919, 2.16367940022563 41.4497945442881, 2.16347278508445 41.4498049956969, 2.16338064581755 41.4498056821357, 2.16325583559007 41.4497984024993, 2.16297560062275 41.4497680903823, 2.162786512351 41.4497892572028, 2.16268518920995 41.4498264544442, 2.16259639163363 41.4498796192431, 2.16249412729402 41.4499298440894, 2.16239389968021 41.4499864564183, 2.16229778068619 41.4500526545422, 2.16211000227002 41.450164258794, 2.16199501246122 41.4502203083699, 2.16186046047579 41.450258376122, 2.16172468605333 41.4502728173756, 2.16153266508259 41.4502844129018, 2.16104283445372 41.4503274566737, 2.16041353969227 41.4503396263793, 2.1603694882362 41.4503206054696, 2.16021134827965 41.4503327280146, 2.16018522822796 41.4503492010343, 2.15999804864728 41.4504333416995, 2.15956162295192 41.4505015647216, 2.15955986100074 41.4505212024149))"
"08","Nou Barris","50","les Roquetes","170","065","POLYGON ((431074.4415 4589105.7935, 431068.8535 4589105.6055, 431062.0175 4589104.0235, 431044.7455 4589097.9475, 431039.2055 4589095.7035, 431030.1795 4589091.0455, 431021.7915 4589085.2955, 431011.4435 4589077.0205, 430988.3435 4589056.5815, 430979.5475 4589048.2035, 430972.8315 4589040.3105, 430964.4135 4589027.4655, 430957.7055 4589018.4795, 430954.2315 4589014.6375, 430950.4295 4589011.0935, 430946.3395 4589007.8845, 430942.0095 4589005.0455, 430934.0465 4589000.7035, 430923.6175 4588995.6615, 430915.0755 4588990.3055, 430909.2145 4588985.5475, 430898.5095 4588975.3155, 430891.5785 4588969.1555, 430885.8015 4588964.4975, 430883.3195 4588963.0295, 430879.133500001 4588961.5395, 430876.1715 4588961.0995, 430873.1975 4588961.1255, 430868.9375 4588961.9935, 430866.3615 4588963.0455, 430857.2365 4588967.9955, 430848.7455 4588973.9195, 430834.5785 4588982.6875, 430823.4875 4588988.6755, 430817.7995 4588991.3735, 430811.8555 4588993.1255, 430807.6815 4588993.4495, 430803.5405 4588993.0735, 430799.3775 4588991.9955, 430793.0855 4588989.4655, 430789.1135 4588987.2975, 430785.3795 4588984.7795, 430777.6835 4588977.9035, 430761.7365 4588961.6895, 430752.4835 4588953.4035, 430748.2815 4588950.0435, 430740.9895 4588944.9595, 430725.0315 4588935.6935, 430717.1155 4588930.6535, 430712.9955 4588927.4925, 430690.6225 4588908.3055, 430682.8935 4588903.5275, 430679.5095 4588902.4995, 430657.8725 4588898.2365, 430651.3215 4588897.3535, 430646.5375 4588897.2075, 430643.2255 4588897.5015, 430639.6715 4588898.4275, 430634.6155 4588900.5155, 430626.0055 4588906.0275, 430614.1575 4588916.0255, 430610.5495 4588920.0675, 430605.6715 4588926.6685, 430599.2155 4588937.1215, 430596.7145 4588941.9735, 430586.0435 4588968.5835, 430579.6075 4588981.0205, 430575.7395 4588985.1215, 430571.6195 4588988.3555, 430567.7175 4588990.7815, 430563.3755 4588992.6195, 430555.1335 4588994.8255, 430551.8215 4588995.1935, 430541.6655 4588995.2655, 430532.8635 4588994.4195, 430524.0775 4588991.5915, 430488.7365 4588976.4855, 430482.4215 4588973.3615, 430479.2575 4588971.3755, 430476.5675 4588969.0455, 430474.2525 4588966.3035, 430472.0455 4588962.5555, 430470.2055 4588958.2915, 430468.7675 4588952.7895, 430467.9975 4588948.0755, 430467.8515 4588943.4435, 430468.2195 4588938.9595, 430469.0275 4588934.1075, 430470.5735 4588928.2275, 430476.2905 4588910.7675, 430484.5575 4588888.4595, 430489.4115 4588870.7435, 430497.8505 4588827.2715, 430501.7035 4588799.6615, 430501.6295 4588794.8105, 430501.0495 4588790.5515, 430499.2745 4588784.8855, 430496.7715 4588780.3295, 430493.9015 4588776.5055, 430490.0025 4588772.9055, 430485.8825 4588769.7845, 430523.5902 4588696.7802, 430568.71 4588711.1058, 430627.5302 4588557.8802, 430666.5902 4588455.1401, 430712.9802 4588469.8202, 430729.2675 4588425.4435, 430759.3535 4588436.5095, 430755.0075 4588468.6695, 430754.0795 4588481.6595, 430753.5655 4588496.0015, 430753.8235 4588510.1695, 430754.3695 4588523.0835, 430755.6355 4588535.7455, 430761.8495 4588580.1795, 430766.4835 4588603.6055, 430770.0935 4588617.9895, 430777.8555 4588645.1635, 430779.6455 4588650.5975, 430785.8815 4588666.8865, 430840.9515 4588671.7705, 430894.7605 4588675.3515, 430887.7325 4588751.2875, 430945.0515 4588754.5555, 430950.4275 4588755.5395, 430958.3055 4588757.9235, 430965.7635 4588761.3355, 430971.2275 4588764.6155, 430976.4155 4588768.4515, 430981.5025 4588773.0655, 430986.5555 4588778.8855, 430990.8535 4588785.2955, 430994.1815 4588791.9935, 430996.7955 4588798.9185, 430998.7695 4588806.0555, 430999.6175 4588812.3035, 431001.4875 4588818.3375, 431004.2955 4588823.3655, 431007.9295 4588827.8815, 431010.7355 4588830.5115, 431019.1495 4588837.0715, 431028.0715 4588842.9175, 431039.3355 4588851.2095, 431055.9555 4588862.7375, 431065.6635 4588868.2895, 431075.8675 4588873.1655, 431082.5815 4588935.4315, 431083.4195 4588938.1855, 431084.5595 4588940.0615, 431086.2795 4588941.9115, 431088.9115 4588943.8555, 431077.5565 4588978.7395, 431082.3635 4589004.6595, 431077.4655 4589011.9075, 431076.313242 4589012.509026, 431041.462 4589009.313, 431039.133 4589008.689, 431035.895 4589006.522, 431030.394 4589001.749, 431026.468 4588996.176, 431021.131 4588982.417, 431016.992 4588974.797, 431016.655 4588974.98, 431016.748 4588982.05, 431016.098 4588987.672, 431010.889 4589009.451, 431010.942 4589011.783, 431017.624 4589021.299, 431020.245 4589026.43, 431029.87 4589042.469, 431033.375 4589047.534, 431046.18 4589064.438, 431075.658 4589090.601, 431075.951 4589099.558, 431075.4085 4589105.6895, 431074.4415 4589105.7935))","POLYGON ((2.1748066791477 41.4505758115943, 2.17473980639452 41.4505736384676, 2.17465815291971 41.4505588029182, 2.17445208286425 41.4505025951685, 2.17438601960088 41.4504819084014, 2.17427850109502 41.4504391801345, 2.17417874497203 41.4503866713966, 2.17405581431094 41.4503112524579, 2.17378162007128 41.4501251808531, 2.17367728104856 41.4500489672762, 2.17359778637336 41.4499773006853, 2.17349848346767 41.4498608870008, 2.17341920994554 41.449779376769, 2.17337806232058 41.4497444746029, 2.17333295421644 41.4497122281705, 2.17328436023797 41.4496829741526, 2.17323285098288 41.4496570319053, 2.17313802349512 41.4496172401259, 2.17301375605511 41.4495709314348, 2.17291211370563 41.4495219569568, 2.17284249691376 41.44947859911, 2.17271551986404 41.4493855221252, 2.17263325501628 41.4493294447929, 2.17256463271965 41.4492869946716, 2.17253508919498 41.4492735592753, 2.17248514995955 41.4492597789902, 2.17244974281663 41.4492555610145, 2.17241413868816 41.4492555390665, 2.17236304372865 41.4492629899004, 2.17233208652156 41.449272242969, 2.17222228623473 41.4493160396117, 2.17211996376963 41.4493686631887, 2.17194936900334 41.4494464123371, 2.17181591459823 41.4494993880139, 2.17174751537877 41.4495231975603, 2.17167615995417 41.4495384647642, 2.17162615651499 41.4495410230956, 2.17157662831773 41.449537279637, 2.17152691720936 41.4495272116344, 2.17145188659039 41.4495038824783, 2.17140458687799 41.4494840137087, 2.17136017636702 41.4494610131364, 2.17126883700038 41.4493984201536, 2.17107979726994 41.4492510118758, 2.17096998163886 41.4491755850592, 2.17092006572369 41.4491449603959, 2.17083335789953 41.4490985417352, 2.17064339135052 41.4490137095809, 2.17054920911132 41.4489676331437, 2.17050025232399 41.4489388076895, 2.17023463311131 41.4487640667362, 2.17014265997281 41.4487203658432, 2.17010226914662 41.4487108148322, 2.16984374879852 41.4486705508659, 2.16976543025366 41.4486620320961, 2.1697081792847 41.4486603038019, 2.16966849862894 41.4486626655686, 2.16962584848159 41.4486706985732, 2.16956508489436 41.4486890674191, 2.16946138412855 41.4487379676288, 2.16931840667114 41.4488269913935, 2.16927475193519 41.4488630841201, 2.16921560028846 41.4489221148872, 2.16913711604911 41.4490157025538, 2.16910661961937 41.44905918626, 2.16897582117454 41.4492979287375, 2.16889734748263 41.4494093870197, 2.16885057292393 41.4494459884776, 2.16880088133919 41.4494747594101, 2.16875389224977 41.4494962718587, 2.16870170357031 41.4495124503531, 2.16860278628588 41.449531605834, 2.16856309655488 41.4495346337008, 2.16844151245282 41.4495344033877, 2.16833624246416 41.4495260220878, 2.16823139205607 41.4494997910303, 2.16781006973172 41.44936067782, 2.16773483372373 41.4493319943515, 2.16769718674459 41.4493138332455, 2.16766525354334 41.4492926149191, 2.16763785683955 41.4492677183544, 2.16761186882103 41.4492337705174, 2.16759033351118 41.4491952070693, 2.16757375301012 41.4491455282926, 2.16756507827066 41.4491030045658, 2.16756386384719 41.4490612734324, 2.1675687853451 41.4490209197984, 2.16757901632765 41.4489772898564, 2.16759820004379 41.4489244650741, 2.1676686466581 41.4487677053458, 2.16777017615165 41.4485675024965, 2.16783032076548 41.4484083622278, 2.1679363436809 41.4480175587631, 2.16798564338334 41.4477692205705, 2.16798531577799 41.4477255232214, 2.1679788629794 41.4476871139607, 2.16795826736433 41.4476359289698, 2.16792882953638 41.4475946782505, 2.16789491434155 41.4475599885657, 2.16784865579334 41.4475272272421, 2.16779969668895 41.4474987609158, 2.16825947309537 41.446844505942, 2.16879792577151 41.4469774345481, 2.16951962398834 41.4456024797514, 2.16999896967706 41.4446805159236, 2.17055257181773 41.4448167387706, 2.17075261938841 41.4444184613183, 2.17111147748057 41.4445207237587, 2.17105576955462 41.4448100010533, 2.17104317228172 41.4449269166922, 2.1710353755564 41.4450560449553, 2.17103683961821 41.4451836726584, 2.17104189481879 41.4453000309303, 2.171055597386 41.4454141816425, 2.17112488610956 41.445814916665, 2.1711776706897 41.4460263048229, 2.17121923445421 41.446156167015, 2.17130903303904 41.4464015815763, 2.17132983706548 41.4464506777626, 2.17140261710456 41.446597923881, 2.17206126270719 41.4466466584574, 2.17270496385539 41.4466835451207, 2.17261214718585 41.4473668649735, 2.17329790791035 41.4474012315132, 2.17336214860397 41.4474105564642, 2.17345617937676 41.4474327058166, 2.17354506511522 41.447464077755, 2.17361009689415 41.4474940892851, 2.17367176133795 41.4475290847147, 2.17373212792189 41.4475710785608, 2.17379194977952 41.4476239314099, 2.17384266658351 41.4476820332141, 2.1738817391639 41.4477426455099, 2.17391223891891 41.4478052409131, 2.17393505336066 41.4478696906921, 2.17394449056336 41.4479260368107, 2.17396618615095 41.4479805433657, 2.17399922510294 41.4480260699045, 2.17404221029237 41.4480670560509, 2.17407549932502 41.4480909845743, 2.17417547059626 41.4481507909681, 2.17428160466288 41.4482042102152, 2.17441549480214 41.4482798607132, 2.17461313058156 41.4483851164609, 2.1747287078847 41.4484359548701, 2.17485029996736 41.4484807472933, 2.17492356547303 41.4490421286591, 2.17493328269968 41.4490670047813, 2.17494671530004 41.4490839990384, 2.17496709392491 41.4491008089186, 2.17499837918567 41.4491185437132, 2.17485846977561 41.4494317549432, 2.17491305558761 41.449665618703, 2.17485359500444 41.4497304779529, 2.17483973279488 41.449735796712, 2.17442289727955 41.4497040179725, 2.1743950883422 41.4496981977615, 2.17435657408442 41.4496784022653, 2.17429126737831 41.4496349411181, 2.17424490624244 41.449584410001, 2.1741825893211 41.4494600296131, 2.1741339124301 41.4493910436446, 2.17412985735734 41.449392662889, 2.17413016304915 41.4494563475156, 2.17412173980301 41.4495069267346, 2.17405689563556 41.4497026336803, 2.17405726368539 41.4497236416162, 2.17413616616172 41.4498099226768, 2.17416695581473 41.4498563607707, 2.17428034405026 41.4500016446717, 2.17432172375166 41.4500475642494, 2.17447308159588 41.4502009119003, 2.17482297595591 41.4504390833516, 2.17482546114478 41.4505197805922, 2.1748182670211 41.4505749579485, 2.1748066791477 41.4505758115943))"
"08","Nou Barris","50","les Roquetes","170","066","POLYGON ((431379.8055 4589207.0645, 431366.9314 4589218.1641, 431356.5915 4589208.3555, 431354.7915 4589207.0955, 431350.5535 4589204.8595, 431342.7735 4589201.9315, 431332.5275 4589199.4475, 431302.2255 4589194.3815, 431271.5335 4589190.8555, 431259.9435 4589189.1835, 431253.7675 4589187.7035, 431249.2335 4589186.2435, 431237.6275 4589181.3475, 431231.8595 4589178.2235, 431226.7715 4589174.8895, 431221.9575 4589171.2015, 431217.5955 4589167.0835, 431213.7675 4589162.4655, 431204.0675 4589145.5515, 431200.8315 4589140.8615, 431174.2495 4589106.2815, 431170.7315 4589102.8535, 431167.7235 4589100.7275, 431164.5035 4589099.0595, 431160.1255 4589097.3975, 431149.5655 4589094.9715, 431138.4315 4589093.1755, 431129.5975 4589092.3975, 431121.4615 4589092.6315, 431110.0245 4589094.0135, 431103.7375 4589095.1455, 431098.7905 4589096.4865, 431087.7055 4589100.8975, 431079.9915 4589104.5615, 431075.4085 4589105.6895, 431075.951 4589099.558, 431075.658 4589090.601, 431046.95 4589065.276, 431033.375 4589047.534, 431029.87 4589042.469, 431020.245 4589026.43, 431017.624 4589021.299, 431010.942 4589011.783, 431010.889 4589009.451, 431016.098 4588987.672, 431016.748 4588982.05, 431016.655 4588974.98, 431016.992 4588974.797, 431021.131 4588982.417, 431026.468 4588996.176, 431030.394 4589001.749, 431035.895 4589006.522, 431039.133 4589008.689, 431041.462 4589009.313, 431076.3131 4589012.5091, 431077.4655 4589011.9075, 431082.3635 4589004.6595, 431077.5565 4588978.7395, 431088.9115 4588943.8555, 431086.2795 4588941.9115, 431084.5595 4588940.0615, 431083.4195 4588938.1855, 431082.5815 4588935.4315, 431075.8675 4588873.1655, 431078.3275 4588873.8215, 431083.2875 4588874.3015, 431088.9635 4588874.0395, 431093.7635 4588872.8295, 431098.2235 4588870.6255, 431100.5475 4588868.8055, 431102.6995 4588866.7815, 431106.3815 4588862.2215, 431108.9265 4588857.1975, 431110.4135 4588851.7215, 431110.7715 4588847.9815, 431110.9375 4588834.6735, 431111.6466 4588823.974, 431115.2771 4588819.3559, 431161.5375 4588852.3955, 431187.3778 4588873.898, 431199.2316 4588883.2962, 431203.9055 4588887.8928, 431210.8022 4588900.224, 431213.3921 4588907.1225, 431213.7813 4588918.8125, 431209.8863 4588923.7651, 431219.5575 4588963.9195, 431228.9815 4588960.1895, 431237.2535 4588958.1955, 431251.4955 4588958.5655, 431260.3855 4588961.4435, 431267.4788 4588965.7601, 431273.5855 4588971.6709, 431279.1795 4588979.8955, 431282.2585 4588987.7835, 431290.7345 4589021.3005, 431251.5355 4589038.5865, 431252.4055 4589044.2595, 431251.7675 4589048.3975, 431249.2535 4589058.4935, 431244.2395 4589072.3325, 431241.3295 4589079.0475, 431238.4105 4589089.5055, 431237.7415 4589102.6375, 431239.0915 4589112.0015, 431240.4835 4589118.0095, 431242.1115 4589122.9415, 431246.2095 4589130.2535, 431253.1495 4589139.2735, 431262.1575 4589148.5315, 431287.2275 4589161.1835, 431325.5345455 4589172.2807555, 431339.7365 4589179.8935, 431344.8265 4589181.6715, 431366.6175 4589192.5275, 431376.7505 4589199.6475, 431378.4562555 4589201.631252, 431379.5565 4589203.7635, 431379.9512785 4589205.471568, 431379.8055 4589207.0645))","POLYGON ((2.17845070044044 41.4515140842527, 2.17829532002843 41.4516129531336, 2.17817265353872 41.4515237267133, 2.17815124855897 41.4515122244463, 2.17810076869314 41.4514917232053, 2.17800796547212 41.4514646863886, 2.17788559082178 41.4514414374523, 2.17752341540301 41.4513932169341, 2.17715639649298 41.4513588320478, 2.17701784063965 41.4513427804618, 2.1769440750323 41.4513289217224, 2.17688996387357 41.4513153837219, 2.17675158377238 41.4512702931701, 2.1766828897704 41.4512416623703, 2.17662236014215 41.4512111984113, 2.17656515098996 41.4511775695647, 2.17651340183957 41.4511401065881, 2.1764681022985 41.4510981860546, 2.17635390912866 41.4509450170727, 2.17631570492659 41.4509024987474, 2.17600143010515 41.4505887715826, 2.17595970666278 41.4505575952861, 2.17592394008345 41.4505381893026, 2.17588558345749 41.4505228901486, 2.17583336370353 41.4505075457033, 2.17570722614332 41.450484789921, 2.17557414546199 41.4504676589116, 2.17546848211376 41.4504598938211, 2.17537105913908 41.4504613032098, 2.17523398883381 41.4504727687713, 2.17515859781915 41.4504824246012, 2.17509922412059 41.4504940777922, 2.17496602184679 41.4505328542307, 2.17487325907126 41.450565192053, 2.1748182670211 41.4505749579485, 2.17482546114478 41.4505197805922, 2.17482297595591 41.4504390833516, 2.1744822035634 41.4502085255767, 2.17432172375166 41.4500475642494, 2.17428034405026 41.4500016446717, 2.17416695581473 41.4498563607707, 2.17413616616172 41.4498099226768, 2.17405726368539 41.4497236416162, 2.17405689563556 41.4497026336803, 2.17412173980301 41.4495069267346, 2.17413016304915 41.4494563475156, 2.17412985735734 41.449392662889, 2.1741339124301 41.4493910436446, 2.1741825893211 41.4494600296131, 2.17424490624244 41.449584410001, 2.17429126737831 41.4496349411181, 2.17435657408442 41.4496784022653, 2.1743950883422 41.4496981977615, 2.17442289727955 41.4497040179725, 2.17483973108656 41.4497357973663, 2.17485359500444 41.4497304779529, 2.17491305558761 41.449665618703, 2.17485846977561 41.4494317549432, 2.17499837918567 41.4491185437132, 2.17496709392491 41.4491008089186, 2.17494671530004 41.4490839990384, 2.17493328269968 41.4490670047813, 2.17492356547303 41.4490421286591, 2.17485029996736 41.4484807472933, 2.17487967293411 41.4484868668503, 2.17493899265311 41.4484916158856, 2.17500696804289 41.4484897434627, 2.17506456528981 41.448479257544, 2.17511820589729 41.448459789851, 2.17514623334333 41.4484435973248, 2.17517222509543 41.448425552682, 2.17521682121998 41.4483847986141, 2.17524785960068 41.4483397678833, 2.1752662845701 41.4482905753601, 2.17527099666266 41.448256921399, 2.17527450176887 41.4481370758053, 2.17528421054577 41.4480407705366, 2.17532819647557 41.4479994887163, 2.17587819424605 41.4483010317936, 2.17618506900696 41.4484969118894, 2.17632589627946 41.4485825738513, 2.17638132245184 41.4486243742011, 2.17646247617665 41.4487360274868, 2.17649269339718 41.4487983814818, 2.17649602092531 41.4489037020156, 2.17644883074285 41.4489479743176, 2.17656002907148 41.4493104577905, 2.17667326684266 41.4492776706525, 2.17677251646445 41.4492604201749, 2.17694296264977 41.4492649725728, 2.17704905559387 41.4492916549561, 2.1771334769168 41.4493311402912, 2.17720590649399 41.4493848994167, 2.17727193544132 41.4494594540803, 2.17730789611856 41.4495307617721, 2.17740554771564 41.4498333616941, 2.17693433182272 41.4499856933041, 2.17694410072173 41.4500368622713, 2.17693599217035 41.4500740769422, 2.17690474776846 41.4501647922546, 2.17684314962493 41.4502890051121, 2.17680754943059 41.4503492351534, 2.17677141522554 41.450443176117, 2.17676191128275 41.4505613934788, 2.17677700595001 41.4506458469378, 2.17679298557248 41.4507000778422, 2.17681191291378 41.4507446378598, 2.17686013790192 41.4508108451694, 2.17694219043223 41.4508926791624, 2.17704897236821 41.4509768337787, 2.17734764889586 41.451092931944, 2.17780496627525 41.4511961590965, 2.17797411470177 41.4512659391009, 2.17803484587777 41.451282388253, 2.17829447613635 41.4513820276328, 2.17841497122865 41.4514470210828, 2.17843516576475 41.45146503379, 2.17844809472834 41.4514843321689, 2.17845262660778 41.4514997498109, 2.17845070044044 41.4515140842527))"
"08","Nou Barris","50","les Roquetes","170","067","POLYGON ((431870.5895 4589533.9775, 431869.1875 4589533.9915, 431866.9215 4589533.0875, 431864.9755 4589530.8335, 431864.6155 4589530.0295, 431864.0775 4589525.4985, 431861.9368 4589517.8092, 431859.3885 4589512.1135, 431854.0935 4589504.3675, 431851.0915 4589500.6215, 431840.7175 4589489.4275, 431835.5055 4589484.5555, 431807.6855 4589465.8215, 431791.8439 4589455.6797, 431784.6935 4589452.5115, 431757.9675 4589443.0155, 431749.8295 4589439.7155, 431742.4735 4589435.3135, 431721.5885 4589417.9285, 431700.5721 4589403.6818, 431693.3645 4589396.3845, 431684.0056 4589384.6395, 431678.658 4589376.9433, 431674.9795 4589367.66, 431673.7517 4589356.3333, 431671.9067 4589351.0743, 431667.7674 4589346.5663, 431660.8869 4589343.038, 431652.6247 4589341.8237, 431625.6725 4589340.7269, 431614.437 4589339.422, 431597.900558 4589339.2238115, 431592.3890535 4589340.0701605, 431584.945 4589340.098, 431576.7805 4589339.3805, 431568.2135815 4589336.2043885, 431561.081274 4589331.7881585, 431539.150773 4589314.0607205, 431537.515841 4589312.048981, 431528.7505 4589311.0005, 431498.9008 4589309.5306, 431468.194 4589298.477, 431462.943096 4589294.0239835, 431451.2826175 4589279.359532, 431446.9962 4589276.3701, 431440.3205 4589283.1605, 431425.8304 4589266.5605, 431419.4804 4589269.8016, 431413.0648 4589270.8586, 431409.0652 4589269.1521, 431366.9314 4589218.1641, 431379.8055 4589207.0645, 431379.9512785 4589205.471568, 431379.5565 4589203.7635, 431378.4562555 4589201.631252, 431376.7505 4589199.6475, 431366.6175 4589192.5275, 431344.8265 4589181.6715, 431339.7365 4589179.8935, 431325.5345455 4589172.2807555, 431287.2275 4589161.1835, 431262.1575 4589148.5315, 431253.1495 4589139.2735, 431246.2095 4589130.2535, 431242.1115 4589122.9415, 431240.4835 4589118.0095, 431239.0915 4589112.0015, 431237.7415 4589102.6375, 431238.4105 4589089.5055, 431241.3295 4589079.0475, 431244.2395 4589072.3325, 431249.2535 4589058.4935, 431251.7675 4589048.3975, 431252.4055 4589044.2595, 431251.5355 4589038.5865, 431290.7345 4589021.3005, 431282.2585 4588987.7835, 431279.1795 4588979.8955, 431273.5855 4588971.6709, 431267.4788 4588965.7601, 431260.3855 4588961.4435, 431251.4955 4588958.5655, 431237.2535 4588958.1955, 431228.9815 4588960.1895, 431219.5575 4588963.9195, 431209.8863 4588923.7651, 431213.7813 4588918.8125, 431213.3921 4588907.1225, 431210.8022 4588900.224, 431203.9055 4588887.8928, 431199.2316 4588883.2962, 431187.3778 4588873.898, 431161.5375 4588852.3955, 431189.5055 4588817.0375, 431193.2435 4588819.9925, 431195.9835 4588821.4215, 431198.9895 4588822.3475, 431202.1175 4588822.7155, 431205.2175 4588822.5175, 431217.4715 4588819.8235, 431228.4895 4588817.9235, 431238.0025 4588817.3155, 431248.4635 4588817.3495, 431257.9955 4588818.0605, 431264.7635 4588819.1925, 431268.9835 4588799.4995, 431265.9715 4588798.4875, 431263.4795 4588797.0265, 431258.9035 4588793.4675, 431254.9195 4588788.9255, 431253.2875 4588786.1855, 431252.0275 4588783.2575, 431251.1615 4588780.2175, 431250.7235 4588775.7075, 431247.7905 4588761.4415, 431237.8255 4588720.7975, 431233.8005 4588701.1115, 431411.1515 4588715.9195, 431419.9995 4588717.5975, 431446.6955 4588720.7955, 431509.0695 4588726.0235, 431528.8655 4588726.9865, 431522.1525 4588734.7075, 431518.4105 4588739.8935, 431504.6605 4588759.9525, 431476.7965 4588802.3675, 431474.8175 4588804.7515, 431470.3395 4588807.4795, 431457.1915 4588810.6785, 431444.2765 4588902.5135, 431502.2095 4589002.2205, 431519.1915 4589052.5015, 431525.2875 4589059.9815, 431532.8555 4589068.8055, 431553.6455 4589091.2595, 431571.2815 4589107.0595, 431581.3595 4589120.0895, 431586.4955 4589127.3375, 431593.7815 4589136.2255, 431603.5695 4589143.6595, 431625.1695 4589155.3375, 431639.5615 4589164.1015, 431646.4485 4589170.1175, 431654.0695 4589180.3445, 431662.3335 4589194.6575, 431668.0495 4589203.4315, 431674.4695 4589210.8855, 431683.2055 4589218.6175, 431695.3995 4589227.0915, 431703.8845 4589233.8895, 431718.3515 4589249.2515, 431730.7295 4589260.0575, 431768.6295 4589295.2235, 431776.7055 4589302.2715, 431775.6015 4589304.7915, 431774.6015 4589310.4475, 431772.2585 4589318.5875, 431770.0875 4589331.1005, 431770.9235 4589336.1615, 431775.1195 4589351.1815, 431776.8515 4589359.4075, 431779.9395 4589370.2295, 431784.7775 4589380.7365, 431787.6835 4589385.8355, 431795.6875 4589395.8775, 431799.5655 4589399.4615, 431804.2795 4589402.9375, 431820.2235 4589412.8095, 431824.1355 4589416.7495, 431826.5195 4589420.6685, 431834.0015 4589439.1395, 431837.9595 4589447.1355, 431845.4995 4589459.9955, 431849.6915 4589466.0615, 431858.5135 4589476.7835, 431865.3615 4589485.9675, 431870.6115 4589497.5895, 431871.7435 4589500.7795, 431875.0895 4589514.3255, 431876.7855 4589523.4435, 431876.7205 4589527.8575, 431876.1095 4589530.0295, 431875.4735 4589531.0415, 431873.4935 4589532.8595, 431870.5895 4589533.9775))","POLYGON ((2.18428910800653 41.4545002737754, 2.18427232196657 41.4545002808448, 2.18424529588967 41.4544919464907, 2.18422225314518 41.4544714803742, 2.18421803403412 41.4544642084945, 2.18421210455252 41.4544233538632, 2.18418734435006 41.4543539175766, 2.1841574795113 41.4543024022557, 2.18409496332665 41.4542321874435, 2.1840594469674 41.4541981937611, 2.18393651582834 41.4540964927562, 2.18387466925797 41.4540521698745, 2.18354373210337 41.4538810766168, 2.18335522724202 41.4537883871484, 2.1832699830067 41.4537592446599, 2.18295110177803 41.4536714457648, 2.18285404959197 41.4536410319211, 2.18276648389375 41.4536007592236, 2.18251842244132 41.4534424027649, 2.18226843413479 41.4533123000345, 2.18218297337057 41.4532459626941, 2.18207226162383 41.453139383478, 2.1820091134655 41.4530696116005, 2.18196612669168 41.4529856873992, 2.18195270980602 41.4528835677222, 2.18193121752669 41.4528360448934, 2.18188217413115 41.4527950906853, 2.18180020372275 41.4527627268207, 2.18170143049197 41.4527510865237, 2.18137889730586 41.4527389123544, 2.18124453970402 41.4527262023537, 2.18104659677137 41.4527230081359, 2.18098052012403 41.45273016111, 2.18089140076591 41.4527297773154, 2.18079374107432 41.4527226190511, 2.1806915425137 41.4526932826473, 2.18060665898077 41.4526528992322, 2.18034612912868 41.4524913647851, 2.18032678477543 41.452473106378, 2.18022197015607 41.4524629153629, 2.17986479391444 41.4524471293958, 2.17949844490485 41.452344952548, 2.1794360897473 41.4523043976057, 2.17929816252301 41.4521713248682, 2.17924718769577 41.4521440341261, 2.17916649955911 41.4522046223302, 2.17899491856463 41.4520538747959, 2.17891853249425 41.4520825235189, 2.17884160912391 41.452091495264, 2.17879392240771 41.4520757836921, 2.17829532002843 41.4516129531336, 2.17845070044044 41.4515140842527, 2.17845262660778 41.4514997498109, 2.17844809472834 41.4514843321689, 2.17843516576475 41.45146503379, 2.17841497122865 41.4514470210828, 2.17829447613635 41.4513820276328, 2.17803484587777 41.451282388253, 2.17797411470177 41.4512659391009, 2.17780496627525 41.4511961590965, 2.17734764889586 41.451092931944, 2.17704897236821 41.4509768337787, 2.17694219043223 41.4508926791624, 2.17686013790192 41.4508108451694, 2.17681191291378 41.4507446378598, 2.17679298557248 41.4507000778422, 2.17677700595001 41.4506458469378, 2.17676191128275 41.4505613934788, 2.17677141522554 41.450443176117, 2.17680754943059 41.4503492351534, 2.17684314962493 41.4502890051121, 2.17690474776846 41.4501647922546, 2.17693599217035 41.4500740769422, 2.17694410072173 41.4500368622713, 2.17693433182272 41.4499856933041, 2.17740554771564 41.4498333616941, 2.17730789611856 41.4495307617721, 2.17727193544132 41.4494594540803, 2.17720590649399 41.4493848994167, 2.1771334769168 41.4493311402912, 2.17704905559387 41.4492916549561, 2.17694296264977 41.4492649725728, 2.17677251646445 41.4492604201749, 2.17667326684266 41.4492776706525, 2.17656002907148 41.4493104577905, 2.17644883074285 41.4489479743176, 2.17649602092531 41.4489037020156, 2.17649269339718 41.4487983814818, 2.17646247617665 41.4487360274868, 2.17638132245184 41.4486243742011, 2.17632589627946 41.4485825738513, 2.17618506900696 41.4484969118894, 2.17587819424605 41.4483010317936, 2.17621701743644 41.4479849743612, 2.17626142679107 41.4480119092991, 2.17629406338551 41.4480250146002, 2.1763299414701 41.4480336123701, 2.17636734353967 41.4480371949006, 2.1764044749093 41.4480356772817, 2.17655146928212 41.4480124636155, 2.17668357750641 41.4479962951107, 2.17679752285074 41.4479916340648, 2.17692274320554 41.4479928363429, 2.17703676584192 41.4480000563988, 2.17711765390168 41.4480108314467, 2.17717041086918 41.4478338257157, 2.17713447074307 41.4478244531258, 2.17710480641293 41.4478110810872, 2.17705043427235 41.4477786347196, 2.17700326063169 41.4477373855336, 2.17698403660889 41.4477125676672, 2.17696928703511 41.4476860884158, 2.17695926660626 41.4476586341672, 2.17695453689631 41.4476179768646, 2.176921051362 41.447489237428, 2.17680639279437 41.4471223193991, 2.1767604532151 41.4469446705638, 2.17888173233848 41.4470932136758, 2.17898745608135 41.4471090827347, 2.17930665552646 41.4471401661734, 2.18005270634562 41.4471925770998, 2.18028956404193 41.4472029392796, 2.18020833105181 41.4472719067039, 2.18016294958596 41.4473182957716, 2.17999608082626 41.4474977862565, 2.17965772263757 41.4478774235705, 2.17963376239571 41.4478987263905, 2.17957984864098 41.447922914135, 2.17942209647798 41.4479506036835, 2.1792570718522 41.4487766227352, 2.1799392631332 41.4496795906278, 2.1801368511051 41.4501339009758, 2.18020897805226 41.4502017904911, 2.18029857409184 41.4502819104104, 2.18054490635429 41.4504859179822, 2.18075423736544 41.4506297261655, 2.18087340555592 41.4507479414292, 2.18093406796662 41.450813659128, 2.18102028263014 41.4508943308786, 2.1811366139872 41.4509621201711, 2.18139386827026 41.4510691397492, 2.18156516503768 41.451149299606, 2.18164692952342 41.4512040699253, 2.18173700438632 41.451296829527, 2.18183431458213 41.4514264448171, 2.18190174922457 41.4515059554836, 2.1819777611544 41.4515736373171, 2.18208146724011 41.4516440200786, 2.18222648630016 41.4517213799514, 2.18232729373572 41.4517833289584, 2.18249874528008 41.4519229194434, 2.18264570452721 41.4520212978652, 2.18309544449944 41.4523412473092, 2.18319132917135 41.4524054124503, 2.18317782800334 41.4524280152655, 2.18316521751356 41.452478871654, 2.18313624869024 41.4525519862946, 2.18310884474322 41.4526645014598, 2.18311828099631 41.4527101549905, 2.18316681612519 41.452845790995, 2.18318662129324 41.4529200266103, 2.18322236657318 41.4530177586486, 2.18327909774109 41.4531128023397, 2.18331331098487 41.4531589740455, 2.18340799690979 41.4532500986833, 2.18345401781161 41.4532827079359, 2.18351005919645 41.4533144154946, 2.18369981927821 41.453404683422, 2.18374620727294 41.4534405018012, 2.18377430507318 41.4534760012267, 2.18386179128873 41.453642997881, 2.1839082723427 41.4537153509185, 2.18399708695096 41.4538318162993, 2.18404658751072 41.4538868063935, 2.18415099162007 41.4539841243861, 2.18423193742775 41.4540674225273, 2.18429347750401 41.454172543073, 2.18430666955134 41.4542013702623, 2.18434519854227 41.4543236578634, 2.18436447384877 41.4544059241145, 2.18436319763805 41.4544456737791, 2.18435563779985 41.4544651842727, 2.18434790955123 41.4544742449745, 2.18432400026056 41.4544904509124, 2.18428910800653 41.4545002737754))"
"08","Nou Barris","50","les Roquetes","170","068","POLYGON ((431085.7495 4588874.2475, 431080.8055 4588874.1595, 431075.8675 4588873.1655, 431063.1835 4588866.9615, 431055.9555 4588862.7375, 431039.3355 4588851.2095, 431027.7665 4588842.7265, 431090.6015 4588756.4455, 431113.3975 4588725.5155, 431132.3995 4588700.4415, 431137.1205 4588693.4675, 431233.8005 4588701.1115, 431237.8255 4588720.7975, 431247.7905 4588761.4415, 431250.7235 4588775.7075, 431251.1615 4588780.2175, 431252.0275 4588783.2575, 431253.2875 4588786.1855, 431254.9195 4588788.9255, 431258.9035 4588793.4675, 431263.4795 4588797.0265, 431265.9715 4588798.4875, 431268.9835 4588799.4995, 431264.7635 4588819.1925, 431257.9955 4588818.0605, 431248.4635 4588817.3495, 431238.0025 4588817.3155, 431228.4895 4588817.9235, 431217.4715 4588819.8235, 431205.2175 4588822.5175, 431202.1175 4588822.7155, 431198.9895 4588822.3475, 431195.9835 4588821.4215, 431193.2435 4588819.9925, 431189.5055 4588817.0375, 431161.5375 4588852.3955, 431115.2771 4588819.3559, 431111.6466 4588823.974, 431110.9375 4588834.6735, 431110.6555 4588849.8515, 431109.5465 4588855.4075, 431107.3375 4588860.6155, 431104.6515 4588864.5775, 431102.6995 4588866.7815, 431098.2235 4588870.6255, 431095.3055 4588872.1975, 431092.1835 4588873.3505, 431088.9635 4588874.0395, 431085.7495 4588874.2475))","POLYGON ((2.17496847059207 41.4484913409062, 2.17490929766767 41.4484901238468, 2.17485029996736 41.4484807472933, 2.1746991722486 41.4484237811227, 2.17461313058156 41.4483851164609, 2.17441549480214 41.4482798607132, 2.17427797543962 41.4482024637477, 2.17503999320179 41.4474307619185, 2.17531639981069 41.4471541443163, 2.17554672076345 41.4469299432003, 2.17560402806434 41.4468675361562, 2.1767604532151 41.4469446705638, 2.17680639279437 41.4471223193991, 2.176921051362 41.447489237428, 2.17695453689631 41.4476179768646, 2.17695926660626 41.4476586341672, 2.17696928703511 41.4476860884158, 2.17698403660889 41.4477125676672, 2.17700326063169 41.4477373855336, 2.17705043427235 41.4477786347196, 2.17710480641293 41.4478110810872, 2.17713447074307 41.4478244531258, 2.17717041086918 41.4478338257157, 2.17711765390168 41.4480108314467, 2.17703676584192 41.4480000563988, 2.17692274320554 41.4479928363429, 2.17679752285074 41.4479916340648, 2.17668357750641 41.4479962951107, 2.17655146928212 41.4480124636155, 2.1764044749093 41.4480356772817, 2.17636734353967 41.4480371949006, 2.1763299414701 41.4480336123701, 2.17629406338551 41.4480250146002, 2.17626142679107 41.4480119092991, 2.17621701743644 41.4479849743612, 2.17587819424605 41.4483010317936, 2.17532819647557 41.4479994887163, 2.17528421054577 41.4480407705366, 2.17527450176887 41.4481370758053, 2.17526939476645 41.4482737537864, 2.17525548557883 41.44832369928, 2.17522844835799 41.4483704160654, 2.17519584323697 41.4484058696791, 2.17517222509543 41.448425552682, 2.17511820589729 41.448459789851, 2.17508309615891 41.4484736977433, 2.17504559219724 41.4484838143469, 2.17500696804289 41.4484897434627, 2.17496847059207 41.4484913409062))"
"08","Nou Barris","50","les Roquetes","170","069","POLYGON ((431068.9105 4588786.2155, 431027.7665 4588842.7265, 431023.5535 4588840.0875, 431014.8735 4588833.8775, 431010.7355 4588830.5115, 431007.9295 4588827.8815, 431004.2955 4588823.3655, 431001.4875 4588818.3375, 431000.4295 4588815.3635, 430999.6175 4588812.3035, 430998.7695 4588806.0555, 430995.9935 4588796.5815, 430993.1735 4588789.7475, 430990.8535 4588785.2955, 430986.5555 4588778.8855, 430981.5025 4588773.0655, 430976.4155 4588768.4515, 430971.2275 4588764.6155, 430965.7635 4588761.3355, 430958.3055 4588757.9235, 430950.4275 4588755.5395, 430945.0515 4588754.5555, 430887.7325 4588751.2875, 430894.7605 4588675.3515, 430936.6995 4588678.2715, 430994.7475 4588683.0195, 431064.4235 4588687.6275, 431137.1205 4588693.4675, 431132.3995 4588700.4415, 431113.3975 4588725.5155, 431068.9105 4588786.2155))","POLYGON ((2.17477694405444 41.4476970260556, 2.17427797543962 41.4482024637477, 2.17422784466168 41.4481783333193, 2.17412464914334 41.4481216564194, 2.17407549932502 41.4480909845743, 2.17404221029237 41.4480670560509, 2.17399922510294 41.4480260699045, 2.17396618615095 41.4479805433657, 2.17395386106084 41.4479536667995, 2.17394449056336 41.4479260368107, 2.17393505336066 41.4478696906921, 2.17390290555962 41.4477841235506, 2.17386992949859 41.4477223300362, 2.17384266658351 41.4476820332141, 2.17379194977952 41.4476239314099, 2.17373212792189 41.4475710785608, 2.17367176133795 41.4475290847147, 2.17361009689415 41.4474940892851, 2.17354506511522 41.447464077755, 2.17345617937676 41.4474327058166, 2.17336214860397 41.4474105564642, 2.17329790791035 41.4474012315132, 2.17261214718585 41.4473668649735, 2.17270496385539 41.4466835451207, 2.17320665350652 41.4467134536839, 2.17390096501689 41.446761209057, 2.1747344848785 41.4468086979717, 2.17560402806434 41.4468675361562, 2.17554672076345 41.4469299432003, 2.17531639981069 41.4471541443163, 2.17477694405444 41.4476970260556))"
"08","Nou Barris","50","les Roquetes","171","070","POLYGON ((431225.9345 4588670.1225, 431233.8005 4588701.1115, 431064.4235 4588687.6275, 430994.7475 4588683.0195, 430936.6995 4588678.2715, 430894.7605 4588675.3515, 430896.7045 4588661.1015, 430895.7685 4588645.3475, 430894.3225 4588629.1535, 430891.7545 4588616.5425, 430888.2965 4588605.5745, 430915.0875 4588602.9455, 430940.2215 4588599.8475, 430963.3915 4588598.6655, 431034.7455 4588619.7295, 431053.3575 4588625.9655, 431070.417500001 4588620.0035, 431082.9195 4588616.4795, 431095.0815 4588615.5075, 431103.6435 4588615.7575, 431177.2745 4588628.4055, 431184.2365 4588630.1135, 431215.7155 4588589.5395, 431225.9345 4588670.1225))","POLYGON ((2.17666982278587 41.4466648909726, 2.1767604532151 41.4469446705638, 2.1747344848785 41.4468086979717, 2.17390096501689 41.446761209057, 2.17320665350652 41.4467134536839, 2.17270496385539 41.4466835451207, 2.17272986452592 41.4465553684601, 2.17272046276634 41.4464133979488, 2.17270500655688 41.446267420627, 2.17267570986777 41.4461536173495, 2.17263557179869 41.4460545352814, 2.17295656641077 41.4460331630014, 2.17325777982195 41.4460074231816, 2.17353526454321 41.4459987703166, 2.17438698142407 41.4461946185938, 2.17460905972316 41.4462523825228, 2.17481395262545 41.4462001502242, 2.17496400670072 41.4461694843606, 2.17510969962652 41.4461617739677, 2.17521216028252 41.4461647604977, 2.17609209985114 41.4462849920481, 2.17617524222397 41.4463009721779, 2.17655667481973 41.4459382360375, 2.17666982278587 41.4466648909726))"
"08","Nou Barris","50","les Roquetes","171","071","POLYGON ((431184.6775 4588629.5455, 431184.2365 4588630.1135, 431177.2745 4588628.4055, 431103.6435 4588615.7575, 431095.0815 4588615.5075, 431082.9195 4588616.4795, 431070.417500001 4588620.0035, 431053.3575 4588625.9655, 431034.7455 4588619.7295, 430963.3915 4588598.6655, 430940.2215 4588599.8475, 430915.0875 4588602.9455, 430888.2965 4588605.5745, 430883.9415 4588590.6915, 430878.3075 4588575.0395, 430870.2855 4588556.2795, 430864.4865 4588545.3295, 430858.6475 4588535.1815, 430846.6255 4588516.5295, 430833.7015 4588500.1995, 430820.3785 4588488.0705, 430852.6755 4588504.5595, 430870.1635 4588514.0495, 430882.7395 4588519.3195, 430894.9195 4588523.4635, 430908.7075 4588527.7455, 430923.7855 4588531.6255, 431019.9775 4588549.5435, 431080.3775 4588560.1375, 431115.6075 4588565.9655, 431146.3075 4588571.4835, 431171.4835 4588575.4995, 431182.2455 4588576.8475, 431214.9605 4588583.5065, 431215.7155 4588589.5395, 431184.6775 4588629.5455))","POLYGON ((2.17618058582488 41.4462958942305, 2.17617524222397 41.4463009721779, 2.17609209985114 41.4462849920481, 2.17521216028252 41.4461647604977, 2.17510969962652 41.4461617739677, 2.17496400670072 41.4461694843606, 2.17481395262545 41.4462001502242, 2.17460905972316 41.4462523825228, 2.17438698142407 41.4461946185938, 2.17353526454321 41.4459987703166, 2.17325777982195 41.4460074231816, 2.17295656641077 41.4460331630014, 2.17263557179869 41.4460545352814, 2.17258514457409 41.4459201151382, 2.17251949572032 41.4457786587712, 2.17242561817804 41.4456090042219, 2.17235745672744 41.4455098825771, 2.17228872487631 41.4454179807386, 2.17214695583688 41.445248954154, 2.17199412467887 41.445100763003, 2.17183603705068 41.4449903739856, 2.1722207449775 41.4451416663105, 2.17242899096263 41.4452286450634, 2.17257892338437 41.4452771926991, 2.17272424470372 41.4453155646216, 2.17288879830379 41.4453553176673, 2.17306883949676 41.4453915608274, 2.17421822033853 41.4455612123723, 2.17494000714077 41.4456618160765, 2.17536105072862 41.445717330378, 2.17572790553728 41.4457696625685, 2.17602880884836 41.4458079920659, 2.1761574782911 41.4458210556267, 2.17654832435688 41.4458838344849, 2.17655667481973 41.4459382360375, 2.17618058582488 41.4462958942305))"
"08","Nou Barris","50","les Roquetes","171","072","POLYGON ((430896.7045 4588661.1015, 430894.7605 4588675.3515, 430840.9515 4588671.7705, 430785.8815 4588666.8865, 430779.6455 4588650.5975, 430777.8555 4588645.1635, 430770.0935 4588617.9895, 430766.4835 4588603.6055, 430761.8495 4588580.1795, 430755.6355 4588535.7455, 430754.3695 4588523.0835, 430753.8235 4588510.1695, 430753.5655 4588496.0015, 430754.0795 4588481.6595, 430755.0075 4588468.6695, 430759.3535 4588436.5095, 430771.4885 4588433.7275, 430784.0525 4588455.8205, 430787.4285 4588460.3635, 430792.8745 4588465.8145, 430806.6445 4588477.2915, 430820.3785 4588488.0705, 430833.7015 4588500.1995, 430846.6255 4588516.5295, 430858.6475 4588535.1815, 430864.4865 4588545.3295, 430870.2855 4588556.2795, 430878.3075 4588575.0395, 430883.9415 4588590.6915, 430891.7545 4588616.5425, 430894.3225 4588629.1535, 430895.7685 4588645.3475, 430896.7045 4588661.1015))","POLYGON ((2.17272986452592 41.4465553684601, 2.17270496385539 41.4466835451207, 2.17206126270719 41.4466466584574, 2.17140261710456 41.446597923881, 2.17132983706548 41.4464506777626, 2.17130903303904 41.4464015815763, 2.17121923445421 41.446156167015, 2.1711776706897 41.4460263048229, 2.17112488610956 41.445814916665, 2.171055597386 41.4454141816425, 2.17104189481879 41.4453000309303, 2.17103683961821 41.4451836726584, 2.1710353755564 41.4450560449553, 2.17104317228172 41.4449269166922, 2.17105576955462 41.4448100010533, 2.17111147748057 41.4445207237587, 2.17125705134003 41.4444967139438, 2.1714049098682 41.4446967800425, 2.17144479990122 41.4447379880812, 2.17150936379526 41.4447875525497, 2.1716728756499 41.4448921082362, 2.17183603705068 41.4449903739856, 2.17199412467887 41.445100763003, 2.17214695583688 41.445248954154, 2.17228872487631 41.4454179807386, 2.17235745672744 41.4455098825771, 2.17242561817804 41.4456090042219, 2.17251949572032 41.4457786587712, 2.17258514457409 41.4459201151382, 2.17267570986777 41.4461536173495, 2.17270500655688 41.446267420627, 2.17272046276634 41.4464133979488, 2.17272986452592 41.4465553684601))"
"08","Nou Barris","50","les Roquetes","171","073","POLYGON ((431116.7135 4588554.9655, 431115.3355 4588565.9198, 431080.3775 4588560.1375, 431019.9775 4588549.5435, 430923.7855 4588531.6255, 430908.7075 4588527.7455, 430894.9195 4588523.4635, 430882.7395 4588519.3195, 430870.1635 4588514.0495, 430852.6755 4588504.5595, 430820.3785 4588488.0705, 430806.6445 4588477.2915, 430792.8745 4588465.8145, 430789.1005 4588462.2435, 430786.0045 4588458.6175, 430779.1915 4588447.6575, 430771.4885 4588433.7275, 430759.3535 4588436.5095, 430770.8545 4588397.2135, 430788.4915 4588349.5535, 430812.1675 4588302.4515, 430843.5375 4588318.1995, 430967.4275 4588378.6755, 430997.4755 4588393.6345, 431021.2635 4588404.7905, 431051.9335 4588420.2375, 431113.9135 4588450.1705, 431097.1935 4588487.5265, 431100.7965 4588503.0755, 431105.0175 4588516.7395, 431113.4265 4588536.3275, 431115.9865 4588546.4135, 431116.7135 4588554.9655))","POLYGON ((2.17537554417591 41.4456183526294, 2.17535780005793 41.4457168954362, 2.17494000714077 41.4456618160765, 2.17421822033853 41.4455612123723, 2.17306883949676 41.4453915608274, 2.17288879830379 41.4453553176673, 2.17272424470372 41.4453155646216, 2.17257892338437 41.4452771926991, 2.17242899096263 41.4452286450634, 2.1722207449775 41.4451416663105, 2.17183603705068 41.4449903739856, 2.1716728756499 41.4448921082362, 2.17150936379526 41.4447875525497, 2.17146459827454 41.4447550646332, 2.1714279547345 41.4447221397916, 2.17134765934191 41.4446228400661, 2.17125705134003 41.4444967139438, 2.17111147748057 41.4445207237587, 2.17125364713963 41.444167792371, 2.17147022018488 41.4437400585898, 2.17175901147558 41.4433178704864, 2.17213269829077 41.4434624092761, 2.17360871775996 41.4440177550791, 2.1739666787331 41.4441550680806, 2.17425014398059 41.4442575900152, 2.17461549723235 41.4443993496831, 2.17535397892014 41.4446742651397, 2.17514957996405 41.4450092810174, 2.17519093438068 41.4451496339585, 2.17523990147885 41.4452730624698, 2.1753383239214 41.4454502054731, 2.17536781717281 41.4455412657624, 2.17537554417591 41.4456183526294))"
"08","Nou Barris","50","les Roquetes","171","074","POLYGON ((431532.0315 4588723.8595, 431528.8655 4588726.9865, 431509.0695 4588726.0235, 431446.6955 4588720.7955, 431419.9995 4588717.5975, 431411.1515 4588715.9195, 431233.8005 4588701.1115, 431225.9345 4588670.1225, 431214.9605 4588583.5065, 431182.2455 4588576.8475, 431171.4835 4588575.4995, 431146.3075 4588571.4835, 431115.3355 4588565.9198, 431116.7135 4588554.9655, 431115.9865 4588546.4135, 431113.4265 4588536.3275, 431105.0175 4588516.7395, 431100.7965 4588503.0755, 431097.1935 4588487.5265, 431113.9135 4588450.1705, 431185.7095 4588484.8135, 431246.1655 4588510.8335, 431267.9115 4588519.2365, 431313.0715 4588535.6395, 431360.9395 4588552.1135, 431415.2875 4588568.0195, 431433.5955 4588572.4255, 431452.0325 4588577.2905, 431462.3972 4588579.6328, 431484.8049 4588593.3071, 431506.4877 4588599.1677, 431504.0871 4588610.0827, 431494.6329 4588639.9369, 431537.3295 4588713.9225, 431532.0315 4588723.8595))","POLYGON ((2.18032781695265 41.4471750456476, 2.18028956404193 41.4472029392796, 2.18005270634562 41.4471925770998, 2.17930665552646 41.4471401661734, 2.17898745608135 41.4471090827347, 2.17888173233848 41.4470932136758, 2.1767604532151 41.4469446705638, 2.17666982278587 41.4466648909726, 2.17654832435688 41.4458838344849, 2.1761574782911 41.4458210556267, 2.17602880884836 41.4458079920659, 2.17572790553728 41.4457696625685, 2.17535780005793 41.4457168954362, 2.17537554417591 41.4456183526294, 2.17536781717281 41.4455412657624, 2.1753383239214 41.4454502054731, 2.17523990147885 41.4452730624698, 2.17519093438068 41.4451496339585, 2.17514957996405 41.4450092810174, 2.17535397892014 41.4446742651397, 2.17620942801517 41.4449924385014, 2.17693012627904 41.4452319704391, 2.17718947130486 41.4453095151132, 2.17772817521551 41.4454611157764, 2.17829928875616 41.4456135849515, 2.17894803624618 41.4457614892046, 2.17916668606355 41.4458027362884, 2.17938682822828 41.4458481280097, 2.17951062990281 41.445870109177, 2.17977730337079 41.4459951811178, 2.1800361867006 41.446049815612, 2.18000621317494 41.4461479179802, 2.17988965800648 41.44641599649, 2.18039236273209 41.4470859987985, 2.18032781695265 41.4471750456476))"
"08","Nou Barris","51","Verdun","172","075","POLYGON ((431455.5405 4588560.2015, 431462.3972 4588579.6328, 431452.0325 4588577.2905, 431433.5955 4588572.4255, 431415.2875 4588568.0195, 431360.9395 4588552.1135, 431313.0715 4588535.6395, 431288.8135 4588526.8655, 431267.9115 4588519.2365, 431246.1655 4588510.8335, 431185.7095 4588484.8135, 431206.8475 4588470.4155, 431222.9195 4588460.4995, 431239.9095 4588449.1035, 431277.2205 4588425.2425, 431291.6605 4588415.6495, 431256.6555 4588364.1875, 431252.9875 4588359.3995, 431284.7495 4588338.4235, 431363.5415 4588288.8635, 431410.4835 4588429.7025, 431455.5405 4588560.2015))","POLYGON ((2.17943075894023 41.4456945135279, 2.17951062990281 41.445870109177, 2.17938682822828 41.4458481280097, 2.17916668606355 41.4458027362884, 2.17894803624618 41.4457614892046, 2.17829928875616 41.4456135849515, 2.17772817521551 41.4454611157764, 2.17743880223658 41.4453800158519, 2.17718947130486 41.4453095151132, 2.17693012627904 41.4452319704391, 2.17620942801517 41.4449924385014, 2.17646409018449 41.4448645730093, 2.1766576011187 41.4447766405642, 2.17686226843866 41.4446754566332, 2.17731159464767 41.4444637447415, 2.17748553161849 41.4443785803049, 2.17707238114161 41.4439120854085, 2.17702902070769 41.443868647663, 2.17741159227232 41.4436824441811, 2.17836034701427 41.443242816441, 2.17890623769173 41.4445153109897, 2.17943075894023 41.4456945135279))"
"08","Nou Barris","51","Verdun","172","076","POLYGON ((431284.7495 4588338.4235, 431252.9875 4588359.3995, 431242.4315 4588345.6175, 431220.9395 4588321.1005, 431198.8975 4588298.5435, 431181.1735 4588282.1015, 431157.0175 4588261.1075, 431116.8745 4588227.8815, 431135.0035 4588202.6695, 431154.9475 4588176.7915, 431173.7315 4588154.5515, 431196.2795 4588129.7075, 431210.0795 4588115.4895, 431218.1275 4588106.7155, 431258.4445 4588068.3405, 431303.9478 4588137.1441, 431318.4545 4588162.7055, 431330.4325 4588191.3315, 431363.5415 4588288.8635, 431284.7495 4588338.4235))","POLYGON ((2.17741159227232 41.4436824441811, 2.17702902070769 41.443868647663, 2.17690423597643 41.4437436145465, 2.17664977252029 41.4435209585014, 2.17638850422998 41.4433159077245, 2.17617822603951 41.4431663019329, 2.17589147869481 41.4429751461605, 2.17541476950426 41.4426724493361, 2.17563464032913 41.4424469299071, 2.17587631019193 41.4422155672689, 2.17610367928244 41.4420168707127, 2.17637639652827 41.4417950430376, 2.17654319370466 41.441668169499, 2.1766405224856 41.4415898349719, 2.17712745928674 41.4412476589988, 2.17766428031175 41.4418712412186, 2.17783501165085 41.4421027040363, 2.17797512846395 41.4423615519991, 2.17836034701427 41.443242816441, 2.17741159227232 41.4436824441811))"
"08","Nou Barris","51","Verdun","172","077","POLYGON ((431193.6055 4588479.4415, 431185.7095 4588484.8135, 431051.9335 4588420.2375, 431021.2635 4588404.7905, 431058.1755 4588332.1495, 431071.6495 4588304.4185, 431077.5675 4588288.9495, 431099.5555 4588253.4975, 431116.8745 4588227.8815, 431157.0175 4588261.1075, 431181.1735 4588282.1015, 431198.8975 4588298.5435, 431220.9395 4588321.1005, 431242.4315 4588345.6175, 431256.6555 4588364.1875, 431291.6605 4588415.6495, 431277.2205 4588425.2425, 431239.9095 4588449.1035, 431222.9195 4588460.4995, 431206.8475 4588470.4155, 431193.6055 4588479.4415))","POLYGON ((2.17630455526319 41.4449447318038, 2.17620942801517 41.4449924385014, 2.17461549723235 41.4443993496831, 2.17425014398059 41.4442575900152, 2.17470026678552 41.443606511853, 2.1748647116211 41.443357906586, 2.17493731332727 41.4432190914511, 2.17520454647961 41.4429016765067, 2.17541476950426 41.4426724493361, 2.17589147869481 41.4429751461605, 2.17617822603951 41.4431663019329, 2.17638850422998 41.4433159077245, 2.17664977252029 41.4435209585014, 2.17690423597643 41.4437436145465, 2.17707238114161 41.4439120854085, 2.17748553161849 41.4443785803049, 2.17731159464767 41.4444637447415, 2.17686226843866 41.4446754566332, 2.1766576011187 41.4447766405642, 2.17646409018449 41.4448645730093, 2.17630455526319 41.4449447318038))"
"08","Nou Barris","51","Verdun","173","078","POLYGON ((431031.0635 4588385.3575, 431021.2635 4588404.7905, 430997.4755 4588393.6345, 430967.4275 4588378.6755, 430843.5375 4588318.1995, 430812.1675 4588302.4515, 430832.2295 4588264.8675, 430854.7175 4588224.8655, 430879.8995 4588177.9735, 430887.9135 4588162.2975, 430892.1855 4588150.1795, 430908.4485 4588158.2415, 430927.1675 4588169.1875, 430939.2735 4588176.7155, 430950.5855 4588185.4835, 430968.9335 4588200.3535, 431058.8375 4588282.9495, 431074.7255 4588296.3785, 431071.6495 4588304.4185, 431058.1755 4588332.1495, 431031.0635 4588385.3575))","POLYGON ((2.17436966760487 41.4440834066382, 2.17425014398059 41.4442575900152, 2.1739666787331 41.4441550680806, 2.17360871775996 41.4440177550791, 2.17213269829077 41.4434624092761, 2.17175901147558 41.4433178704864, 2.17200345097758 41.4429810950748, 2.17227720289622 41.4426227500776, 2.17258398595878 41.4422025808149, 2.17268170287818 41.442062083187, 2.17273422268266 41.4419533088818, 2.17292795995257 41.4420273198159, 2.17315076498099 41.4421275167762, 2.17329480706702 41.442196359923, 2.17342920393564 41.4422763027958, 2.17364712151425 41.4424118088188, 2.17471380567042 41.4431634436449, 2.17490244782594 41.4432857575512, 2.1748647116211 41.443357906586, 2.17470026678552 41.443606511853, 2.17436966760487 41.4440834066382))"
"08","Nou Barris","51","Verdun","173","079","POLYGON ((431077.5675 4588288.9495, 431074.7255 4588296.3785, 431058.8375 4588282.9495, 430968.9335 4588200.3535, 430950.5855 4588185.4835, 430939.2735 4588176.7155, 430927.1675 4588169.1875, 430908.4485 4588158.2415, 430892.1855 4588150.1795, 430901.4265 4588086.2435, 430907.6925 4588060.7385, 430912.8395 4588046.7255, 430920.8075 4588029.7065, 430930.1475 4588013.0415, 430941.9425 4587996.7255, 430954.3285 4587982.7865, 430964.1195 4587973.3245, 430993.7205 4587989.2935, 431037.4295 4588018.0055, 431057.4015 4588031.7035, 431032.3115 4588055.8655, 430983.2625 4588109.2245, 430993.5875 4588122.8055, 431010.5555 4588138.0055, 430991.6549 4588165.3982, 431038.2535 4588203.6735, 431087.9215 4588245.6835, 431098.8975 4588254.5605, 431077.5675 4588288.9495))","POLYGON ((2.17493731332727 41.4432190914511, 2.17490244782594 41.4432857575512, 2.17471380567042 41.4431634436449, 2.17364712151425 41.4424118088188, 2.17342920393564 41.4422763027958, 2.17329480706702 41.442196359923, 2.17315076498099 41.4421275167762, 2.17292795995257 41.4420273198159, 2.17273422268266 41.4419533088818, 2.17285214508816 41.4413782579375, 2.17293006184495 41.4411490836915, 2.17299327030095 41.4410233170174, 2.17309058750227 41.4408707191577, 2.17320428555823 41.4407214275736, 2.17334732759547 41.440575490332, 2.17349717113052 41.4404510124344, 2.17361544256449 41.4403666338055, 2.17396791802467 41.4405130049457, 2.17448780235578 41.4407753581281, 2.1747252890342 41.4409004458564, 2.17442222189444 41.4411159087755, 2.17382904378705 41.4415922776313, 2.17395107652929 41.4417154838553, 2.17415243783801 41.4418538424966, 2.17392307921312 41.4420989334744, 2.17447647141487 41.4424476680032, 2.17506618307615 41.4428303003506, 2.17519654921724 41.4429111940617, 2.17493731332727 41.4432190914511))"
"08","Nou Barris","51","Verdun","173","080","POLYGON ((431099.5555 4588253.4975, 431098.8975 4588254.5605, 431087.9215 4588245.6835, 431038.2535 4588203.6735, 430991.6549 4588165.3982, 431010.5555 4588138.0055, 430993.5875 4588122.8055, 430983.2625 4588109.2245, 431032.3115 4588055.8655, 431057.4015 4588031.7035, 431083.6315 4588051.1235, 431112.1055 4588072.8315, 431119.6615 4588079.8235, 431125.8935 4588086.6255, 431150.2375 4588116.0655, 431178.9365 4588148.8155, 431173.7315 4588154.5515, 431154.9475 4588176.7915, 431135.0035 4588202.6695, 431116.8675 4588227.8915, 431099.5555 4588253.4975))","POLYGON ((2.17520454647961 41.4429016765067, 2.17519654921724 41.4429111940617, 2.17506618307615 41.4428303003506, 2.17447647141487 41.4424476680032, 2.17392307921312 41.4420989334744, 2.17415243783801 41.4418538424966, 2.17395107652929 41.4417154838553, 2.17382904378705 41.4415922776313, 2.17442222189444 41.4411159087755, 2.1747252890342 41.4409004458564, 2.17503702775881 41.4410776061062, 2.17537536648955 41.4412755651867, 2.17546500965698 41.4413391876842, 2.17553882722213 41.4414009852809, 2.17582685438144 41.4416682278785, 2.17616663384727 41.4419656549675, 2.17610367928244 41.4420168707127, 2.17587631019193 41.4422155672689, 2.17563464032913 41.4424469299071, 2.17541468457685 41.4426725388016, 2.17520454647961 41.4429016765067))"
"08","Nou Barris","51","Verdun","173","081","POLYGON ((431196.2795 4588129.7075, 431178.9365 4588148.8155, 431150.2375 4588116.0655, 431125.8935 4588086.6255, 431119.6615 4588079.8235, 431112.1055 4588072.8315, 431067.5855 4588039.1795, 431053.5135 4588028.8505, 431037.4295 4588018.0055, 430993.7205 4587989.2935, 430964.1195 4587973.3245, 430966.4625 4587970.9345, 430986.2295 4587953.8075, 430997.4235 4587942.7015, 431010.4655 4587927.7145, 431020.6535 4587913.9535, 431041.1995 4587927.0715, 431062.0515 4587941.4255, 431084.1655 4587957.5455, 431121.2295 4587987.914, 431134.1795 4587997.5205, 431151.6765 4588023.2295, 431180.5095 4588066.9975, 431212.0995 4588113.2865, 431196.2795 4588129.7075))","POLYGON ((2.17637639652827 41.4417950430376, 2.17616663384727 41.4419656549675, 2.17582685438144 41.4416682278785, 2.17553882722213 41.4414009852809, 2.17546500965698 41.4413391876842, 2.17537536648955 41.4412755651867, 2.17484633109673 41.440968653683, 2.17467907809597 41.4408744161366, 2.17448780235578 41.4407753581281, 2.17396791802467 41.4405130049457, 2.17361544256449 41.4403666338055, 2.17364375940457 41.4403453094604, 2.1738823102292 41.440192752545, 2.17401756112953 41.4400936872136, 2.17417537366696 41.4399598258476, 2.17429888585931 41.4398367611814, 2.1745433052344 41.4399566747478, 2.17479124703724 41.4400877462461, 2.1750540934664 41.4402348312143, 2.1754942558857 41.4405115289539, 2.17564816205246 41.4405991618117, 2.17585465777472 41.4408322133732, 2.17619478189887 41.441228886739, 2.17656762275883 41.4416485009979, 2.17637639652827 41.4417950430376))"
"08","Nou Barris","51","Verdun","173","082","POLYGON ((431218.1275 4588106.7155, 431212.0995 4588113.2865, 431180.5095 4588066.9975, 431151.6765 4588023.2295, 431134.1795 4587997.5205, 431121.2295 4587987.914, 431084.1655 4587957.5455, 431062.0515 4587941.4255, 431041.1995 4587927.0715, 431020.6535 4587913.9535, 431078.2355 4587834.1915, 431088.0855 4587822.0785, 431168.2915 4587934.3365, 431214.3865 4588002.2715, 431258.4445 4588068.3405, 431218.1275 4588106.7155))","POLYGON ((2.1766405224856 41.4415898349719, 2.17656762275883 41.4416485009979, 2.17619478189887 41.441228886739, 2.17585465777472 41.4408322133732, 2.17564816205246 41.4405991618117, 2.1754942558857 41.4405115289539, 2.1750540934664 41.4402348312143, 2.17479124703724 41.4400877462461, 2.1745433052344 41.4399566747478, 2.17429888585931 41.4398367611814, 2.17499718747647 41.4391233204358, 2.17511646306826 41.4390150687334, 2.1760636542455 41.4400330129386, 2.17660763626761 41.4406488276128, 2.17712745928674 41.4412476589988, 2.1766405224856 41.4415898349719))"
"08","Nou Barris","52","la Prosperitat","174","083","POLYGON ((431183.8285 4587945.8475, 431178.5085 4587949.3955, 431168.2915 4587934.3365, 431052.5515 4587772.3485, 431055.7335 4587771.2375, 431058.1275 4587770.0135, 431061.4055 4587767.6685, 431064.2155 4587764.7775, 431066.4695 4587761.4335, 431067.8365 4587758.4395, 431069.0365 4587753.8475, 431361.6535 4587801.6665, 431357.0664 4587831.1183, 431326.2615 4587849.7835, 431280.1835 4587881.5515, 431183.8285 4587945.8475))","POLYGON ((2.17624830729152 41.4401380198657, 2.17618422735814 41.4401695193574, 2.1760636542455 41.4400330129386, 2.17469683394464 41.4385641194004, 2.17473504555971 41.4385543862705, 2.17476383861343 41.4385435677239, 2.17480334000409 41.4385227286511, 2.17483730224917 41.4384969317744, 2.17486466148126 41.4384670071595, 2.17488136441918 41.4384401587076, 2.17489625084879 41.438398903346, 2.17839309833074 41.4388546573785, 2.17833484989539 41.4391195264805, 2.17796402608965 41.4392850028102, 2.17740890625964 41.4395671828474, 2.17624830729152 41.4401380198657))"
"08","Nou Barris","52","la Prosperitat","174","084","POLYGON ((431492.6435 4587976.3415, 431491.5845 4587988.0735, 431477.2075 4587974.2395, 431464.8015 4587960.7675, 431422.7145 4587917.1155, 431413.1995 4587907.0415, 431397.0275 4587887.9795, 431383.2575 4587869.2875, 431364.3615 4587839.0135, 431357.0664 4587831.1183, 431361.6535 4587801.6665, 431506.0105 4587824.9925, 431500.3655 4587884.9655, 431492.6435 4587976.3415))","POLYGON ((2.17994110010066 41.4404390760978, 2.17992709441334 41.4405446514429, 2.17975658193222 41.4404188269766, 2.1796096202852 41.4402964309007, 2.17911082837862 41.4398996802902, 2.17899808598125 41.4398081348577, 2.17880668636549 41.4396350690499, 2.17864399532355 41.4394655406484, 2.17842126775686 41.439191259174, 2.17833484989539 41.4391195264805, 2.17839309833074 41.4388546573785, 2.18011824978497 41.4390770728557, 2.18004388592068 41.4396167456385, 2.17994110010066 41.4404390760978))"
"08","Nou Barris","52","la Prosperitat","174","085","POLYGON ((431406.3255 4588058.9155, 431399.1865 4588065.0835, 431373.7525 4588027.7995, 431350.4335 4587992.2935, 431277.6715 4587883.2348, 431326.2615 4587849.7835, 431357.0664 4587831.1183, 431364.3615 4587839.0135, 431383.2575 4587869.2875, 431397.0275 4587887.9795, 431403.0095 4587895.1635, 431413.1995 4587907.0415, 431422.7145 4587917.1155, 431464.8015 4587960.7675, 431477.2075 4587974.2395, 431491.5845 4587988.0735, 431477.1015 4588000.5555, 431458.1475 4588015.9335, 431446.0635 4588025.0555, 431406.3255 4588058.9155))","POLYGON ((2.1788985679264 41.4411754191878, 2.1788124185003 41.4412303620788, 2.17851222533766 41.440892385755, 2.17823714814122 41.4405706032628, 2.17737864859245 41.4395821286946, 2.17796402608965 41.4392850028102, 2.17833484989539 41.4391195264805, 2.17842126775686 41.439191259174, 2.17864399532355 41.4394655406484, 2.17880668636549 41.4396350690499, 2.17887746959613 41.4397002837032, 2.17899808598125 41.4398081348577, 2.17911082837862 41.4398996802902, 2.1796096202852 41.4402964309007, 2.17975658193222 41.4404188269766, 2.17992709441334 41.4405446514429, 2.17975232855939 41.4406558362138, 2.17952371900689 41.4407927222235, 2.17937804736844 41.4408738489536, 2.1788985679264 41.4411754191878))"
"08","Nou Barris","52","la Prosperitat","174","086","POLYGON ((431341.7335 4588114.2215, 431303.9478 4588137.1441, 431277.8635 4588097.4635, 431214.3865 4588002.2715, 431178.5085 4587949.3955, 431277.6715 4587883.2348, 431350.4335 4587992.2935, 431373.7525 4588027.7995, 431399.1865 4588065.0835, 431382.9455 4588078.1475, 431341.7335 4588114.2215))","POLYGON ((2.17811915970838 41.4416680182934, 2.17766428031175 41.4418712412186, 2.17735657917432 41.4415116210467, 2.17660763626761 41.4406488276128, 2.17618422735814 41.4401695193574, 2.17737864859245 41.4395821286946, 2.17823714814122 41.4405706032628, 2.17851222533766 41.440892385755, 2.1788124185003 41.4412303620788, 2.17861654067281 41.4413466367194, 2.17811915970838 41.4416680182934))"
"08","Nou Barris","52","la Prosperitat","175","087","POLYGON ((431402.3395 4588264.4575, 431363.5415 4588288.8635, 431330.4325 4588191.3315, 431318.4545 4588162.7055, 431303.9478 4588137.1441, 431341.7335 4588114.2215, 431382.9455 4588078.1475, 431399.1865 4588065.0835, 431402.5695 4588070.4675, 431510.5595 4588196.4185, 431425.9555 4588249.8915, 431402.3395 4588264.4575))","POLYGON ((2.17882751927913 41.4430263169595, 2.17836034701427 41.443242816441, 2.17797512846395 41.4423615519991, 2.17783501165085 41.4421027040363, 2.17766428031175 41.4418712412186, 2.17811915970838 41.4416680182934, 2.17861654067281 41.4413466367194, 2.1788124185003 41.4412303620788, 2.17885229947032 41.4412791427621, 2.1801305912496 41.4424227549435, 2.17911184851341 41.4428971440575, 2.17882751927913 41.4430263169595))"
"08","Nou Barris","52","la Prosperitat","175","088","POLYGON ((431467.6575 4588374.8695, 431405.1325 4588413.6275, 431363.5415 4588288.8635, 431425.9555 4588249.8915, 431516.5335 4588192.5395, 431549.4465 4588173.1015, 431556.4155 4588187.3915, 431558.7275 4588191.5355, 431582.8253 4588230.1358, 431546.182 4588253.2645, 431578.0245 4588303.9215, 431493.5195 4588357.8775, 431467.6575 4588374.8695))","POLYGON ((2.17959682840096 41.4440263339767, 2.17884401193754 41.4443700724654, 2.17836034701427 41.443242816441, 2.17911184851341 41.4428971440575, 2.18020253715893 41.4423883278631, 2.1805986937186 41.4422160639334, 2.18068049039232 41.442345362695, 2.18070769452129 41.4423828832304, 2.18099176302947 41.4427325954549, 2.18055053570915 41.4429377833872, 2.18092594208444 41.4433967461911, 2.17990831991463 41.4438755008268, 2.17959682840096 41.4440263339767))"
"08","Nou Barris","52","la Prosperitat","175","089","POLYGON ((431483.4815 4588484.4405, 431439.1505 4588512.7305, 431405.1325 4588413.6275, 431467.6575 4588374.8695, 431493.5195 4588357.8775, 431578.0245 4588303.9215, 431621.6885 4588374.3535, 431601.8235 4588388.5175, 431575.2835 4588406.0735, 431566.4955 4588412.8575, 431519.7235 4588454.1875, 431492.9675 4588477.4075, 431483.4815 4588484.4405))","POLYGON ((2.17977381106956 41.4450145486182, 2.17923995621979 41.445265560933, 2.17884401193754 41.4443700724654, 2.17959682840096 41.4440263339767, 2.17990831991463 41.4438755008268, 2.18092594208444 41.4433967461911, 2.18144061664881 41.4440348206733, 2.18120123150601 41.4441606982299, 2.18088156206651 41.4443165568347, 2.18077560189844 41.4443769086713, 2.18021105907733 41.4447451638163, 2.17988815651888 41.4449520146468, 2.17977381106956 41.4450145486182))"
"08","Nou Barris","52","la Prosperitat","175","090","POLYGON ((431657.5245 4588349.0505, 431621.6885 4588374.3535, 431607.5335 4588351.8355, 431592.9075 4588327.7455, 431546.182 4588253.2645, 431582.8253 4588230.1358, 431558.7275 4588191.5355, 431556.4155 4588187.3915, 431549.4465 4588173.1015, 431554.7815 4588170.0095, 431579.1095 4588158.2315, 431586.6155 4588153.3535, 431600.7835 4588141.8195, 431613.6115 4588162.5475, 431650.0035 4588219.7435, 431661.4215 4588238.4555, 431666.7355 4588248.2075, 431707.1705 4588221.9035, 431749.0335 4588289.5535, 431703.6495 4588318.0675, 431657.5245 4588349.0505))","POLYGON ((2.18187243145585 41.4438099775857, 2.18144061664881 41.4440348206733, 2.18127373267353 41.4438308038322, 2.18110138998193 41.4436125882105, 2.18055053570915 41.4429377833872, 2.18099176302947 41.4427325954549, 2.18070769452129 41.4423828832304, 2.18068049039232 41.442345362695, 2.1805986937186 41.4422160639334, 2.18066290146622 41.442188670291, 2.18095542997903 41.442084663909, 2.18104582548688 41.4420413692316, 2.18121671520381 41.4419386939795, 2.18136791332271 41.4421264760374, 2.18179703678295 41.4426447178918, 2.18193158904949 41.4428142218219, 2.18199409263515 41.4429025067317, 2.18248105943173 41.4426690370214, 2.18297450052717 41.4432818951744, 2.18242804258525 41.4435348505674, 2.18187243145585 41.4438099775857))"
"08","Nou Barris","52","la Prosperitat","175","091","POLYGON ((431688.0115 4588234.5395, 431666.7355 4588248.2075, 431661.4215 4588238.4555, 431650.0035 4588219.7435, 431613.6115 4588162.5475, 431600.7835 4588141.8195, 431586.6155 4588153.3535, 431579.1095 4588158.2315, 431554.7815 4588170.0095, 431516.5335 4588192.5395, 431510.5595 4588196.4185, 431402.5695 4588070.4675, 431399.1865 4588065.0835, 431446.0635 4588025.0555, 431458.1475 4588015.9335, 431477.1015 4588000.5555, 431491.5845 4587988.0735, 431524.8135 4588022.8595, 431544.5635 4588043.0735, 431549.7995 4588049.0835, 431619.574 4588124.462, 431635.5685 4588110.0955, 431656.0535 4588140.4875, 431674.1195 4588168.6035, 431687.5855 4588191.1575, 431695.3875 4588202.9575, 431707.1705 4588221.9035, 431688.0115 4588234.5395))","POLYGON ((2.18225030467817 41.4427812147864, 2.18199409263515 41.4429025067317, 2.18193158904949 41.4428142218219, 2.18179703678295 41.4426447178918, 2.18136791332271 41.4421264760374, 2.18121671520381 41.4419386939795, 2.18104582548688 41.4420413692316, 2.18095542997903 41.442084663909, 2.18066290146622 41.442188670291, 2.18020253715893 41.4423883278631, 2.1801305912496 41.4424227549435, 2.17885229947032 41.4412791427621, 2.1788124185003 41.4412303620788, 2.17937804736844 41.4408738489536, 2.17952371900689 41.4407927222235, 2.17975232855939 41.4406558362138, 2.17992709441334 41.4405446514429, 2.18032087708105 41.4408607904335, 2.180554979976 41.4410445344557, 2.18061697037881 41.4410991106719, 2.18144359236117 41.4417839620981, 2.18163666347308 41.4416559304996, 2.18187841909509 41.4419314038788, 2.18209147986792 41.4421861718166, 2.18225011119176 41.4423904531284, 2.18234216357705 41.4424973951161, 2.18248105943173 41.4426690370214, 2.18225030467817 41.4427812147864))"
"08","Nou Barris","52","la Prosperitat","176","092","POLYGON ((431694.4835 4588047.6895, 431687.2975 4588055.2075, 431676.1895 4588043.8295, 431663.2535 4588029.8995, 431631.3935 4587994.8035, 431618.0315 4587979.2705, 431607.2055 4587989.9255, 431578.4515 4588019.6955, 431556.8375 4588041.2095, 431549.7995 4588049.0835, 431544.5635 4588043.0735, 431524.8135 4588022.8595, 431491.5845 4587988.0735, 431500.3655 4587884.9655, 431506.0105 4587824.9925, 431621.1995 4587842.6685, 431637.3165 4587843.6595, 431896.1312 4587882.3477, 431838.7305 4587924.7675, 431778.1995 4587972.3315, 431763.0575 4587978.1945, 431735.4435 4588004.4075, 431704.2055 4588036.7315, 431694.4835 4588047.6895))","POLYGON ((2.18234889810084 41.441098877313, 2.18226203644097 41.4411659777643, 2.18213036773744 41.4410625551804, 2.18197710822397 41.4409359919519, 2.18159973794393 41.440617183076, 2.18144156305216 41.4404761452463, 2.18131077822778 41.4405711887545, 2.18096324364565 41.4408368661745, 2.18070210249483 41.4410287925023, 2.18061697037881 41.4410991106719, 2.180554979976 41.4410445344557, 2.18032087708105 41.4408607904335, 2.17992709441334 41.4405446514429, 2.18004388592068 41.4396167456385, 2.18011824978497 41.4390770728557, 2.18149494117117 41.439246091695, 2.18168773319276 41.439256389622, 2.1847811241798 41.4396268338473, 2.18408930604659 41.4400040227529, 2.18335943188339 41.4404272733437, 2.18317753196364 41.4404787924947, 2.18284405226711 41.440712535978, 2.18246650263348 41.4410010097134, 2.18234889810084 41.441098877313))"
"08","Nou Barris","52","la Prosperitat","176","093","POLYGON ((431755.4575 4588285.5695, 431749.0335 4588289.5535, 431695.3875 4588202.9575, 431687.5855 4588191.1575, 431674.1195 4588168.6035, 431656.0535 4588140.4875, 431635.5685 4588110.0955, 431619.574 4588124.462, 431549.7995 4588049.0835, 431556.8375 4588041.2095, 431578.4515 4588019.6955, 431607.2055 4587989.9255, 431618.0315 4587979.2705, 431631.3935 4587994.8035, 431663.2535 4588029.8995, 431676.1895 4588043.8295, 431687.2975 4588055.2075, 431766.7595 4588183.9595, 431804.3435 4588247.9635, 431807.5765 4588253.9235, 431800.2715 4588257.6915, 431773.3755 4588274.9555, 431755.4575 4588285.5695))","POLYGON ((2.18305184415664 41.4432465588717, 2.18297450052717 41.4432818951744, 2.18234216357705 41.4424973951161, 2.18225011119176 41.4423904531284, 2.18209147986792 41.4421861718166, 2.18187841909509 41.4419314038788, 2.18163666347308 41.4416559304996, 2.18144359236117 41.4417839620981, 2.18061697037881 41.4410991106719, 2.18070210249483 41.4410287925023, 2.18096324364565 41.4408368661745, 2.18131077822778 41.4405711887545, 2.18144156305216 41.4404761452463, 2.18159973794393 41.440617183076, 2.18197710822397 41.4409359919519, 2.18213036773744 41.4410625551804, 2.18226203644097 41.4411659777643, 2.18319860272111 41.4423323561507, 2.18364124148088 41.4429120096769, 2.18367926663255 41.4429659637912, 2.18359140276793 41.4429992802535, 2.18326751644864 41.4431524854478, 2.18305184415664 41.4432465588717))"
"08","Nou Barris","52","la Prosperitat","176","094","POLYGON ((431816.0715 4588251.4415, 431807.5765 4588253.9235, 431804.3435 4588247.9635, 431766.7595 4588183.9595, 431687.2975 4588055.2075, 431694.4835 4588047.6895, 431704.2055 4588036.7315, 431735.4435 4588004.4075, 431763.0575 4587978.1945, 431825.7155 4588048.2005, 431904.4085 4588133.9825, 431931.4695 4588164.9315, 431971.9925 4588207.9545, 431948.0055 4588213.1685, 431816.0715 4588251.4415))","POLYGON ((2.18378122916677 41.4429443308496, 2.18367926663255 41.4429659637912, 2.18364124148088 41.4429120096769, 2.18319860272111 41.4423323561507, 2.18226203644097 41.4411659777643, 2.18234889810084 41.441098877313, 2.18246650263348 41.4410010097134, 2.18284405226711 41.440712535978, 2.18317753196364 41.4404787924947, 2.18391959979686 41.4411146334066, 2.18485183411593 41.4418939183829, 2.18517225320642 41.4421749593734, 2.18565245002194 41.4425658863483, 2.18536474770715 41.4426108140865, 2.18378122916677 41.4429443308496))"
"08","Nou Barris","52","la Prosperitat","176","095","POLYGON ((432021.0651 4588194.4128, 431971.9925 4588207.9545, 431931.4695 4588164.9315, 431904.4085 4588133.9825, 431825.7155 4588048.2005, 431763.0575 4587978.1945, 431778.1995 4587972.3315, 431838.7305 4587924.7675, 431896.1312 4587882.3477, 431950.338 4587890.4122, 431956.0235 4587912.0085, 432021.0651 4588194.4128))","POLYGON ((2.1862413536612 41.4424480777648, 2.18565245002194 41.4425658863483, 2.18517225320642 41.4421749593734, 2.18485183411593 41.4418939183829, 2.18391959979686 41.4411146334066, 2.18317753196364 41.4404787924947, 2.18335943188339 41.4404272733437, 2.18408930604659 41.4400040227529, 2.1847811241798 41.4396268338473, 2.18542902070053 41.4397040637788, 2.18549463876997 41.4398990556415, 2.1862413536612 41.4424480777648))"
"08","Nou Barris","52","la Prosperitat","177","096","POLYGON ((431921.5135 4588425.0555, 431915.6355 4588427.7585, 431881.3795 4588303.5605, 431860.6685 4588238.4655, 431948.0055 4588213.1685, 431971.9925 4588207.9545, 432021.0651 4588194.4128, 432039.4135 4588274.0795, 432062.6145 4588363.5609, 432050.2998 4588363.2732, 432036.1764 4588355.0723, 432027.8124 4588347.2581, 432024.3706 4588348.0255, 432027.1733 4588362.3042, 432019.156 4588364.373, 432013.391 4588381.9889, 432008.2141 4588384.6189, 431965.6515 4588403.9225, 431939.7235 4588416.1055, 431921.5135 4588425.0555))","POLYGON ((2.18502376963965 41.4445169558928, 2.18495310552753 41.4445408023248, 2.18455706759954 41.4434192911892, 2.18431650428805 41.4428312471246, 2.18536474770715 41.4426108140865, 2.18565245002194 41.4425658863483, 2.1862413536612 41.4424480777648, 2.18645201414611 41.4431671599622, 2.1867196602575 41.4439750497879, 2.18657228726519 41.4439714163661, 2.18640415470139 41.4438963583557, 2.1863049181145 41.4438252706181, 2.18626363396091 41.4438318908937, 2.18629557514137 41.4439607311951, 2.18619937631719 41.4439786852654, 2.18612838739222 41.4441368569953, 2.1860661244034 41.4441601060088, 2.18555448017198 41.4443303605377, 2.1852427511183 41.4444378905906, 2.18502376963965 41.4445169558928))"
"08","Nou Barris","52","la Prosperitat","177","097","POLYGON ((432144.3135 4588678.6561, 432148.4319 4588694.5399, 432114.0435 4588693.7765, 432097.5785 4588693.0275, 432076.6225 4588690.4065, 432057.5375 4588687.0375, 431905.6695 4588670.8545, 431893.4395 4588576.9645, 431953.4925 4588568.6945, 431939.0405 4588516.8175, 431915.6355 4588427.7585, 431965.6515 4588403.9225, 432008.2141 4588384.6189, 432013.391 4588381.9889, 432019.156 4588364.373, 432027.1733 4588362.3042, 432024.3706 4588348.0255, 432027.8124 4588347.2581, 432036.1764 4588355.0723, 432050.2998 4588363.2732, 432062.6145 4588363.5609, 432144.3135 4588678.6561))","POLYGON ((2.18766218946609 41.4468199061134, 2.18770970395322 41.4469633137529, 2.187298146122 41.4469535306436, 2.18710113738382 41.4469453920851, 2.18685058009106 41.446920012786, 2.1866225037755 41.4468880543467, 2.18480640738159 41.446729431838, 2.18467059670694 41.4458827623095, 2.18539037576696 41.445813370177, 2.185223227859 41.4453449082245, 2.18495310552753 41.4445408023248, 2.18555448017198 41.4443303605377, 2.1860661244034 41.4441601060088, 2.18612838739222 41.4441368569953, 2.18619937631719 41.4439786852654, 2.18629557514137 41.4439607311951, 2.18626363396091 41.4438318908937, 2.1863049181145 41.4438252706181, 2.18640415470139 41.4438963583557, 2.18657228726519 41.4439714163661, 2.1867196602575 41.4439750497879, 2.18766218946609 41.4468199061134))"
"08","Nou Barris","52","la Prosperitat","177","098","POLYGON ((431926.3495 4588572.5175, 431893.4395 4588576.9645, 431871.2235 4588576.5495, 431846.8415 4588576.6115, 431831.9775 4588576.1935, 431829.2135 4588556.9315, 431825.5985 4588538.0385, 431821.7485 4588521.1135, 431810.3185 4588477.6745, 431915.6355 4588427.7585, 431939.0405 4588516.8175, 431953.4925 4588568.6945, 431926.3495 4588572.5175))","POLYGON ((2.18506503768132 41.4458455012646, 2.18467059670694 41.4458827623095, 2.18440471324282 41.4458771394392, 2.18411284853615 41.4458756282275, 2.18393497049202 41.4458706013915, 2.18390405878835 41.4456968810886, 2.18386291900006 41.4455264119483, 2.18381874431016 41.4453736478687, 2.18368682970131 41.4449814383067, 2.18495310552753 41.4445408023248, 2.185223227859 41.4453449082245, 2.18539037576696 41.445813370177, 2.18506503768132 41.4458455012646))"
"08","Nou Barris","52","la Prosperitat","177","099","POLYGON ((431915.6355 4588427.7585, 431854.6565 4588456.5795, 431819.9515 4588402.1685, 431777.7305 4588333.4515, 431672.5035 4588372.9455, 431657.5245 4588349.0505, 431703.6495 4588318.0675, 431715.3735 4588310.5275, 431755.4575 4588285.5695, 431773.3755 4588274.9555, 431800.2715 4588257.6915, 431807.4295 4588253.9655, 431860.6685 4588238.4655, 431881.3795 4588303.5605, 431915.6355 4588427.7585))","POLYGON ((2.18495310552753 41.4445408023248, 2.18421993748699 41.4447952084331, 2.18381065961659 41.4443022022313, 2.18331303833098 41.4436797071388, 2.18204902468069 41.4440264658257, 2.18187243145585 41.4438099775857, 2.18242804258525 41.4435348505674, 2.18256922855249 41.4434679378921, 2.18305184415664 41.4432465588717, 2.18326751644864 41.4431524854478, 2.18359140276793 41.4429992802535, 2.18367750234918 41.4429663295835, 2.18431650428805 41.4428312471246, 2.18455706759954 41.4434192911892, 2.18495310552753 41.4445408023248))"
"08","Nou Barris","52","la Prosperitat","177","100","POLYGON ((431809.8135 4588477.9305, 431753.4925 4588505.5085, 431746.7135 4588493.0955, 431727.7675 4588461.3595, 431672.5035 4588372.9455, 431777.7305 4588333.4515, 431819.9515 4588402.1685, 431854.6565 4588456.5795, 431809.8135 4588477.9305))","POLYGON ((2.18368075592826 41.4449837011071, 2.18300347515823 41.4452272997665, 2.18292373253918 41.4451149242305, 2.18270053462198 41.4448274790339, 2.18204902468069 41.4440264658257, 2.18331303833098 41.4436797071388, 2.18381065961659 41.4443022022313, 2.18421993748699 41.4447952084331, 2.18368075592826 41.4449837011071))"
"08","Nou Barris","52","la Prosperitat","177","101","POLYGON ((431893.4395 4588576.9645, 431905.6695 4588670.8545, 431790.2765 4588657.8365, 431698.4785 4588643.7905, 431620.4085 4588630.7225, 431640.3405 4588539.3585, 431652.4625 4588536.6345, 431736.8215 4588511.8695, 431753.4925 4588505.5085, 431810.3185 4588477.6745, 431821.7485 4588521.1135, 431825.5985 4588538.0385, 431829.2135 4588556.9315, 431831.9775 4588576.1935, 431846.8415 4588576.6115, 431871.2235 4588576.5495, 431893.4395 4588576.9645))","POLYGON ((2.18467059670694 41.4458827623095, 2.18480640738159 41.446729431838, 2.18342658090205 41.4466023868329, 2.18232931593006 41.4464680744451, 2.18139627303533 41.4463437295938, 2.18164520506737 41.4455225464989, 2.18179061532991 41.4454990446195, 2.18280320293817 41.4452831734697, 2.18300347515823 41.4452272997665, 2.18368682970131 41.4449814383067, 2.18381874431016 41.4453736478687, 2.18386291900006 41.4455264119483, 2.18390405878835 41.4456968810886, 2.18393497049202 41.4458706013915, 2.18411284853615 41.4458756282275, 2.18440471324282 41.4458771394392, 2.18467059670694 41.4458827623095))"
"08","Nou Barris","52","la Prosperitat","177","102","POLYGON ((431640.3405 4588539.3585, 431620.4085 4588630.7225, 431539.1815 4588617.0675, 431504.0871 4588610.0827, 431506.4877 4588599.1677, 431484.8049 4588593.3071, 431462.3972 4588579.6328, 431439.1505 4588512.7305, 431483.4815 4588484.4405, 431492.9675 4588477.4075, 431519.7235 4588454.1875, 431566.4955 4588412.8575, 431575.2835 4588406.0735, 431601.8235 4588388.5175, 431657.5245 4588349.0505, 431727.7675 4588461.3595, 431746.7135 4588493.0955, 431753.4925 4588505.5085, 431736.8215 4588511.8695, 431652.4625 4588536.6345, 431640.3405 4588539.3585))","POLYGON ((2.18164520506737 41.4455225464989, 2.18139627303533 41.4463437295938, 2.18042551023335 41.44621382109, 2.18000621317494 41.4461479179802, 2.1800361867006 41.446049815612, 2.17977730337079 41.4459951811178, 2.17951062990281 41.445870109177, 2.17923995621979 41.445265560933, 2.17977381106956 41.4450145486182, 2.17988815651888 41.4449520146468, 2.18021105907733 41.4447451638163, 2.18077560189844 41.4443769086713, 2.18088156206651 41.4443165568347, 2.18120123150601 41.4441606982299, 2.18187243145585 41.4438099775857, 2.18270053462198 41.4448274790339, 2.18292373253918 41.4451149242305, 2.18300347515823 41.4452272997665, 2.18280320293817 41.4452831734697, 2.18179061532991 41.4454990446195, 2.18164520506737 41.4455225464989))"
"08","Nou Barris","53","la Trinitat Nova","178","103","POLYGON ((431742.7915 4589060.5635, 431735.2475 4589061.1455, 431727.3695 4589061.0095, 431719.4355 4589060.0735, 431712.2675 4589058.8755, 431704.4455 4589056.7575, 431696.8255 4589053.9675, 431689.6815 4589050.2575, 431681.8285 4589045.4275, 431675.5095 4589040.5215, 431661.4775 4589026.4695, 431658.3965 4589022.5865, 431649.8235 4589026.6515, 431615.5935 4589039.8055, 431608.0475 4589041.0415, 431600.9215 4589040.8855, 431595.7215 4589040.3375, 431590.7205 4589038.7635, 431526.5265 4588976.1255, 431522.0115 4588974.9385, 431515.1445 4588975.7205, 431508.7075 4588978.5775, 431504.4615 4588983.4755, 431502.2615 4588988.9225, 431502.2095 4589002.2205, 431444.2765 4588902.5135, 431457.1915 4588810.6785, 431470.3395 4588807.4795, 431474.8175 4588804.7515, 431476.7965 4588802.3675, 431504.6605 4588759.9525, 431518.4105 4588739.8935, 431522.1525 4588734.7075, 431528.8655 4588726.9865, 431532.0315 4588723.8595, 431537.3295 4588713.9225, 431494.6329 4588639.9369, 431504.0871 4588610.0827, 431539.1815 4588617.0675, 431702.2885 4588644.3735, 431671.1275 4588682.0435, 431654.2995 4588703.2515, 431638.8915 4588723.3695, 431626.6345 4588738.3185, 431661.1275 4588740.2715, 431699.7755 4588743.1425, 431706.3815 4588768.8995, 431720.9675 4588820.7645, 431765.3055 4588788.2575, 431787.4575 4588771.5695, 431800.7015 4588825.6915, 431780.5415 4588834.7995, 431750.4235 4588847.6255, 431665.2645 4588883.0375, 431803.2095 4589034.2205, 431774.2435 4589051.2375, 431762.9755 4589056.1115, 431752.2635 4589058.8535, 431742.7915 4589060.5635))","POLYGON ((2.18281265280008 41.4502255585402, 2.1827222777317 41.4502301588055, 2.18262798550942 41.4502282638408, 2.18253311337314 41.4502191587439, 2.18244744068046 41.4502077590071, 2.18235404303109 41.4501880174747, 2.18226313958814 41.4501622406126, 2.18217803847774 41.4501282181062, 2.18208457673829 41.4500840477836, 2.18200948719415 41.4500393234653, 2.18184310072145 41.4499115679598, 2.18180665766932 41.4498763329567, 2.18170357071373 41.4499122148421, 2.18129231569204 41.450027772195, 2.18120184280098 41.4500382614208, 2.18111655535368 41.450036249164, 2.18105436839784 41.4500308703955, 2.18099467990168 41.4500162677718, 2.18023331826831 41.4494466379703, 2.18017940444874 41.4494355619462, 2.18009711191319 41.4494420192369, 2.18001973149614 41.4494672018749, 2.17996834768978 41.4495109539229, 2.17994139395465 41.4495598251806, 2.1799392631332 41.4496795906278, 2.1792570718522 41.4487766227352, 2.17942209647798 41.4479506036835, 2.17957984864098 41.447922914135, 2.17963376239571 41.4478987263905, 2.17965772263757 41.4478774235705, 2.17999608082626 41.4474977862565, 2.18016294958596 41.4473182957716, 2.18020833105181 41.4472719067039, 2.18028956404193 41.4472029392796, 2.18032781695265 41.4471750456476, 2.18039236273209 41.4470859987985, 2.17988965800648 41.44641599649, 2.18000621317494 41.4461479179802, 2.18042551023335 41.44621382109, 2.18237485690745 41.4464736494688, 2.18199758833478 41.4468102769865, 2.18179375097345 41.44699985675, 2.18160703382708 41.4471797398538, 2.18145861978245 41.4473133358411, 2.18187129618051 41.4473338630319, 2.18233360638592 41.4473630103626, 2.18240977089003 41.4475955558681, 2.1825785094264 41.4480639249134, 2.18311293500269 41.4477749170009, 2.18337999159348 41.447626497271, 2.18353241777185 41.4481150788764, 2.18329006124577 41.4481953980623, 2.18292808024231 41.4483083567122, 2.1819046645676 41.4486200537456, 2.18353889212897 41.449993432979, 2.18319021858327 41.450144236937, 2.18305477868482 41.4501871773026, 2.18292623543885 41.4502109626809, 2.18281265280008 41.4502255585402))"
"08","Nou Barris","53","la Trinitat Nova","178","104","POLYGON ((431846.2775 4588900.2095, 431835.1905 4588904.6655, 431800.7015 4588825.6915, 431787.4575 4588771.5695, 431765.3055 4588788.2575, 431720.9675 4588820.7645, 431706.3815 4588768.8995, 431699.7755 4588743.1425, 431661.1275 4588740.2715, 431626.6345 4588738.3185, 431638.8915 4588723.3695, 431654.2995 4588703.2515, 431671.1275 4588682.0435, 431702.2885 4588644.3735, 431790.2765 4588657.8365, 431905.6695 4588670.8545, 431928.0415 4588774.2325, 431960.9345 4588852.3815, 431942.1775 4588859.9015, 431894.3885 4588880.2395, 431874.5435 4588888.1195, 431846.2775 4588900.2095))","POLYGON ((2.18406958155386 41.4487901051435, 2.18393635893584 41.4488292971897, 2.18353241777185 41.4481150788764, 2.18337999159348 41.447626497271, 2.18311293500269 41.4477749170009, 2.1825785094264 41.4480639249134, 2.18240977089003 41.4475955558681, 2.18233360638592 41.4473630103626, 2.18187129618051 41.4473338630319, 2.18145861978245 41.4473133358411, 2.18160703382708 41.4471797398538, 2.18179375097345 41.44699985675, 2.18199758833478 41.4468102769865, 2.18237485690745 41.4464736494688, 2.18342658090205 41.4466023868329, 2.18480640738159 41.446729431838, 2.18506255711025 41.4476624160874, 2.18544750016175 41.4483690634652, 2.1852221188103 41.4484352031365, 2.18464775826864 41.4486143264792, 2.18440931051574 41.4486836146087, 2.18406958155386 41.4487901051435))"
"08","Nou Barris","53","la Trinitat Nova","178","105","POLYGON ((432082.1005 4589028.8535, 432050.9305 4589049.2645, 432043.0055 4589032.7175, 432031.5715 4589007.0515, 432002.8975 4588944.9295, 431986.8125 4588908.5215, 431963.0625 4588857.3155, 431928.0415 4588774.2325, 431905.6695 4588670.8545, 432057.5375 4588687.0375, 432076.6225 4588690.4065, 432097.5785 4588693.0275, 432114.0435 4588693.7765, 432148.4319 4588694.5399, 432202.8416 4588904.3866, 432185.3225 4588909.1655, 432174.5415 4588897.8745, 432169.6045 4588893.5795, 432158.2795 4588885.4915, 432152.2375 4588882.4115, 432146.9515 4588880.5515, 432140.9115 4588879.3895, 432135.4055 4588879.8695, 432123.2595 4588882.3395, 432125.4135 4588890.7515, 432127.6455 4588902.2575, 432149.4765 4588985.4985, 432123.4215 4589001.3595, 432109.7695 4589010.1895, 432082.1005 4589028.8535))","POLYGON ((2.18687809262032 41.4499687419539, 2.18650266080407 41.4501499380033, 2.1864096526785 41.4500002344734, 2.18627566526401 41.4497681023402, 2.18593940542636 41.4492061643132, 2.18575095491782 41.4488768884054, 2.18547241791249 41.4484136825185, 2.18506255711025 41.4476624160874, 2.18480640738159 41.446729431838, 2.1866225037755 41.4468880543467, 2.18685058009106 41.446920012786, 2.18710113738382 41.4469453920851, 2.187298146122 41.4469535306436, 2.18770970395322 41.4469633137529, 2.18833745455558 41.4488579226116, 2.18812720078183 41.448899484468, 2.18799941188466 41.4487968797166, 2.18794079463983 41.4487577790628, 2.18780613442919 41.4486839763585, 2.1877341532465 41.4486557252597, 2.18767108492691 41.4486385261092, 2.18759891228418 41.4486275498075, 2.1875329475196 41.4486314074913, 2.18738727345002 41.4486526268594, 2.18741211299327 41.4487285727509, 2.18743753859122 41.4488323917358, 2.1876895201036 41.4495839580419, 2.18737583548738 41.4497246092152, 2.18721141569912 41.4498029831128, 2.18687809262032 41.4499687419539))"
"08","Nou Barris","53","la Trinitat Nova","178","106","POLYGON ((432126.4135 4589374.3555, 432122.1195 4589375.3375, 432117.0055 4589373.9995, 432107.1755 4589369.8145, 432108.8175 4589365.8875, 432121.8715 4589328.1835, 432129.2755 4589305.4855, 432144.3995 4589261.7175, 432149.7085 4589244.6715, 432140.8355 4589198.5715, 432133.7935 4589179.4775, 432126.6385 4589163.9515, 432115.1935 4589143.2775, 432102.2975 4589124.5015, 432094.6235 4589114.8415, 432090.4955 4589111.3735, 432086.9835 4589107.5205, 432082.4075 4589101.3675, 432060.5635 4589068.6675, 432056.7175 4589061.4035, 432050.9305 4589049.2645, 432093.9475 4589021.0955, 432109.7695 4589010.1895, 432130.8875 4588996.6655, 432149.4765 4588985.4985, 432127.6455 4588902.2575, 432125.4135 4588890.7515, 432123.2595 4588882.3395, 432135.4055 4588879.8695, 432140.9115 4588879.3895, 432146.9515 4588880.5515, 432152.2375 4588882.4115, 432158.2795 4588885.4915, 432169.6045 4588893.5795, 432174.5415 4588897.8745, 432185.3225 4588909.1655, 432202.8416 4588904.3866, 432235.3896 4589043.1106, 432243.3194 4589107.2487, 432248.2041 4589198.0576, 432251.745 4589256.9978, 432253.7084 4589329.8789, 432211.5225 4589342.2445, 432126.4135 4589374.3555))","POLYGON ((2.18736972687908 41.4530842965035, 2.18731821066397 41.4530927778431, 2.18725713859728 41.4530802944435, 2.18713992888597 41.4530417702276, 2.18716002770577 41.4530065401357, 2.1873205426901 41.4526680586938, 2.18741173080373 41.4524642525759, 2.18759770529162 41.4520713295835, 2.18766317665688 41.4519182515343, 2.18756213574968 41.4515022960649, 2.18747998014391 41.4513297281823, 2.18739607117694 41.4511892863153, 2.1872613849726 41.4510021154572, 2.18710911601999 41.4508319162671, 2.18701833583975 41.4507442630721, 2.18696930908128 41.4507126788473, 2.18692769986852 41.4506776791742, 2.18687361213718 41.4506218742197, 2.18661579456112 41.4503255089487, 2.18657057123657 41.4502597592862, 2.18650266080407 41.4501499380033, 2.18702078510062 41.4498998709384, 2.18721141569912 41.4498029831128, 2.18746573797934 41.449682963444, 2.1876895201036 41.4495839580419, 2.18743753859122 41.4488323917358, 2.18741211299327 41.4487285727509, 2.18738727345002 41.4486526268594, 2.1875329475196 41.4486314074913, 2.18759891228418 41.4486275498075, 2.18767108492691 41.4486385261092, 2.1877341532465 41.4486557252597, 2.18780613442919 41.4486839763585, 2.18794079463983 41.4487577790628, 2.18799941188466 41.4487968797166, 2.18812720078183 41.448899484468, 2.18833745455558 41.4488579226116, 2.18871151291665 41.4501101066481, 2.18879924409054 41.4506884440741, 2.18884753071084 41.4515067382679, 2.18888330684088 41.4520378894768, 2.18889863436504 41.4526944679216, 2.18839221851088 41.4528022781257, 2.18736972687908 41.4530842965035))"
"08","Nou Barris","53","la Trinitat Nova","178","107","POLYGON ((432193.0183 4589767.364, 432173.9239 4589798.3329, 432143.1692 4589763.0177, 432113.6705015 4589730.4085015, 432101.2583715 4589718.963671, 432056.1985 4589673.0356, 432053.0517 4589666.9313, 432022.6826 4589636.4483, 431916.9268 4589574.6778, 431908.539983 4589586.425984, 431908.148372 4589586.0534155, 431907.1655 4589583.1275, 431906.5875 4589580.4215, 431905.5295 4589579.2355, 431903.3515 4589577.8495, 431898.0245 4589575.5355, 431894.4275 4589572.6255, 431891.2155 4589568.2495, 431885.7995 4589559.7955, 431879.2835 4589551.8735, 431880.6775 4589549.9355, 431881.4645 4589547.2765, 431881.4655 4589544.9615, 431880.8755 4589540.9015, 431879.2335 4589536.7235, 431875.4365 4589531.0795, 431876.1095 4589530.0295, 431876.7205 4589527.8575, 431876.7855 4589523.4435, 431875.0895 4589514.3255, 431871.7435 4589500.7795, 431870.6115 4589497.5895, 431865.3615 4589485.9675, 431858.5135 4589476.7835, 431849.6915 4589466.0615, 431845.4995 4589459.9955, 431837.9595 4589447.1355, 431834.0015 4589439.1395, 431826.5195 4589420.6685, 431824.1355 4589416.7495, 431820.2235 4589412.8095, 431804.2795 4589402.9375, 431799.5655 4589399.4615, 431795.6875 4589395.8775, 431787.6835 4589385.8355, 431784.7775 4589380.7365, 431779.9395 4589370.2295, 431776.8515 4589359.4075, 431775.1195 4589351.1815, 431770.9235 4589336.1615, 431770.0875 4589331.1005, 431772.2585 4589318.5875, 431774.6015 4589310.4475, 431775.6015 4589304.7915, 431776.7055 4589302.2715, 431768.6295 4589295.2235, 431730.7295 4589260.0575, 431718.3515 4589249.2515, 431703.8845 4589233.8895, 431695.3995 4589227.0915, 431683.2055 4589218.6175, 431674.4695 4589210.8855, 431668.0495 4589203.4315, 431662.3335 4589194.6575, 431654.0695 4589180.3445, 431646.4485 4589170.1175, 431639.5615 4589164.1015, 431625.1695 4589155.3375, 431603.5695 4589143.6595, 431593.7815 4589136.2255, 431586.4955 4589127.3375, 431581.3595 4589120.0895, 431571.2815 4589107.0595, 431553.6455 4589091.2595, 431532.8555 4589068.8055, 431525.2875 4589059.9815, 431519.1915 4589052.5015, 431502.2095 4589002.2205, 431502.2615 4588988.9225, 431504.4615 4588983.4755, 431508.7075 4588978.5775, 431515.1445 4588975.7205, 431522.0115 4588974.9385, 431526.5265 4588976.1255, 431590.7205 4589038.7635, 431595.7215 4589040.3375, 431600.9215 4589040.8855, 431608.0475 4589041.0415, 431615.5935 4589039.8055, 431649.8235 4589026.6515, 431658.3965 4589022.5865, 431661.4775 4589026.4695, 431675.5095 4589040.5215, 431681.8285 4589045.4275, 431689.6815 4589050.2575, 431696.8255 4589053.9675, 431704.4455 4589056.7575, 431712.2675 4589058.8755, 431719.4355 4589060.0735, 431727.3695 4589061.0095, 431735.2475 4589061.1455, 431742.7915 4589060.5635, 431752.2635 4589058.8535, 431762.9755 4589056.1115, 431774.2435 4589051.2375, 431803.2095 4589034.2205, 431665.2645 4588883.0375, 431750.4235 4588847.6255, 431780.5415 4588834.7995, 431800.7015 4588825.6915, 431835.1905 4588904.6655, 431874.5435 4588888.1195, 431894.3885 4588880.2395, 431942.1775 4588859.9015, 431960.9345 4588852.3815, 431986.8125 4588908.5215, 432002.8975 4588944.9295, 432031.5715 4589007.0515, 432043.0055 4589032.7175, 432056.7175 4589061.4035, 432060.5635 4589068.6675, 432082.4075 4589101.3675, 432086.9835 4589107.5205, 432090.4955 4589111.3735, 432094.6235 4589114.8415, 432102.2975 4589124.5015, 432115.1935 4589143.2775, 432126.6385 4589163.9515, 432133.7935 4589179.4775, 432140.8355 4589198.5715, 432149.7085 4589244.6715, 432144.3995 4589261.7175, 432129.2755 4589305.4855, 432121.8715 4589328.1835, 432108.8175 4589365.8875, 432107.1755 4589369.8145, 432117.0055 4589373.9995, 432122.1195 4589375.3375, 432126.4135 4589374.3555, 432211.5225 4589342.2445, 432253.7084 4589329.8789, 432255.3575 4589391.0925, 432248.8748 4589495.91, 432245.66 4589568.638, 432241.0724 4589590.8967, 432237.7056 4589615.1758, 432228.228 4589658.371, 432193.0183 4589767.364))","POLYGON ((2.18812295001324 41.4566296044476, 2.18789086855504 41.4569069157384, 2.18752663519925 41.4565862452532, 2.18717713814628 41.4562900517969, 2.18702982566777 41.4561859224993, 2.18649553268228 41.4557684522411, 2.18645854610513 41.455713206732, 2.18609839876165 41.4554360861918, 2.18483925914743 41.4548707780225, 2.18473752829161 41.4549758777871, 2.18473288198904 41.4549724889797, 2.18472144515909 41.454946053, 2.18471483061215 41.4549216320664, 2.18470229813376 41.4549108604526, 2.18467637972094 41.4548981924787, 2.1846128665803 41.4548768991416, 2.18457013203832 41.4548503846493, 2.18453217207777 41.4548106991243, 2.18446828628995 41.4547340975632, 2.18439117161651 41.4546621941123, 2.18440807900449 41.4546448576273, 2.18441780083565 41.4546209758504, 2.18441807400018 41.4546001256306, 2.18441146870635 41.4545635087093, 2.18439228239699 41.4545257397104, 2.18434746230714 41.4544745840849, 2.18435563779985 41.4544651842727, 2.18436319763805 41.4544456737791, 2.18436447384877 41.4544059241145, 2.18434519854227 41.4543236578634, 2.18430666955134 41.4542013702623, 2.18429347750401 41.454172543073, 2.18423193742775 41.4540674225273, 2.18415099162007 41.4539841243861, 2.18404658751072 41.4538868063935, 2.18399708695096 41.4538318162993, 2.1839082723427 41.4537153509185, 2.18386179128873 41.453642997881, 2.18377430507318 41.4534760012267, 2.18374620727294 41.4534405018012, 2.18369981927821 41.453404683422, 2.18351005919645 41.4533144154946, 2.18345401781161 41.4532827079359, 2.18340799690979 41.4532500986833, 2.18331331098487 41.4531589740455, 2.18327909774109 41.4531128023397, 2.18322236657318 41.4530177586486, 2.18318662129324 41.4529200266103, 2.18316681612519 41.452845790995, 2.18311828099631 41.4527101549905, 2.18310884474322 41.4526645014598, 2.18313624869024 41.4525519862946, 2.18316521751356 41.452478871654, 2.18317782800334 41.4524280152655, 2.18319132917135 41.4524054124503, 2.18309544449944 41.4523412473092, 2.18264570452721 41.4520212978652, 2.18249874528008 41.4519229194434, 2.18232729373572 41.4517833289584, 2.18222648630016 41.4517213799514, 2.18208146724011 41.4516440200786, 2.1819777611544 41.4515736373171, 2.18190174922457 41.4515059554836, 2.18183431458213 41.4514264448171, 2.18173700438632 41.451296829527, 2.18164692952342 41.4512040699253, 2.18156516503768 41.451149299606, 2.18139386827026 41.4510691397492, 2.1811366139872 41.4509621201711, 2.18102028263014 41.4508943308786, 2.18093406796662 41.450813659128, 2.18087340555592 41.4507479414292, 2.18075423736544 41.4506297261655, 2.18054490635429 41.4504859179822, 2.18029857409184 41.4502819104104, 2.18020897805226 41.4502017904911, 2.1801368511051 41.4501339009758, 2.1799392631332 41.4496795906278, 2.17994139395465 41.4495598251806, 2.17996834768978 41.4495109539229, 2.18001973149614 41.4494672018749, 2.18009711191319 41.4494420192369, 2.18017940444874 41.4494355619462, 2.18023331826831 41.4494466379703, 2.18099467990168 41.4500162677718, 2.18105436839784 41.4500308703955, 2.18111655535368 41.450036249164, 2.18120184280098 41.4500382614208, 2.18129231569204 41.450027772195, 2.18170357071373 41.4499122148421, 2.18180665766932 41.4498763329567, 2.18184310072145 41.4499115679598, 2.18200948719415 41.4500393234653, 2.18208457673829 41.4500840477836, 2.18217803847774 41.4501282181062, 2.18226313958814 41.4501622406126, 2.18235404303109 41.4501880174747, 2.18244744068046 41.4502077590071, 2.18253311337314 41.4502191587439, 2.18262798550942 41.4502282638408, 2.1827222777317 41.4502301588055, 2.18281265280008 41.4502255585402, 2.18292623543885 41.4502109626809, 2.18305477868482 41.4501871773026, 2.18319021858327 41.450144236937, 2.18353889212897 41.449993432979, 2.1819046645676 41.4486200537456, 2.18292808024231 41.4483083567122, 2.18329006124577 41.4481953980623, 2.18353241777185 41.4481150788764, 2.18393635893584 41.4488292971897, 2.18440931051574 41.4486836146087, 2.18464775826864 41.4486143264792, 2.1852221188103 41.4484352031365, 2.18544750016175 41.4483690634652, 2.18575095491782 41.4488768884054, 2.18593940542636 41.4492061643132, 2.18627566526401 41.4497681023402, 2.1864096526785 41.4500002344734, 2.18657057123657 41.4502597592862, 2.18661579456112 41.4503255089487, 2.18687361213718 41.4506218742197, 2.18692769986852 41.4506776791742, 2.18696930908128 41.4507126788473, 2.18701833583975 41.4507442630721, 2.18710911601999 41.4508319162671, 2.1872613849726 41.4510021154572, 2.18739607117694 41.4511892863153, 2.18747998014391 41.4513297281823, 2.18756213574968 41.4515022960649, 2.18766317665688 41.4519182515343, 2.18759770529162 41.4520713295835, 2.18741173080373 41.4524642525759, 2.1873205426901 41.4526680586938, 2.18716002770577 41.4530065401357, 2.18713992888597 41.4530417702276, 2.18725713859728 41.4530802944435, 2.18731821066397 41.4530927778431, 2.18736972687908 41.4530842965035, 2.18839221851088 41.4528022781257, 2.18889863436504 41.4526944679216, 2.18891150850668 41.4532459349859, 2.18882213849105 41.4541894393866, 2.18877548997797 41.4548442015122, 2.1887180696585 41.4550442898338, 2.18867503756063 41.4552626781752, 2.18855672325127 41.4556509205486, 2.18812295001324 41.4566296044476))"
"08","Nou Barris","54","Torre Baró","179","108","POLYGON ((431059.3255 4589698.6285, 431059.1715 4589695.3235, 431059.9455 4589692.0175, 431061.6935 4589689.8595, 431064.9215 4589688.0595, 431074.7595 4589684.0275, 431082.6555 4589681.2335, 431085.5635 4589683.4035, 431091.3975 4589685.0395, 431117.4155 4589688.1495, 431124.0135 4589690.0695, 431128.4975 4589691.5215, 431136.9515 4589695.2595, 431146.6275 4589700.0395, 431159.6355 4589707.2735, 431166.5335 4589712.1955, 431178.9555 4589722.9115, 431185.2335 4589727.2035, 431196.6115 4589733.3595, 431214.4955 4589744.1895, 431222.9375 4589748.6955, 431230.7335 4589752.3015, 431252.8015 4589760.4315, 431260.9495 4589762.9615, 431268.1435 4589764.6715, 431271.7095 4589764.5095, 431273.6415 4589763.9955, 431282.0335 4589759.7535, 431283.2965 4589758.9035, 431285.0095 4589756.9455, 431286.3035 4589755.2855, 431288.0595 4589752.0515, 431289.7335 4589747.1735, 431289.7295 4589742.7975, 431289.1855 4589738.8515, 431284.7525 4589722.2435, 431284.2075 4589717.6175, 431284.9135 4589714.1695, 431287.0875 4589710.4335, 431291.5955 4589718.0115, 431303.8895 4589741.6655, 431341.9505 4589723.4685, 431345.3425 4589728.7225, 431355.5025 4589723.3135, 431346.1015 4589709.5405, 431332.4115 4589691.4945, 431326.0995 4589682.5695, 431319.6835 4589669.4595, 431329.3495 4589663.3115, 431319.9575 4589642.5405, 431314.3185 4589622.3435, 431311.0745 4589621.6815, 431309.0645 4589608.5995, 431298.3825 4589603.7095, 431288.8655 4589586.9735, 431275.2015 4589555.3405, 431265.2315 4589537.9205, 431238.4215 4589513.8285, 431221.1295 4589491.9445, 431223.7903 4589489.5892, 431246.5638 4589438.1947, 431251.6268 4589435.1697, 431260.5085 4589432.9785, 431259.4705 4589430.8375, 431256.2875 4589427.1655, 431252.4115 4589423.9815, 431247.4315 4589420.6215, 431243.3995 4589418.9915, 431238.4015395 4589418.3576505, 431288.8415 4589250.1403, 431287.0275 4589248.9463, 431313.949137 4589208.004048, 431316.034408 4589206.800466, 431315.082432 4589206.280414, 431327.3837 4589211.6246, 431341.1155 4589219.4715, 431354.253 4589231.0961, 431363.8435 4589242.2895, 431375.0715 4589257.5495, 431384.6235 4589269.0075, 431403.3335 4589283.4995, 431409.8745 4589284.6855, 431413.5375 4589281.0705, 431419.4804 4589269.8016, 431425.8304 4589266.5605, 431440.3205 4589283.1605, 431446.996177 4589276.3701235, 431451.2826175 4589279.359532, 431462.943096 4589294.0239835, 431468.194 4589298.477, 431498.9008 4589309.5306, 431528.7505 4589311.0005, 431537.515625 4589312.048715, 431539.1505 4589314.0605, 431561.081274 4589331.7881585, 431568.2135815 4589336.2043885, 431576.7805 4589339.3805, 431584.945 4589340.098, 431592.3890535 4589340.0701605, 431597.900558 4589339.2238115, 431614.437 4589339.422, 431625.6725 4589340.7269, 431652.6247 4589341.8237, 431660.8869 4589343.038, 431667.7674 4589346.5663, 431671.9067 4589351.0743, 431673.7517 4589356.3333, 431674.9795 4589367.66, 431678.658 4589376.9433, 431684.0056 4589384.6395, 431693.3645 4589396.3845, 431700.5721 4589403.6818, 431721.5885 4589417.9285, 431742.4735 4589435.3135, 431749.8295 4589439.7155, 431757.9675 4589443.0155, 431784.6935 4589452.5115, 431791.8439 4589455.6797, 431827.1935 4589478.8055, 431835.5055 4589484.5555, 431840.7175 4589489.4275, 431852.4935 4589502.2455, 431859.3885 4589512.1135, 431861.9368 4589517.8092, 431864.0775 4589525.4985, 431864.6155 4589530.0295, 431866.0735 4589532.3655, 431867.8875 4589533.5975, 431869.1875 4589533.9915, 431870.5895 4589533.9775, 431873.4935 4589532.8595, 431875.4365 4589531.0795, 431876.6275 4589532.7115, 431879.2335 4589536.7235, 431880.8755 4589540.9015, 431881.2655 4589542.9035, 431881.4645 4589547.2765, 431881.2035 4589548.7715, 431879.2835 4589551.8735, 431885.7995 4589559.7955, 431891.2155 4589568.2495, 431894.4275 4589572.6255, 431898.0245 4589575.5355, 431904.8635 4589578.6835, 431906.5875 4589580.4215, 431907.1655 4589583.1275, 431908.148246 4589586.053041, 431908.5399415 4589586.426042, 431916.9268 4589574.6778, 432022.6826 4589636.4483, 432053.0516575 4589666.9312565, 432056.1985 4589673.0356, 432101.2583 4589718.963598, 432113.6705015 4589730.4085015, 432143.1692 4589763.0177, 432127.5932 4589783.6849, 432092.8986 4589826.0962, 432072.717 4589848.9224, 431990.5318 4589924.1628, 431897.3123 4590007.9499, 431803.8213 4590094.7332, 431776.2394 4590122.5301, 431732.5123 4590168.5879, 431702.1632 4590204.6427, 431663.317 4590260.5339, 431633.9632 4590307.0569, 431598.6497 4590372.6443, 431568.3496 4590435.469, 431532.8105 4590418.9015, 431503.5905 4590405.8535, 431526.4313 4590353.0312, 431540.7471 4590324.9529, 431559.9522155 4590288.996607, 431555.2695 4590286.3335, 431566.0115 4590274.5015, 431581.7965 4590253.0055, 431597.6955 4590230.0575, 431588.4555 4590221.3235, 431583.9675 4590209.2335, 431572.0555 4590188.6495, 431561.9595 4590178.9035, 431558.4135 4590176.2635, 431546.1075 4590168.3015, 431491.4755 4590145.0215, 431456.5435 4590133.7675, 431448.0215 4590129.8175, 431436.8215 4590123.1775, 431429.1255 4590117.3855, 431423.1415 4590112.2335, 431414.9815 4590103.8975, 431406.2535 4590092.6955, 431401.4035 4590085.1055, 431388.7075 4590062.6655, 431381.7315 4590051.6655, 431378.1875 4590046.7055, 431367.0355 4590032.8815, 431349.8252 4590014.5612, 431347.2657 4590010.9365, 431346.167 4590008.4677, 431346.3674 4590004.8642, 431348.3057 4590002.0398, 431350.9546 4590000.191, 431356.04 4589998.7873, 431372.3885 4589996.4895, 431377.2915 4589996.6575, 431389.5635 4589998.3295, 431417.2035 4590004.3535, 431428.8995 4590006.3295, 431440.1855 4590007.2975, 431444.8595 4590006.3695, 431448.7615 4590004.6115, 431452.0795 4590002.1075, 431454.8355 4589998.5835, 431456.4255 4589995.2875, 431457.3555 4589990.5355, 431456.9895 4589985.4865, 431455.4755 4589980.8555, 431453.6605 4589977.4955, 431449.6915 4589972.6635, 431444.6675 4589968.8735, 431402.6075 4589945.6055, 431396.2515 4589942.7015, 431390.6775 4589940.7815, 431385.9015 4589940.0055, 431378.8735 4589939.6715, 431361.3815 4589939.7515, 431359.3655 4589939.3235, 431351.3275 4589934.3505, 431318.9035 4589912.8755, 431311.1475 4589908.6495, 431303.9135 4589906.4335, 431289.6215 4589902.9695, 431275.5935 4589899.8755, 431269.6895 4589899.0675, 431254.5465 4589893.9655, 431243.5095 4589888.9135, 431221.0375 4589877.0835, 431202.1415 4589866.6435, 431190.1535 4589858.6655, 431184.6635 4589854.5075, 431178.5855 4589849.2235, 431163.4235 4589833.9815, 431135.5075 4589808.2705, 431130.2455 4589802.3555, 431128.7675 4589800.1035, 431127.4955 4589797.2475, 431124.3435 4589782.7915, 431123.0315 4589778.4715, 431115.4815 4589766.4925, 431109.1655 4589761.1735, 431105.4455 4589757.3155, 431100.4645 4589753.4415, 431075.0675 4589737.9035, 431072.9875 4589731.3495, 431067.6475 4589720.2795, 431065.6855 4589715.5015, 431063.8195 4589709.7055, 431061.0775 4589703.5295, 431059.3255 4589698.6285))","POLYGON ((2.17455803491379 41.455913935794, 2.17455656863766 41.4558841557945, 2.17456621250895 41.4558544465118, 2.17458738601968 41.4558351604633, 2.1746262372149 41.4558192259055, 2.17474447819254 41.4557837563905, 2.17483932809664 41.4557592701319, 2.1748738949671 41.4557790641609, 2.17494355290645 41.4557942999201, 2.17525468576773 41.4558245441319, 2.17533345806851 41.4558424031063, 2.17538697495066 41.4558558655164, 2.17548776002985 41.4558902576498, 2.1756030562005 41.4559341394111, 2.17575796354873 41.4560004090697, 2.17583998553716 41.4560453312168, 2.17598748081952 41.4561429112494, 2.17606215226803 41.4561821059165, 2.17619766902469 41.4562385261061, 2.17641054396721 41.4563376006439, 2.17651109918204 41.4563789079226, 2.17660402305399 41.4564120538223, 2.17686729811647 41.4564871682749, 2.17696455904246 41.4565106529496, 2.17705049196834 41.4565266704269, 2.17709320309339 41.456525516783, 2.17711639179995 41.4565210528619, 2.17721734493114 41.4564835655814, 2.17723256249883 41.4564760181326, 2.17725329364308 41.4564585299112, 2.17726897453319 41.4564436897724, 2.17729036569252 41.4564147128144, 2.17731096223272 41.4563709219933, 2.17731141240416 41.4563315088026, 2.17730534869613 41.4562959222096, 2.17725416673193 41.4561459611382, 2.17724816849913 41.4561042499728, 2.1772570132423 41.4560732556957, 2.17728346574086 41.4560397932193, 2.1773365733222 41.4561084311695, 2.17748106634808 41.4563225256451, 2.17793880647858 41.4561618900004, 2.17797881828641 41.4562095008516, 2.17810106979116 41.4561616533463, 2.1779900865122 41.4560368012958, 2.17782824161008 41.4558730969675, 2.17775368939955 41.4557921729777, 2.17767836838304 41.4556735474427, 2.17779478898856 41.4556190020992, 2.17768471105773 41.4554311223766, 2.17761949904548 41.4552487335608, 2.17758073747158 41.4552424935354, 2.17755816236221 41.4551244972169, 2.17743083506925 41.4550795405628, 2.17731880337926 41.4549279913993, 2.17715882077893 41.4546419157617, 2.1770414451201 41.4544841670251, 2.17672322574241 41.4542648834724, 2.17651870353356 41.4540663013811, 2.17655082611598 41.4540453161819, 2.17682931588291 41.4535843780641, 2.17689027256556 41.453557566839, 2.17699685021054 41.4535385923677, 2.1769846674441 41.4535192203385, 2.1769469799331 41.4534858754784, 2.1769009405894 41.4534568664619, 2.17684170470564 41.4534261776901, 2.17679362092266 41.4534111515169, 2.17673385965063 41.453405014487, 2.17735684795416 41.4518942684429, 2.17733526789163 41.4518833592619, 2.17766221194276 41.4515169131653, 2.17768731210127 41.4515062514355, 2.17767597493425 41.4515014860674, 2.17782262842861 41.4515506716374, 2.17798612282818 41.451622520346, 2.17814207360998 41.4517283422333, 2.17825561174949 41.4518299769415, 2.17838829109126 41.4519683778002, 2.17850133906753 41.4520723921239, 2.17872367638464 41.4522045151519, 2.17880184632177 41.452215756013, 2.17884610803623 41.452183510183, 2.17891853249425 41.4520825235189, 2.17899491856463 41.4520538747959, 2.17916649955911 41.4522046223302, 2.17924718741776 41.4521440343358, 2.17929816252301 41.4521713248682, 2.1794360897473 41.4523043976057, 2.17949844490485 41.452344952548, 2.17986479391444 41.4524471293958, 2.18022197015607 41.4524629153629, 2.18032678221976 41.4524731039638, 2.18034612588548 41.4524913627759, 2.18060665898077 41.4526528992322, 2.1806915425137 41.4526932826473, 2.18079374107432 41.4527226190511, 2.18089140076591 41.4527297773154, 2.18098052012403 41.45273016111, 2.18104659677137 41.4527230081359, 2.18124453970402 41.4527262023537, 2.18137889730586 41.4527389123544, 2.18170143049197 41.4527510865237, 2.18180020372275 41.4527627268207, 2.18188217413115 41.4527950906853, 2.18193121752669 41.4528360448934, 2.18195270980602 41.4528835677222, 2.18196612669168 41.4529856873992, 2.1820091134655 41.4530696116005, 2.18207226162383 41.453139383478, 2.18218297337057 41.4532459626941, 2.18226843413479 41.4533123000345, 2.18251842244132 41.4534424027649, 2.18276648389375 41.4536007592236, 2.18285404959197 41.4536410319211, 2.18295110177803 41.4536714457648, 2.1832699830067 41.4537592446599, 2.18335522724202 41.4537883871484, 2.18377580962211 41.4539996758262, 2.18387466925797 41.4540521698745, 2.18393651582834 41.4540964927562, 2.18407604804481 41.4542129395509, 2.1841574795113 41.4543024022557, 2.18418734435006 41.4543539175766, 2.18421210455252 41.4544233538632, 2.18421803403412 41.4544642084945, 2.18423522528521 41.4544853717229, 2.18425680309201 41.4544966218741, 2.18427232196657 41.4545002808448, 2.18428910800653 41.4545002737754, 2.18432400026056 41.4544904509124, 2.18434746230714 41.4544745840849, 2.18436153656836 41.4544893839754, 2.18439228239699 41.4545257397104, 2.18441146870635 41.4545635087093, 2.18441591183374 41.4545815730486, 2.18441780083565 41.4546209758504, 2.1844145075146 41.4546344185799, 2.18439117161651 41.4546621941123, 2.18446828628995 41.4547340975632, 2.18453217207777 41.4548106991243, 2.18457013203832 41.4548503846493, 2.1846128665803 41.4548768991416, 2.18469438712512 41.4549058322914, 2.18471483061215 41.4549216320664, 2.18472144515909 41.454946053, 2.18473288052282 41.4549724855961, 2.18473752778823 41.454975878306, 2.18483925914743 41.4548707780225, 2.18609839876165 41.4554360861918, 2.18645854560122 41.4557132063366, 2.18649553268228 41.4557684522411, 2.18702982481998 41.4561859218358, 2.18717713814628 41.4562900517969, 2.18752663519925 41.4565862452532, 2.18733783274247 41.456771069482, 2.18691769042346 41.4571501163989, 2.18667350190688 41.4573539949995, 2.185681076979 41.4580246946058, 2.18455555843074 41.4587714256917, 2.18342642498632 41.4595451079353, 2.18309305270057 41.4597931187696, 2.18256430905063 41.4602042236764, 2.182196864297 41.4605263719546, 2.18172543453279 41.4610264537652, 2.1813687119533 41.4614429668702, 2.18093846776089 41.4620306759922, 2.18056855584139 41.4625939285027, 2.18014491602478 41.4624416797403, 2.17979653871253 41.4623216676379, 2.18007600976822 41.4618478685689, 2.18025059975298 41.4615962004732, 2.18048462171078 41.4612739953051, 2.18042885741783 41.4612496103308, 2.18055881326671 41.4611439606335, 2.18075024398014 41.4609517011215, 2.18094320303072 41.4607463734192, 2.18083356306969 41.4606669220408, 2.18078119904068 41.4605576496467, 2.18064091150013 41.4603712421084, 2.18052113852504 41.4602826027602, 2.1804789821598 41.4602585228857, 2.1803325473325 41.4601857625889, 2.17968109005204 41.459971426307, 2.17926413459593 41.459867082768, 2.17916255127435 41.4598307786851, 2.17902921059149 41.4597700179516, 2.17893772630129 41.4597171941136, 2.1788666667623 41.4596702807436, 2.17876991647019 41.4595945043502, 2.1786666916037 41.4594928664312, 2.17860948661172 41.4594240917792, 2.17846003213471 41.4592208983647, 2.17837776142271 41.4591212293305, 2.17833589430379 41.4590762535612, 2.17820394747222 41.4589507926441, 2.17799997906983 41.4587843169445, 2.17796974754064 41.4587514517727, 2.17795687408123 41.4587291222986, 2.17795968322917 41.4586966841974, 2.17798321084989 41.4586714118228, 2.17801513518692 41.4586549870678, 2.17807617998483 41.4586427795783, 2.17827217431607 41.4586234826469, 2.17833085657034 41.4586254150804, 2.17847759351785 41.4586415235255, 2.17880783015248 41.4586981421494, 2.17894763666484 41.4587169387693, 2.17908264900001 41.458726621543, 2.17913871413771 41.4587186627732, 2.17918563070854 41.4587031625503, 2.17922564000296 41.4586808934996, 2.17925903652569 41.4586493897012, 2.17927844714454 41.4586198397938, 2.17929012120353 41.4585771199051, 2.17928631257997 41.4585316143509, 2.17926871204787 41.4584897754869, 2.17924736348232 41.4584593582873, 2.17920039332624 41.4584154993638, 2.17914067391083 41.4583809351567, 2.17863975496786 41.4581677751978, 2.17856398808467 41.4581410766639, 2.17849747187546 41.4581233074312, 2.1784403796775 41.4581159099383, 2.17835627530463 41.4581123007478, 2.17814684422554 41.4581115252062, 2.17812275644842 41.4581074979346, 2.17802708750831 41.4580620205282, 2.1776413367083 41.4578658294018, 2.17754895967628 41.4578271036623, 2.17746260359814 41.4578065257849, 2.17729188856463 41.4577741032865, 2.17712429228765 41.4577450355849, 2.17705369939662 41.457737252588, 2.17687298281463 41.4576900037867, 2.17674141928443 41.4576435568666, 2.17647372445868 41.4575350830936, 2.17624868510341 41.4574394344614, 2.17610607039803 41.457366552009, 2.17604081646674 41.4573286318258, 2.17596865127816 41.4572805197585, 2.1757888655678 41.4571419408396, 2.17545758103551 41.456907977263, 2.17539525805088 41.4568542517108, 2.17537782005481 41.4568338420273, 2.17536291725093 41.456808010043, 2.17532683021248 41.4566775402842, 2.17531161561077 41.4566385192159, 2.17522259265372 41.4565299812381, 2.17514758358002 41.456481533002, 2.17510348752344 41.4564464662215, 2.17504429649551 41.4564111470509, 2.17474201455065 41.4562690217288, 2.17471786089531 41.4562098139041, 2.17465519397753 41.4561096523019, 2.17463225036681 41.456066450293, 2.17461057234673 41.4560140878211, 2.17457845024958 41.4559582275875, 2.17455803491379 41.455913935794))"
"08","Nou Barris","54","Torre Baró","179","109","POLYGON ((431555.2695 4590286.3335, 431537.0195 4590295.7775, 431527.5645 4590295.5275, 431520.9145 4590294.9735, 431515.5405 4590293.5945, 431507.4225 4590290.0605, 431480.4615 4590273.5915, 431450.7605 4590251.1805, 431447.4755 4590249.1385, 431442.4165 4590247.1805, 431439.4255 4590246.8125, 431433.0215 4590247.0705, 431425.9498225 4590241.6229715, 431424.8814 4590214.7224, 431419.7948 4590211.0358, 431419.5472 4590211.3342, 431405.4972 4590200.4182, 431405.6688 4590200.0952, 431398.1168 4590194.3692, 431398.2527845 4590194.0518365, 431388.4188 4590186.6002, 431390.4176725 4590183.6857785, 431383.5660475 4590179.055935, 431381.3602 4590182.0692, 431325.2562 4590138.8938, 431319.0652 4590134.7532, 431315.6202 4590131.8018, 431312.4372 4590128.4132, 431312.2642 4590128.5952, 431297.5388 4590112.5638, 431292.3628 4590106.3442, 431278.1469475 4590091.3879575, 431270.4432 4590085.1402, 431252.7632 4590073.2038, 431248.4068 4590069.3922, 431216.2188 4590038.6962, 431210.3232 4590033.6522, 431207.0352 4590032.3922, 431205.4468 4590032.1522, 431202.1432 4590032.3442, 431199.0992 4590033.5722, 431196.5993 4590035.3078, 431195.43085 4590036.641243, 431194.0873 4590038.9893, 431193.3668 4590042.7373, 431191.570969 4590044.1455105, 431181.2674 4590035.9693, 431175.9501 4590032.8781, 431135.9418 4590023.8462, 431058.0428 4590005.6462, 431026.5537 4589982.7594, 431007.8738 4590006.2762, 431004.1733 4590011.5247, 431003.930807 4590011.2982065, 431002.0258 4590013.3322, 431002.4158 4590013.6972, 430994.7938 4590023.3398, 430983.8657 4590035.6485, 430977.9182 4590043.5687, 430965.4702 4590058.1428, 430840.2826885 4590053.5114035, 430827.9638 4590039.1612, 430807.1238 4590034.1612, 430783.5960075 4590046.202045, 430751.6397 4590046.2415, 430751.6687 4590058.5655, 430675.6299495 4590059.6401965, 430416.608339 4590056.1620045, 430384.2012 4590015.3228, 430360.8349 4589988.6134, 430330.4624 4589983.4591, 430325.5343 4589978.6902, 430321.8778 4589971.3772, 430320.9328 4589967.3751, 430319.4302 4589957.9312, 430315.352 4589940.5457, 430304.8349 4589928.7407, 430301.8299 4589920.7992, 430297.7518 4589913.0723, 430289.3812 4589903.1993, 430285.5176 4589894.8289, 430279.0785 4589883.4529, 430269.2049 4589863.9214, 430260.1902 4589843.1019, 430253.3542 4589832.5864, 430238.6639 4589804.7085, 430232.1533 4589793.3571, 430206.1109 4589737.7682, 430196.7626 4589721.4087, 430191.4735 4589693.6207, 430199.4654 4589672.9741, 430202.1292 4589654.9921, 430204.1271 4589645.0015, 430210.6165 4589618.1329, 430218.8003 4589606.3689, 430237.7259 4589598.6961, 430250.7113 4589587.1076, 430253.4497 4589579.406, 430254.6476 4589567.768, 430255.8454 4589547.402, 430255.6738 4589530.9725, 430250.0006 4589498.9545, 430243.8649 4589485.962, 430242.3244 4589477.9179, 430241.8108 4589468.6765, 430242.5823 4589460.274, 430244.0357 4589453.1024, 430246.6026 4589435.4744, 430246.7735 4589427.6019, 430247.8004 4589416.9908, 430249.5118 4589408.2629, 430249.8543 4589400.9037, 430247.1622 4589381.8107, 430246.3171 4589373.0793, 430244.0636 4589364.6298, 430242.092 4589355.0532, 430240.9654 4589346.8848, 430245.7534 4589338.7168, 430252.2318 4589329.9852, 430260.1183 4589321.8171, 430270.5602 4589311.6955, 430284.8956 4589299.1524, 430289.8231 4589288.4009, 430294.303 4589276.7538, 430299.6784 4589262.4182, 430304.1053 4589248.5857, 430304.6188 4589243.1092, 430305.9877 4589234.5521, 430306.3301 4589224.6257, 430305.132 4589218.4646, 430302.72 4589213.7861, 430298.4575 4589208.8807, 430287.3668 4589199.0382, 430282.0273 4589195.1893, 430262.2952 4589185.5054, 430238.5056 4589171.2606, 430235.5141 4589167.699, 430231.2405 4589156.1606, 430228.9614 4589151.1746, 430225.3998 4589144.7646, 430218.7042 4589136.4876, 430209.3027 4589126.6732, 430205.5256 4589120.7422, 430201.7531 4589113.4253, 430198.3375 4589102.6012, 430195.9414 4589093.1882, 430194.3838 4589083.5667, 430189.9626 4589061.8162, 430185.0116 4589043.9562, 430185.2324 4589035.4747, 430182.7119 4589029.9027, 430179.7934 4589028.0452, 430177.164792 4589027.4339515, 430162.7844 4588941.3634, 430160.3754 4588812.5222, 430295.63102 4588621.851995, 430333.2155 4588612.2265, 430336.5555 4588615.2295, 430339.0595 4588618.6855, 430353.2575 4588640.6715, 430360.0335 4588654.2635, 430361.7995 4588659.1875, 430363.7855 4588666.9795, 430364.5215 4588677.4185, 430364.4175 4588682.5205, 430363.7855 4588689.3995, 430360.8175 4588711.3935, 430360.6225 4588719.9055, 430360.8435 4588722.9935, 430361.3575 4588725.2715, 430362.6095 4588728.5075, 430365.1855 4588732.8415, 430372.4715 4588742.1775, 430376.5935 4588746.2955, 430383.5845 4588751.5875, 430390.6495 4588755.5575, 430395.2855 4588757.6875, 430399.9215 4588759.2315, 430404.6315 4588760.2615, 430415.1555 4588761.8055, 430420.3615 4588762.0695, 430463.6655 4588762.9335, 430471.4555 4588763.7895, 430477.4175 4588765.2595, 430485.7335 4588769.6715, 430490.0025 4588772.9055, 430493.9015 4588776.5055, 430496.7715 4588780.3295, 430499.2745 4588784.8855, 430501.0495 4588790.5515, 430501.6295 4588794.8105, 430501.7035 4588799.6615, 430497.8505 4588827.2715, 430489.4115 4588870.7435, 430484.5575 4588888.4595, 430476.2905 4588910.7675, 430470.5735 4588928.2275, 430469.0275 4588934.1075, 430468.2195 4588938.9595, 430467.8515 4588943.4435, 430467.9975 4588948.0755, 430468.7675 4588952.7895, 430470.2055 4588958.2915, 430472.0455 4588962.5555, 430474.2525 4588966.3035, 430476.5675 4588969.0455, 430479.2575 4588971.3755, 430482.4215 4588973.3615, 430488.7365 4588976.4855, 430509.8075 4588985.6755, 430524.0775 4588991.5915, 430532.8635 4588994.4195, 430541.6655 4588995.2655, 430551.8215 4588995.1935, 430555.1335 4588994.8255, 430558.8475 4588993.9315, 430563.3755 4588992.6195, 430567.7175 4588990.7815, 430571.6195 4588988.3555, 430575.7395 4588985.1215, 430579.6075 4588981.0205, 430586.0435 4588968.5835, 430596.7145 4588941.9735, 430599.2155 4588937.1215, 430605.6715 4588926.6685, 430610.5495 4588920.0675, 430614.1575 4588916.0255, 430619.7495 4588911.1005, 430626.0055 4588906.0275, 430631.0095 4588902.7935, 430634.6155 4588900.5155, 430639.6715 4588898.4275, 430643.2255 4588897.5015, 430646.5375 4588897.2075, 430651.3215 4588897.3535, 430657.8725 4588898.2365, 430673.5475 4588901.1755, 430682.8935 4588903.5275, 430685.8315 4588905.1255, 430690.6225 4588908.3055, 430695.1855 4588911.9815, 430704.4075 4588920.2455, 430717.1155 4588930.6535, 430725.0315 4588935.6935, 430740.9895 4588944.9595, 430748.2815 4588950.0435, 430752.4835 4588953.4035, 430761.7365 4588961.6895, 430777.6835 4588977.9035, 430785.3795 4588984.7795, 430789.1135 4588987.2975, 430793.0855 4588989.4655, 430797.2455 4588991.2515, 430801.5335 4588992.6355, 430805.5955 4588993.3475, 430809.7755 4588993.3755, 430813.9015 4588992.7035, 430817.7995 4588991.3735, 430823.4875 4588988.6755, 430834.5785 4588982.6875, 430848.7455 4588973.9195, 430857.2365 4588967.9955, 430866.3615 4588963.0455, 430870.3135 4588961.6015, 430873.1975 4588961.1255, 430877.6615 4588961.2615, 430880.5755 4588961.9295, 430883.3195 4588963.0295, 430885.8015 4588964.4975, 430891.5785 4588969.1555, 430898.5095 4588975.3155, 430909.2145 4588985.5475, 430915.0755 4588990.3055, 430923.6175 4588995.6615, 430934.0465 4589000.7035, 430942.0095 4589005.0455, 430946.3395 4589007.8845, 430950.4295 4589011.0935, 430954.2315 4589014.6375, 430957.7055 4589018.4795, 430964.4135 4589027.4655, 430972.8315 4589040.3105, 430979.5475 4589048.2035, 430988.3435 4589056.5815, 431011.4435 4589077.0205, 431021.7915 4589085.2955, 431030.1795 4589091.0455, 431039.2055 4589095.7035, 431050.4115 4589100.0515, 431062.0175 4589104.0235, 431068.8535 4589105.6055, 431071.0245 4589105.7815, 431075.5755 4589105.6715, 431078.9135 4589104.9295, 431093.3515 4589098.4995, 431098.7905 4589096.4865, 431103.7375 4589095.1455, 431110.0245 4589094.0135, 431123.0855 4589092.5075, 431131.5595 4589092.5055, 431143.9335 4589093.9555, 431157.8795 4589096.7365, 431165.5695 4589099.5435, 431169.7615 4589102.1005, 431174.2495 4589106.2815, 431197.4335 4589136.2875, 431204.0675 4589145.5515, 431211.7035 4589159.0995, 431215.2295 4589164.3695, 431221.0455 4589170.4215, 431228.7775 4589176.2675, 431235.1735 4589180.0995, 431242.6295 4589183.6515, 431250.7355 4589186.7635, 431256.8395 4589188.5115, 431263.0735 4589189.7195, 431271.5335 4589190.8555, 431302.2255 4589194.3815, 431332.5275 4589199.4475, 431342.7735 4589201.9315, 431350.5535 4589204.8595, 431353.3455 4589206.2175, 431356.5915 4589208.3555, 431366.9314 4589218.1641, 431409.0652 4589269.1521, 431413.0648 4589270.8586, 431419.4804 4589269.8016, 431413.5375 4589281.0705, 431409.8745 4589284.6855, 431403.3335 4589283.4995, 431384.6235 4589269.0075, 431375.0715 4589257.5495, 431363.8435 4589242.2895, 431354.253 4589231.0961, 431341.1155 4589219.4715, 431327.3837 4589211.6246, 431315.082432 4589206.280414, 431316.034408 4589206.800466, 431313.9493 4589208.0038, 431287.027546 4589248.94623, 431288.841475 4589250.1402835, 431238.4008 4589418.3576, 431243.3995 4589418.9915, 431247.4315 4589420.6215, 431252.4115 4589423.9815, 431256.2875 4589427.1655, 431259.4705 4589430.8375, 431260.5085 4589432.9785, 431251.6268 4589435.1697, 431246.5638 4589438.1947, 431223.7903 4589489.5892, 431221.1295 4589491.9445, 431238.4215 4589513.8285, 431265.2315 4589537.9205, 431275.2015 4589555.3405, 431288.8655 4589586.9735, 431298.3825 4589603.7095, 431309.0645 4589608.5995, 431311.0745 4589621.6815, 431314.3185 4589622.3435, 431319.9575 4589642.5405, 431329.3495 4589663.3115, 431319.6835 4589669.4595, 431326.0995 4589682.5695, 431332.4115 4589691.4945, 431346.1015 4589709.5405, 431355.5025 4589723.3135, 431345.3425 4589728.7225, 431341.9505 4589723.4685, 431303.8895 4589741.6655, 431291.5955 4589718.0115, 431287.0875 4589710.4335, 431284.9135 4589714.1695, 431284.2075 4589717.6175, 431284.7525 4589722.2435, 431289.1855 4589738.8515, 431289.7295 4589742.7975, 431289.7335 4589747.1735, 431288.0595 4589752.0515, 431286.3035 4589755.2855, 431285.0095 4589756.9455, 431283.2965 4589758.9035, 431282.0335 4589759.7535, 431273.6415 4589763.9955, 431271.7095 4589764.5095, 431268.1435 4589764.6715, 431260.9495 4589762.9615, 431252.8015 4589760.4315, 431230.7335 4589752.3015, 431222.9375 4589748.6955, 431214.4955 4589744.1895, 431196.6115 4589733.3595, 431185.2335 4589727.2035, 431178.9555 4589722.9115, 431166.5335 4589712.1955, 431159.6355 4589707.2735, 431146.6275 4589700.0395, 431136.9515 4589695.2595, 431128.4975 4589691.5215, 431124.0135 4589690.0695, 431117.4155 4589688.1495, 431091.3975 4589685.0395, 431085.5635 4589683.4035, 431082.6555 4589681.2335, 431074.7595 4589684.0275, 431064.9215 4589688.0595, 431061.6935 4589689.8595, 431059.9455 4589692.0175, 431059.1715 4589695.3235, 431059.3255 4589698.6285, 431061.0775 4589703.5295, 431063.8195 4589709.7055, 431065.6855 4589715.5015, 431067.6475 4589720.2795, 431072.9875 4589731.3495, 431075.0675 4589737.9035, 431100.4645 4589753.4415, 431105.4455 4589757.3155, 431109.1655 4589761.1735, 431115.4815 4589766.4925, 431123.0315 4589778.4715, 431124.3435 4589782.7915, 431127.4955 4589797.2475, 431128.7675 4589800.1035, 431130.2455 4589802.3555, 431135.5075 4589808.2705, 431163.4235 4589833.9815, 431178.5855 4589849.2235, 431184.6635 4589854.5075, 431190.1535 4589858.6655, 431202.1415 4589866.6435, 431221.0375 4589877.0835, 431243.5095 4589888.9135, 431254.5465 4589893.9655, 431269.6895 4589899.0675, 431275.5935 4589899.8755, 431289.6215 4589902.9695, 431303.9135 4589906.4335, 431311.1475 4589908.6495, 431318.9035 4589912.8755, 431351.3275 4589934.3505, 431359.3655 4589939.3235, 431361.3815 4589939.7515, 431378.8735 4589939.6715, 431385.9015 4589940.0055, 431390.6775 4589940.7815, 431396.2515 4589942.7015, 431402.6075 4589945.6055, 431444.6675 4589968.8735, 431449.6915 4589972.6635, 431451.7075 4589974.8555, 431454.3235 4589978.5855, 431456.7235 4589984.3275, 431457.3885 4589989.6335, 431456.9235 4589993.5435, 431455.7205 4589996.9755, 431452.8435 4590001.3215, 431448.7615 4590004.6115, 431444.8595 4590006.3695, 431440.1855 4590007.2975, 431428.8995 4590006.3295, 431417.2035 4590004.3535, 431389.5635 4589998.3295, 431377.2915 4589996.6575, 431372.3885 4589996.4895, 431356.04 4589998.7873, 431350.9546 4590000.191, 431348.3057 4590002.0398, 431346.3674 4590004.8642, 431346.167 4590008.4677, 431347.2657 4590010.9365, 431349.8252 4590014.5612, 431367.0355 4590032.8815, 431373.3635 4590040.4495, 431381.7315 4590051.6655, 431388.7075 4590062.6655, 431402.5915 4590087.1035, 431408.6135 4590096.0015, 431417.5975 4590106.8335, 431423.1415 4590112.2335, 431429.1255 4590117.3855, 431436.8215 4590123.1775, 431442.3815 4590126.7055, 431448.0215 4590129.8175, 431456.5435 4590133.7675, 431491.4755 4590145.0215, 431546.1075 4590168.3015, 431558.4135 4590176.2635, 431561.9595 4590178.9035, 431572.0555 4590188.6495, 431583.9675 4590209.2335, 431588.4555 4590221.3235, 431597.6955 4590230.0575, 431581.7965 4590253.0055, 431566.0115 4590274.5015, 431555.2695 4590286.3335))","POLYGON ((2.18042885741783 41.4612496103308, 2.18020927840014 41.4613331115102, 2.18009610165381 41.461330053008, 2.18001654379003 41.4613244958039, 2.17995235715119 41.4613116170243, 2.17985556108938 41.4612790947641, 2.17953462591626 41.4611284632019, 2.17918156115803 41.4609240795076, 2.17914246190554 41.4609054073861, 2.17908211310936 41.4608873402239, 2.17904634379926 41.4608837702217, 2.17896963968141 41.46088554667, 2.17888558972903 41.4608358786534, 2.17887585393712 41.4605935049451, 2.17881537146518 41.4605598664963, 2.17881237307044 41.4605625328991, 2.17864539447239 41.4604630159358, 2.17864748572635 41.4604601214779, 2.17855771738125 41.4604079040835, 2.17855938157701 41.4604050573477, 2.17844248766927 41.460337102652, 2.17846675116576 41.4603110245825, 2.17838524403396 41.4602687395748, 2.17835849120423 41.4602956901692, 2.17769167920878 41.4599020271117, 2.17761802693396 41.4598642045237, 2.17757711661242 41.4598373275903, 2.17753939293894 41.4598065353912, 2.17753730094127 41.4598081597803, 2.17736282210179 41.4596625108622, 2.1773015592539 41.4596060502869, 2.17713305972523 41.4594701281572, 2.17704153655273 41.4594131973432, 2.17683121908445 41.4593041765154, 2.17677949554223 41.4592694737482, 2.1763976177758 41.4589902489479, 2.17632760694718 41.4589443143168, 2.17628838466836 41.4589326841302, 2.17626939476158 41.4589303863674, 2.17622982023616 41.4589318323863, 2.17619323570858 41.4589426314736, 2.17616310759735 41.4589580489475, 2.17614896622536 41.4589699585235, 2.17613261279074 41.4589909912905, 2.17612355929442 41.4590246861892, 2.17610189799125 41.4590372153597, 2.17597946958753 41.4589626919847, 2.17591616017579 41.4589343947641, 2.1754381877407 41.4588496155603, 2.17450761529724 41.4586790064741, 2.17413322607944 41.4584701685, 2.17390689316555 41.4586803685641, 2.17386198888162 41.4587273214192, 2.17385911151257 41.458725260636, 2.17383607123535 41.4587434161547, 2.17384069880679 41.4587467370925, 2.17374834172369 41.4588329285017, 2.1736160970189 41.4589428479169, 2.17354398442754 41.4590136702475, 2.17339328273926 41.4591438621572, 2.17189499144838 41.4590913687242, 2.17174914675555 41.4589610606488, 2.17150021134905 41.4589142309505, 2.17121714248168 41.459020648506, 2.17083453822982 41.4590182465968, 2.17083347158579 41.4591292461098, 2.16992296613107 41.459132359504, 2.16682220512203 41.4590786123889, 2.16643891788644 41.458707980498, 2.16616224587064 41.4584653930115, 2.16579920688316 41.4584163339554, 2.16574075584544 41.4583729546595, 2.16569782271501 41.4583067721591, 2.16568697072905 41.4582706449338, 2.16567007109889 41.4581854573723, 2.16562325216866 41.4580285196175, 2.16549870031837 41.4579212837382, 2.16546364028431 41.4578494971116, 2.16541570802549 41.4577795500694, 2.16531663247387 41.4576899011264, 2.16527134286589 41.4576141769358, 2.16519556584494 41.4575111588297, 2.1650796123482 41.4573343892049, 2.1649740912195 41.4571460936571, 2.16489346401656 41.4570507910064, 2.16472081027908 41.4567984299767, 2.16464417621247 41.4566956268554, 2.16433881964381 41.4561926973316, 2.16422879291545 41.4560445413577, 2.1641686849047 41.4557938068953, 2.16426675085565 41.4556085471578, 2.16430072066283 41.4554468228169, 2.16432579434611 41.4553570156033, 2.16440659069442 41.4551155861981, 2.16450592564105 41.455010344624, 2.16473338634485 41.4549428844798, 2.16489018402421 41.4548396406048, 2.16492385732249 41.4547705136317, 2.16493954276379 41.4546657993169, 2.1649562351962 41.4544824756714, 2.16495607874386 41.4543344873617, 2.1648918597514 41.4540456220298, 2.16481990635158 41.4539280709094, 2.16480239343937 41.4538554872771, 2.16479731254035 41.4537722093383, 2.1648075194199 41.4536965987106, 2.16482574748395 41.4536321335354, 2.16485851385316 41.4534735888549, 2.16486146927543 41.4534026994977, 2.16487498868966 41.4533072191479, 2.16489648500611 41.4532287594558, 2.16490143538318 41.4531625080797, 2.16487141262649 41.4529903116807, 2.16486230423659 41.4529115982711, 2.16483630273464 41.4528353014005, 2.1648138062496 41.4527488777215, 2.16480126296418 41.4526752105359, 2.16485952564153 41.4526020610291, 2.16493808970505 41.4525239822935, 2.16503344537031 41.4524511010616, 2.16515961800136 41.4523608474327, 2.16533268023622 41.4522491224597, 2.16539291018995 41.4521527163076, 2.16544788500148 41.4520482049604, 2.16551389024178 41.4519195571827, 2.16556848242479 41.4517953582033, 2.16557526176289 41.4517460782984, 2.16559263683472 41.4516691270232, 2.16559788146148 41.4515797539083, 2.16558424987044 41.4515241594729, 2.16555591535641 41.4514818127684, 2.16550545440464 41.4514372617629, 2.16537382195975 41.451347651332, 2.16531034632589 41.4513125221403, 2.1650752487018 41.451223589141, 2.1647921058131 41.451093224933, 2.16475670570824 41.4510608871066, 2.16470687911611 41.4509565941981, 2.16468017190261 41.4509114893129, 2.16463827636728 41.4508534475721, 2.16455907936008 41.450778318078, 2.16444766778068 41.4506891065455, 2.16440313747549 41.4506353601297, 2.16435882249876 41.4505691318888, 2.16431918545844 41.45047134682, 2.16429158983415 41.4503863595758, 2.16427405603607 41.450299567379, 2.16422364440693 41.4501032854063, 2.16416644111855 41.4499419973958, 2.16417006482262 41.4498656273562, 2.16414053639695 41.4498152234964, 2.16410581415492 41.4497982399221, 2.16407441809775 41.4497925060097, 2.16391222568114 41.4490160542499, 2.16389828747571 41.4478554268234, 2.16553937224568 41.4461498968656, 2.16599037646267 41.4460664666833, 2.16603001055257 41.4460938033042, 2.16605958534159 41.4461251473483, 2.16622700311815 41.4463243980206, 2.16630654633419 41.4464474033544, 2.16632711810268 41.4464919049707, 2.16634999270035 41.4465622565473, 2.16635759929632 41.4466563401103, 2.1663557661622 41.4467022826731, 2.16634740781927 41.4467641841295, 2.16630934400614 41.446962017424, 2.16630602834656 41.4470386645331, 2.16630831775022 41.4470664960305, 2.16631420787057 41.4470870576149, 2.16632882168264 41.4471163115269, 2.16635915771305 41.447155569519, 2.16644529772473 41.4472402869802, 2.16649416504586 41.4472777336125, 2.16657724024691 41.447326002772, 2.16666135374836 41.4473623715877, 2.16671660319978 41.4473819576135, 2.16677192021424 41.4473962657556, 2.16682818229443 41.4474059509038, 2.16695398132708 41.4474207694237, 2.16701626904454 41.447423598434, 2.1675345377503 41.4474351325417, 2.16762768900127 41.4474435169567, 2.16769888761391 41.4474572730202, 2.1677979260962 41.4474977302686, 2.16784865579334 41.4475272272421, 2.16789491434155 41.4475599885657, 2.16792882953638 41.4475946782505, 2.16795826736433 41.4476359289698, 2.1679788629794 41.4476871139607, 2.16798531577799 41.4477255232214, 2.16798564338334 41.4477692205705, 2.1679363436809 41.4480175587631, 2.16783032076548 41.4484083622278, 2.16777017615165 41.4485675024965, 2.1676686466581 41.4487677053458, 2.16759820004379 41.4489244650741, 2.16757901632765 41.4489772898564, 2.1675687853451 41.4490209197984, 2.16756386384719 41.4490612734324, 2.16756507827066 41.4491030045658, 2.16757375301012 41.4491455282926, 2.16759033351118 41.4491952070693, 2.16761186882103 41.4492337705174, 2.16763785683955 41.4492677183544, 2.16766525354334 41.4492926149191, 2.16769718674459 41.4493138332455, 2.16773483372373 41.4493319943515, 2.16781006973172 41.44936067782, 2.16806124906181 41.4494452727954, 2.16823139205607 41.4494997910303, 2.16833624246416 41.4495260220878, 2.16844151245282 41.4495344033877, 2.16856309655488 41.4495346337008, 2.16860278628588 41.449531605834, 2.16864734877294 41.4495238752692, 2.16870170357031 41.4495124503531, 2.16875389224977 41.4494962718587, 2.16880088133919 41.4494747594101, 2.16885057292393 41.4494459884776, 2.16889734748263 41.4494093870197, 2.16897582117454 41.4492979287375, 2.16910661961937 41.44905918626, 2.16913711604911 41.4490157025538, 2.16921560028846 41.4489221148872, 2.16927475193519 41.4488630841201, 2.16931840667114 41.4488269913935, 2.16938591267441 41.4487831173248, 2.16946138412855 41.4487379676288, 2.16952165694713 41.4487092727963, 2.16956508489436 41.4486890674191, 2.16962584848159 41.4486706985732, 2.16966849862894 41.4486626655686, 2.1697081792847 41.4486603038019, 2.16976543025366 41.4486620320961, 2.16984374879852 41.4486705508659, 2.17003105187588 41.4486983752036, 2.17014265997281 41.4487203658432, 2.17017764646116 41.4487350120819, 2.17023463311131 41.4487640667362, 2.17028883357196 41.4487975689446, 2.170398279205 41.448872795582, 2.17054920911132 41.4489676331437, 2.17064339135052 41.4490137095809, 2.17083335789953 41.4490985417352, 2.17092006572369 41.4491449603959, 2.17096998163886 41.4491755850592, 2.17107979726994 41.4492510118758, 2.17126883700038 41.4493984201536, 2.17136017636702 41.4494610131364, 2.17140458687799 41.4494840137087, 2.17145188659039 41.4495038824783, 2.1715014806249 41.4495203269202, 2.17155265301648 41.4495331617267, 2.1716011970137 41.4495399245995, 2.17165123194864 41.449540537116, 2.17170070065457 41.4495348403428, 2.17174751537877 41.4495231975603, 2.17181591459823 41.4494993880139, 2.17194936900334 41.4494464123371, 2.17211996376963 41.4493686631887, 2.17222228623473 41.4493160396117, 2.17233208652156 41.449272242969, 2.1723795604202 41.4492595778253, 2.17241413868816 41.4492555390665, 2.17246756076323 41.4492571483964, 2.1725023672146 41.4492634157363, 2.17253508919498 41.4492735592753, 2.17256463271965 41.4492869946716, 2.17263325501628 41.4493294447929, 2.17271551986404 41.4493855221252, 2.17284249691376 41.44947859911, 2.17291211370563 41.4495219569568, 2.17301375605511 41.4495709314348, 2.17313802349512 41.4496172401259, 2.17323285098288 41.4496570319053, 2.17328436023797 41.4496829741526, 2.17333295421644 41.4497122281705, 2.17337806232058 41.4497444746029, 2.17341920994554 41.449779376769, 2.17349848346767 41.4498608870008, 2.17359778637336 41.4499773006853, 2.17367728104856 41.4500489672762, 2.17378162007128 41.4501251808531, 2.17405581431094 41.4503112524579, 2.17417874497203 41.4503866713966, 2.17427850109502 41.4504391801345, 2.17438601960088 41.4504819084014, 2.17451967050585 41.4505220317987, 2.17465815291971 41.4505588029182, 2.17473980639452 41.4505736384676, 2.17476577544811 41.4505754100744, 2.17482026824051 41.4505748101706, 2.17486031228325 41.4505684139142, 2.17503388397133 41.4505117411467, 2.17509922412059 41.4504940777922, 2.17515859781915 41.4504824246012, 2.17523398883381 41.4504727687713, 2.17539051423226 41.4504603257547, 2.17549195695457 41.4504610348817, 2.17563992113136 41.4504751560807, 2.17580655210665 41.4505013997047, 2.17589828941698 41.450527340764, 2.17594818057466 41.450550730135, 2.17600143010515 41.4505887715826, 2.17627554823852 41.450861011288, 2.17635390912866 41.4509450170727, 2.17644377728638 41.4510676929506, 2.17648538723418 41.4511154599144, 2.17655432213105 41.4511704662654, 2.17664621737178 41.4512237813897, 2.17672234861301 41.4512588426883, 2.17681120127577 41.4512914728973, 2.17690788539776 41.4513201958121, 2.17698075855161 41.4513364621764, 2.17705524946729 41.4513478760644, 2.17715639649298 41.4513588320478, 2.17752341540301 41.4513932169341, 2.17788559082178 41.4514414374523, 2.17800796547212 41.4514646863886, 2.17810076869314 41.4514917232053, 2.17813403797447 41.4515041929749, 2.17817265353872 41.4515237267133, 2.17829532002843 41.4516129531336, 2.17879392240771 41.4520757836921, 2.17884160912391 41.452091495264, 2.17891853249425 41.4520825235189, 2.17884610803623 41.452183510183, 2.17880184632177 41.452215756013, 2.17872367638464 41.4522045151519, 2.17850133906753 41.4520723921239, 2.17838829109126 41.4519683778002, 2.17825561174949 41.4518299769415, 2.17814207360998 41.4517283422333, 2.17798612282818 41.451622520346, 2.17782262842861 41.4515506716374, 2.17767597493425 41.4515014860674, 2.17768731210127 41.4515062514355, 2.17766221392227 41.4515169109456, 2.17733526845028 41.4518833586354, 2.17735684765676 41.4518942682921, 2.1767338508034 41.4534050139688, 2.17679362092266 41.4534111515169, 2.17684170470564 41.4534261776901, 2.1769009405894 41.4534568664619, 2.1769469799331 41.4534858754784, 2.1769846674441 41.4535192203385, 2.17699685021054 41.4535385923677, 2.17689027256556 41.453557566839, 2.17682931588291 41.4535843780641, 2.17655082611598 41.4540453161819, 2.17651870353356 41.4540663013811, 2.17672322574241 41.4542648834724, 2.1770414451201 41.4544841670251, 2.17715882077893 41.4546419157617, 2.17731880337926 41.4549279913993, 2.17743083506925 41.4550795405628, 2.17755816236221 41.4551244972169, 2.17758073747158 41.4552424935354, 2.17761949904548 41.4552487335608, 2.17768471105773 41.4554311223766, 2.17779478898856 41.4556190020992, 2.17767836838304 41.4556735474427, 2.17775368939955 41.4557921729777, 2.17782824161008 41.4558730969675, 2.1779900865122 41.4560368012958, 2.17810106979116 41.4561616533463, 2.17797881828641 41.4562095008516, 2.17793880647858 41.4561618900004, 2.17748106634808 41.4563225256451, 2.1773365733222 41.4561084311695, 2.17728346574086 41.4560397932193, 2.1772570132423 41.4560732556957, 2.17724816849913 41.4561042499728, 2.17725416673193 41.4561459611382, 2.17730534869613 41.4562959222096, 2.17731141240416 41.4563315088026, 2.17731096223272 41.4563709219933, 2.17729036569252 41.4564147128144, 2.17726897453319 41.4564436897724, 2.17725329364308 41.4564585299112, 2.17723256249883 41.4564760181326, 2.17721734493114 41.4564835655814, 2.17711639179995 41.4565210528619, 2.17709320309339 41.456525516783, 2.17705049196834 41.4565266704269, 2.17696455904246 41.4565106529496, 2.17686729811647 41.4564871682749, 2.17660402305399 41.4564120538223, 2.17651109918204 41.4563789079226, 2.17641054396721 41.4563376006439, 2.17619766902469 41.4562385261061, 2.17606215226803 41.4561821059165, 2.17598748081952 41.4561429112494, 2.17583998553716 41.4560453312168, 2.17575796354873 41.4560004090697, 2.1756030562005 41.4559341394111, 2.17548776002985 41.4558902576498, 2.17538697495066 41.4558558655164, 2.17533345806851 41.4558424031063, 2.17525468576773 41.4558245441319, 2.17494355290645 41.4557942999201, 2.1748738949671 41.4557790641609, 2.17483932809664 41.4557592701319, 2.17474447819254 41.4557837563905, 2.1746262372149 41.4558192259055, 2.17458738601968 41.4558351604633, 2.17456621250895 41.4558544465118, 2.17455656863766 41.4558841557945, 2.17455803491379 41.455913935794, 2.17457845024958 41.4559582275875, 2.17461057234673 41.4560140878211, 2.17463225036681 41.456066450293, 2.17465519397753 41.4561096523019, 2.17471786089531 41.4562098139041, 2.17474201455065 41.4562690217288, 2.17504429649551 41.4564111470509, 2.17510348752344 41.4564464662215, 2.17514758358002 41.456481533002, 2.17522259265372 41.4565299812381, 2.17531161561077 41.4566385192159, 2.17532683021248 41.4566775402842, 2.17536291725093 41.456808010043, 2.17537782005481 41.4568338420273, 2.17539525805088 41.4568542517108, 2.17545758103551 41.456907977263, 2.1757888655678 41.4571419408396, 2.17596865127816 41.4572805197585, 2.17604081646674 41.4573286318258, 2.17610607039803 41.457366552009, 2.17624868510341 41.4574394344614, 2.17647372445868 41.4575350830936, 2.17674141928443 41.4576435568666, 2.17687298281463 41.4576900037867, 2.17705369939662 41.457737252588, 2.17712429228765 41.4577450355849, 2.17729188856463 41.4577741032865, 2.17746260359814 41.4578065257849, 2.17754895967628 41.4578271036623, 2.1776413367083 41.4578658294018, 2.17802708750831 41.4580620205282, 2.17812275644842 41.4581074979346, 2.17814684422554 41.4581115252062, 2.17835627530463 41.4581123007478, 2.1784403796775 41.4581159099383, 2.17849747187546 41.4581233074312, 2.17856398808467 41.4581410766639, 2.17863975496786 41.4581677751978, 2.17914067391083 41.4583809351567, 2.17920039332624 41.4584154993638, 2.17922428096776 41.458435414042, 2.17925517748103 41.4584692321111, 2.17928325949552 41.4585211529869, 2.17929061872036 41.4585689987768, 2.1792846075047 41.4586041748355, 2.17926981482402 41.4586349826998, 2.17923487628977 41.4586738795844, 2.17918563070854 41.4587031625503, 2.17913871413771 41.4587186627732, 2.17908264900001 41.458726621543, 2.17894763666484 41.4587169387693, 2.17880783015248 41.4586981421494, 2.17847759351785 41.4586415235255, 2.17833085657034 41.4586254150804, 2.17827217431607 41.4586234826469, 2.17807617998483 41.4586427795783, 2.17801513518692 41.4586549870678, 2.17798321084989 41.4586714118228, 2.17795968322917 41.4586966841974, 2.17795687408123 41.4587291222986, 2.17796974754064 41.4587514517727, 2.17799997906983 41.4587843169445, 2.17820394747222 41.4589507926441, 2.17827884964433 41.4590194957616, 2.17837776142271 41.4591212293305, 2.17846003213471 41.4592208983647, 2.17862348309603 41.4594421885126, 2.17869457148767 41.4595228439674, 2.17880090350268 41.4596211713045, 2.1788666667623 41.4596702807436, 2.17893772630129 41.4597171941136, 2.17902921059149 41.4597700179516, 2.17909537836604 41.4598022682907, 2.17916255127435 41.4598307786851, 2.17926413459593 41.459867082768, 2.17968109005204 41.459971426307, 2.1803325473325 41.4601857625889, 2.1804789821598 41.4602585228857, 2.18052113852504 41.4602826027602, 2.18064091150013 41.4603712421084, 2.18078119904068 41.4605576496467, 2.18083356306969 41.4606669220408, 2.18094320303072 41.4607463734192, 2.18075024398014 41.4609517011215, 2.18055881326671 41.4611439606335, 2.18042885741783 41.4612496103308))"
"08","Nou Barris","55","Ciutat Meridiana","180","110","POLYGON ((430416.608339 4590056.1620045, 430675.6296745 4590059.6401995, 430751.6687 4590058.5655, 430751.6396 4590046.2415, 430783.5959 4590046.2021, 430807.1238 4590034.1612, 430827.9638 4590039.1612, 430840.2826 4590053.5114, 430938.4885865 4590057.1444665, 430899.324988 4590101.296988, 430899.1282 4590101.1018, 430876.3688 4590123.7648, 430868.1145 4590131.5015, 430866.6103 4590141.0419, 430867.3745 4590149.0995, 430813.0365 4590202.3165, 430868.1805 4590216.7175, 430873.3645 4590218.3085, 431005.1045 4590281.2865, 431044.8135 4590301.8175, 431047.3435 4590303.5885, 431051.4065 4590308.2155, 431053.5665 4590312.2085, 431053.9985 4590313.9585, 431054.2615 4590318.5335, 431053.5455 4590322.9355, 431052.4715 4590326.7145, 431051.3745 4590328.9585, 431047.9475 4590332.3165, 431026.3565 4590347.5545, 431021.9435 4590352.7265, 431019.6155 4590357.0515, 431017.9545 4590362.1505, 431017.4105 4590366.3485, 431017.4575 4590368.9015, 431018.7905 4590375.2235, 431019.7565 4590377.6525, 431029.7805 4590396.5395, 431025.7155 4590403.2075, 431019.3075 4590412.2555, 431010.5315 4590420.9455, 431003.4295 4590426.4235, 430995.1334495 4590430.8972705, 430930.594 4590381.9447, 430905.968 4590361.267, 430897.673 4590349.972, 430884.017 4590337.82, 430862.776 4590314.376, 430843.016 4590295.477, 430830.348 4590288.284, 430825.746 4590280.843, 430821.591 4590277.782, 430811.277 4590261.58, 430802.934 4590251.987, 430801.2062 4590246.0353, 430786.4595 4590289.6386, 430737.68 4590269.038, 430725.775 4590262.319, 430685.4685 4590249.6225, 430684.787 4590239.6383, 430646.0395 4590231.4375, 430634.3095 4590226.87, 430624.149 4590226.442, 430608.301 4590217.79, 430552.1579 4590192.6859, 430542.8323 4590188.8813, 430541.064 4590194.826, 430539.987 4590201.148, 430538.8247 4590212.4229, 430538.182 4590224.186, 430538.6546 4590234.7027, 430528.718 4590235.553, 430460.3423 4590233.571, 430453.143 4590210.548, 430456.855 4590193.508, 430462.655 4590173.924, 430465.687 4590166.58, 430476.175 4590150.252, 430465.103 4590147.813, 430458.435 4590145.487, 430452.144 4590141.34, 430446.121 4590135.972, 430433.221 4590117.792, 430426.4198 4590102.0004, 430424.9946 4590066.7303, 430416.608339 4590056.1620045))","POLYGON ((2.16682220512203 41.4590786123889, 2.16992296283826 41.4591323595073, 2.17083347158579 41.4591292461098, 2.17083453703256 41.4590182465882, 2.17121714118832 41.4590206489921, 2.17150021134905 41.4589142309505, 2.17174914675555 41.4589610606488, 2.17189499038921 41.4590913686851, 2.17307035640971 41.4591325487417, 2.17259641115036 41.4595268400713, 2.17259407741471 41.4595250651483, 2.17231899090498 41.4597272208171, 2.1722192783434 41.459796190848, 2.17220017622406 41.4598819875765, 2.17220840291152 41.4599546248009, 2.17155172676289 41.4604292439654, 2.17221030819172 41.4605637008112, 2.17227219336556 41.460578476916, 2.17384230167248 41.4611570324227, 2.17431539151795 41.4613453601776, 2.17434548094435 41.4613615282608, 2.17439359877517 41.4614035508634, 2.17441900438908 41.4614396997472, 2.17442397683099 41.4614554983813, 2.1744266031135 41.4614967260749, 2.17441752753409 41.4615363115019, 2.17440423675562 41.4615702550653, 2.17439084594271 41.4615903715539, 2.17434943058466 41.4616203211294, 2.17408917844016 41.4617557075073, 2.17403575003129 41.4618019101312, 2.17400738230555 41.4618406634234, 2.17398691215237 41.4618864451462, 2.17397991894373 41.4619242079799, 2.17398018987445 41.4619472058095, 2.17399542747639 41.462004259993, 2.17400671591089 41.4620262200204, 2.17412457636941 41.4621971889951, 2.17407514331409 41.4622568953839, 2.17399738491943 41.4623378359553, 2.17389131466369 41.462415348497, 2.17380565456691 41.4624640757831, 2.17370581251321 41.4625036556375, 2.17293866884742 41.4620572071473, 2.17264618526418 41.4618688515443, 2.17254816150079 41.4617664079072, 2.17238604850944 41.461655783748, 2.17213441396925 41.4614428035728, 2.17189999229681 41.4612708853821, 2.17174914262467 41.4612050090896, 2.17169489574472 41.4611375944322, 2.17164549886152 41.461109667076, 2.17152386692972 41.4609628532456, 2.17142507645695 41.4608757337107, 2.17140507199725 41.4608219802827, 2.17122351063429 41.4612134245319, 2.17064183818099 41.4610236743247, 2.17050007132978 41.4609621313884, 2.17001894199832 41.4608442984022, 2.17001192907819 41.460754316143, 2.16954895132721 41.4606771067201, 2.16940903426979 41.4606349552094, 2.1692874330116 41.4606302219255, 2.16909868153714 41.4605509266387, 2.16842937640725 41.460319967386, 2.16831816049847 41.4602848937772, 2.16829630486101 41.4603382820309, 2.16828268258605 41.460395128303, 2.16826746900361 41.4604965758055, 2.16825842028991 41.4606024652923, 2.16826286835186 41.460697225549, 2.16814380067533 41.4607040235311, 2.16732537443377 41.4606802492939, 2.1672418309186 41.4604722672011, 2.16728823745425 41.4603191171067, 2.167359936038 41.4601432352501, 2.16739708357099 41.4600773538097, 2.16752453475026 41.459931203467, 2.16739225349209 41.4599082770112, 2.16731268724252 41.4598867498535, 2.16723784458946 41.459848854366, 2.16716635141391 41.4597999850476, 2.16701399865005 41.4596351273767, 2.16693439021043 41.4594923096267, 2.16692139221049 41.4591745236343, 2.16682220512203 41.4590786123889))"
"08","Nou Barris","55","Ciutat Meridiana","180","111","POLYGON ((431070.442091 4590346.0813295, 431058.4057 4590349.3192, 431052.4715 4590326.7145, 431053.5455 4590322.9355, 431054.2615 4590318.5335, 431054.2785 4590315.8735, 431053.5665 4590312.2085, 431051.4065 4590308.2155, 431049.4805 4590305.7865, 431047.3435 4590303.5885, 431044.8135 4590301.8175, 431005.1045 4590281.2865, 430873.3645 4590218.3085, 430868.1805 4590216.7175, 430813.0365 4590202.3165, 430867.3745 4590149.0995, 430866.6103 4590141.0419, 430868.1144275 4590131.5019605, 430876.3688 4590123.7648, 430899.128 4590101.102, 430899.3248 4590101.2972, 430938.4895 4590057.1445, 430965.4701715 4590058.142799, 430977.9180655 4590043.5688575, 430983.8657 4590035.6485, 430994.7938 4590023.3398, 431002.4158 4590013.6972, 431002.0258 4590013.3322, 431003.9308 4590011.2982, 431004.1732465 4590011.5246505, 431007.8738 4590006.2762, 431026.5537 4589982.7594, 431058.0428 4590005.6462, 431135.9418 4590023.8462, 431175.949982 4590032.8780735, 431177.6274 4590033.6843, 431185.293104 4590038.915083, 431191.570587 4590044.1457885, 431192.4554 4590043.452, 431193.5089 4590046.2013, 431204.2938 4590064.3488, 431207.4018 4590070.5252, 431208.6848 4590073.9048, 431211.6068 4590078.5678, 431193.1635 4590098.0695, 431177.5055 4590120.3595, 431131.0675 4590111.4295, 431091.6755 4590102.7255, 431078.5715 4590099.2695, 431074.0675 4590098.8215, 431069.8915 4590099.2135, 431066.2915 4590101.1175, 431062.9395 4590104.5175, 431061.2595 4590107.9495, 431060.6515 4590111.8695, 431061.1875 4590117.1655, 431063.0275 4590120.9495, 431066.9235 4590124.1175, 431147.9645 4590175.2705, 431157.2115 4590182.1895, 431161.9485 4590187.1345, 431164.9955 4590192.9655, 431166.9315 4590199.1255, 431167.9645 4590206.2055, 431168.4355 4590213.9655, 431168.1155 4590220.1975, 431166.4915 4590226.4055, 431164.4085 4590230.9975, 431151.5875 4590220.0775, 431137.1155 4590209.2775, 431132.0845 4590207.2455, 431127.5635 4590206.3175, 431121.8435 4590206.2615, 431116.5155 4590207.3505, 431107.0035 4590209.8135, 431062.1475 4590222.9575, 431102.1235 4590265.3335, 431107.1795 4590271.4395, 431110.9075 4590277.5435, 431113.4295 4590285.5035, 431126.0475 4590330.7325, 431107.8688 4590336.0628, 431070.442091 4590346.0813295))","POLYGON ((2.17461718798668 41.4617462280254, 2.17447270520038 41.4617743559828, 2.17440423675562 41.4615702550653, 2.17441752753409 41.4615363115019, 2.1744266031135 41.4614967260749, 2.17442711052276 41.461472770039, 2.17441900438908 41.4614396997472, 2.17439359877517 41.4614035508634, 2.17437081620212 41.4613815083713, 2.17434548094435 41.4613615282608, 2.17431539151795 41.4613453601776, 2.17384230167248 41.4611570324227, 2.17227219336556 41.460578476916, 2.17221030819172 41.4605637008112, 2.17155172676289 41.4604292439654, 2.17220840291152 41.4599546248009, 2.17220017622406 41.4598819875765, 2.17221927742263 41.4597961949893, 2.17231899090498 41.4597272208171, 2.17259407499727 41.4595250669324, 2.17259640887523 41.4595268419645, 2.17307036734287 41.4591325491221, 2.17339328239815 41.4591438621458, 2.17354398279922 41.4590136716545, 2.1736160970189 41.4589428479169, 2.17374834172369 41.4588329285017, 2.17384069880679 41.4587467370925, 2.17383607123535 41.4587434161547, 2.17385911142951 41.4587252605769, 2.17386198824674 41.4587273209688, 2.17390689316555 41.4586803685641, 2.17413322607944 41.4584701685, 2.17450761529724 41.4586790064741, 2.1754381877407 41.4588496155603, 2.17591615876605 41.4589343945153, 2.1759361498771 41.4589417997387, 2.1760273318724 41.4589895686916, 2.17610189338602 41.4590372178308, 2.17611256599154 41.4590310450412, 2.17612486573643 41.4590558971865, 2.17625192081036 41.4592202689492, 2.17628842786031 41.4592761636938, 2.1763034036084 41.459306712347, 2.17633785630537 41.4593489605631, 2.17611481777947 41.4595230229221, 2.17592480777372 41.4597224368004, 2.17536983696072 41.4596380235181, 2.17489920146249 41.4595562481996, 2.17474270583853 41.4595239959744, 2.17468883198884 41.4595195741363, 2.1746387892626 41.459522745979, 2.17459547012531 41.4595395852359, 2.17455494933618 41.4595699196287, 2.17453444321909 41.4596006858741, 2.1745267160928 41.4596359394329, 2.17453252859015 41.4596836843375, 2.17455412622312 41.4597179233273, 2.17460041017042 41.4597467908959, 2.17556485749538 41.4602144628829, 2.17567478101611 41.4602775728768, 2.17573093235167 41.460322516851, 2.17576674860182 41.460375295645, 2.17578922553946 41.4604309422828, 2.1758007860921 41.4604947975061, 2.1758055403562 41.4605647289913, 2.17580099832187 41.46062083056, 2.17578084634406 41.4606766041006, 2.1757553830648 41.4607177836215, 2.1756031239647 41.4606183316959, 2.17543108441826 41.4605198186634, 2.17537108072372 41.4605010854819, 2.17531705725223 41.4604923393127, 2.17524857881258 41.4604913439295, 2.17518466306598 41.4605006946949, 2.17507049595968 41.4605220612231, 2.17453193935213 41.4606365909398, 2.17500573057444 41.4610216875254, 2.17506556893279 41.4610771158523, 2.17510950749073 41.4611324121133, 2.17513879484817 41.4612043210262, 2.17528470882894 41.4616127628812, 2.17506644539172 41.4616592099217, 2.17461718798668 41.4617462280254))"
"08","Nou Barris","55","Ciutat Meridiana","180","112","POLYGON ((431504.0585 4590404.7894, 431503.5905 4590405.8535, 431494.3695 4590401.7355, 431490.9155 4590399.5815, 431482.1145 4590393.0735, 431454.6675 4590359.1819, 431446.5555 4590357.7815, 431429.2015 4590344.8935, 431404.3455 4590327.3735, 431272.0595 4590226.1015, 431265.9555 4590220.9895, 431260.8675 4590215.8695, 431256.3395 4590210.3415, 431251.9645 4590203.2375, 431248.1715 4590194.1575, 431239.8195 4590169.5895, 431236.7395 4590161.7655, 431232.2915 4590153.3895, 431226.7315 4590146.1815, 431220.7555 4590139.9495, 431212.7155 4590133.7495, 431206.8435 4590129.9895, 431199.2435 4590125.8615, 431190.1715 4590122.9415, 431177.5055 4590120.3595, 431193.1635 4590098.0695, 431211.6068 4590078.5678, 431208.6849445 4590073.905031, 431207.4018 4590070.5252, 431204.2938 4590064.3488, 431192.8111 4590044.8046, 431192.4554 4590043.452, 431193.3668 4590042.7373, 431194.0873 4590038.9893, 431195.4308 4590036.6413, 431196.5993 4590035.3078, 431200.7428 4590032.8078, 431203.9988 4590032.1682, 431207.0352 4590032.3922, 431208.6672 4590032.9122, 431211.8592 4590034.7478, 431248.4068 4590069.3922, 431252.7632 4590073.2038, 431270.4432 4590085.1402, 431278.1468 4590091.3878, 431292.3628 4590106.3442, 431297.5388 4590112.5638, 431312.2640085 4590128.5949915, 431312.437195 4590128.413205, 431315.6202 4590131.8018, 431319.0652 4590134.7532, 431325.2562 4590138.8938, 431381.3602 4590182.0692, 431383.5657 4590179.0557, 431390.4178 4590183.6856, 431388.4188 4590186.6002, 431398.2528 4590194.0518, 431398.1168 4590194.3692, 431405.6688 4590200.0952, 431405.497217 4590200.4181685, 431419.5472 4590211.3342, 431419.7948 4590211.0358, 431424.8814 4590214.7224, 431425.9496 4590241.6228, 431433.0215 4590247.0705, 431439.4255 4590246.8125, 431442.4165 4590247.1805, 431447.4755 4590249.1385, 431450.7605 4590251.1805, 431480.4615 4590273.5915, 431507.4225 4590290.0605, 431515.5405 4590293.5945, 431520.9145 4590294.9735, 431527.5645 4590295.5275, 431537.0195 4590295.7775, 431555.2695 4590286.3335, 431559.9527 4590288.9957, 431540.7471 4590324.9529, 431526.4313 4590353.0312, 431504.0585 4590404.7894))","POLYGON ((2.17980226295116 41.4623121236823, 2.17979653871253 41.4623216676379, 2.17968660106984 41.4622837912111, 2.17964549010031 41.4622640960879, 2.17954085272989 41.4622047296411, 2.17921607358547 41.4618971374912, 2.17911910652269 41.4618838315784, 2.17891278895089 41.461766271684, 2.17861717642398 41.461606351552, 2.17704483718667 41.4606829158554, 2.1769723366843 41.4606363513101, 2.17691200165859 41.4605898017108, 2.17685841800506 41.4605396253734, 2.17680684579446 41.4604752677434, 2.17676246697378 41.4603931629495, 2.1766652684838 41.4601711734701, 2.17662928356129 41.4601004419965, 2.17657698282818 41.4600246216316, 2.17651123540525 41.4599592256222, 2.1764403962273 41.4599025843429, 2.17634484175565 41.4598460542871, 2.17627496626912 41.4598116861005, 2.17618444390245 41.4597738552805, 2.17607616006195 41.4597467781095, 2.17592480777372 41.4597224368004, 2.17611481777947 41.4595230229221, 2.17633785630537 41.4593489605631, 2.17630340531212 41.4593067144399, 2.17628842786031 41.4592761636938, 2.17625192081036 41.4592202689492, 2.17611667046167 41.4590432578509, 2.17611256599154 41.4590310450412, 2.17612355929442 41.4590246861892, 2.17613261279074 41.4589909912905, 2.17614896562023 41.4589699590326, 2.17616310759735 41.4589580489475, 2.17621300098309 41.4589358877672, 2.17625205663039 41.4589304063251, 2.17628838466836 41.4589326841302, 2.17630786467111 41.4589375074719, 2.1763458719921 41.4589543136129, 2.17677949554223 41.4592694737482, 2.17683121908445 41.4593041765154, 2.17704153655273 41.4594131973432, 2.17713305797719 41.4594701267261, 2.1773015592539 41.4596060502869, 2.17736282210179 41.4596625108622, 2.17753729867222 41.459808157886, 2.17753939287851 41.4598065354358, 2.17757711661242 41.4598373275903, 2.17761802693396 41.4598642045237, 2.17769167920878 41.4599020271117, 2.17835849120423 41.4602956901692, 2.17838523990011 41.4602687374285, 2.17846675271258 41.4603110229857, 2.17844248766927 41.460337102652, 2.17855938176674 41.4604050570203, 2.17855771738125 41.4604079040835, 2.17864748572635 41.4604601214779, 2.17864539467951 41.4604630156535, 2.17881237307044 41.4605625328991, 2.17881537146518 41.4605598664963, 2.17887585393712 41.4605935049451, 2.17888558708453 41.4608358770897, 2.17896963968141 41.46088554667, 2.17904634379926 41.4608837702217, 2.17908211310936 41.4608873402239, 2.17914246190554 41.4609054073861, 2.17918156115803 41.4609240795076, 2.17953462591626 41.4611284632019, 2.17985556108938 41.4612790947641, 2.17995235715119 41.4613116170243, 2.18001654379003 41.4613244958039, 2.18009610165381 41.461330053008, 2.18020927840014 41.4613331115102, 2.18042885741783 41.4612496103308, 2.18048462761456 41.4612739871774, 2.18025059975298 41.4615962004732, 2.18007600976822 41.4618478685689, 2.17980226295116 41.4623121236823))"
"08","Nou Barris","55","Ciutat Meridiana","180","113","POLYGON ((431310.021872 4590444.4059485, 431311.9185 4590450.9745, 431281.2175 4590437.6155, 431275.3125 4590432.4035, 431270.8935 4590426.4961, 431267.3115 4590418.0635, 431263.0465 4590405.3135, 431257.4075 4590396.4875, 431248.4807 4590388.368, 431202.6765 4590362.0215, 431196.5475 4590357.5735, 431190.8535485 4590358.9404885, 431138.5705 4590374.0115, 431126.0475 4590330.7325, 431113.4295 4590285.5035, 431110.9075 4590277.5435, 431107.1795 4590271.4395, 431102.1235 4590265.3335, 431062.1475 4590222.9575, 431107.0035 4590209.8135, 431116.5155 4590207.3505, 431121.8435 4590206.2615, 431127.5635 4590206.3175, 431132.0845 4590207.2455, 431137.1155 4590209.2775, 431151.5875 4590220.0775, 431164.4085 4590230.9975, 431166.4915 4590226.4055, 431168.1155 4590220.1975, 431168.4355 4590213.9655, 431167.9645 4590206.2055, 431166.9315 4590199.1255, 431164.9955 4590192.9655, 431161.9485 4590187.1345, 431157.2115 4590182.1895, 431147.9645 4590175.2705, 431066.9235 4590124.1175, 431063.0275 4590120.9495, 431061.1875 4590117.1655, 431060.6515 4590111.8695, 431061.2595 4590107.9495, 431062.9395 4590104.5175, 431066.2915 4590101.1175, 431069.8915 4590099.2135, 431074.0675 4590098.8215, 431078.5715 4590099.2695, 431091.6755 4590102.7255, 431131.0675 4590111.4295, 431190.1715 4590122.9415, 431199.2435 4590125.8615, 431206.8435 4590129.9895, 431212.7155 4590133.7495, 431220.7555 4590139.9495, 431226.7315 4590146.1815, 431232.2915 4590153.3895, 431236.7395 4590161.7655, 431238.2975 4590165.7215, 431215.454426 4590172.2432925, 431234.4851735 4590239.936952, 431245.4504 4590236.9197, 431270.8845735 4590324.820008, 431275.1526 4590323.6589, 431310.021872 4590444.4059485))","POLYGON ((2.17747451146876 41.4626523442042, 2.17749647271468 41.4627116667892, 2.17713040198739 41.4625887188047, 2.17706029338746 41.4625412706968, 2.17700805632718 41.4624876866699, 2.17696612854071 41.4624114309047, 2.17691651487365 41.4622962315909, 2.17685000326224 41.4622162563583, 2.17674404591152 41.4621423625051, 2.17619862733586 41.4619011442413, 2.1761257510791 41.4618605573914, 2.17605742082462 41.4618723809715, 2.17542970964616 41.4620036335561, 2.17528470882894 41.4616127628812, 2.17513879484817 41.4612043210262, 2.17510950749073 41.4611324121133, 2.17506556893279 41.4610771158523, 2.17500573057444 41.4610216875254, 2.17453193935213 41.4606365909398, 2.17507049595968 41.4605220612231, 2.17518466306598 41.4605006946949, 2.17524857881258 41.4604913439295, 2.17531705725223 41.4604923393127, 2.17537108072372 41.4605010854819, 2.17543108441826 41.4605198186634, 2.1756031239647 41.4606183316959, 2.1757553830648 41.4607177836215, 2.17578084634406 41.4606766041006, 2.17580099832187 41.46062083056, 2.1758055403562 41.4605647289913, 2.1758007860921 41.4604947975061, 2.17578922553946 41.4604309422828, 2.17576674860182 41.460375295645, 2.17573093235167 41.460322516851, 2.17567478101611 41.4602775728768, 2.17556485749538 41.4602144628829, 2.17460041017042 41.4597467908959, 2.17455412622312 41.4597179233273, 2.17453252859015 41.4596836843375, 2.1745267160928 41.4596359394329, 2.17453444321909 41.4596006858741, 2.17455494933618 41.4595699196287, 2.17459547012531 41.4595395852359, 2.1746387892626 41.459522745979, 2.17468883198884 41.4595195741363, 2.17474270583853 41.4595239959744, 2.17489920146249 41.4595562481996, 2.17536983696072 41.4596380235181, 2.17607616006195 41.4597467781095, 2.17618444390245 41.4597738552805, 2.17627496626912 41.4598116861005, 2.17634484175565 41.4598460542871, 2.1764403962273 41.4599025843429, 2.17651123540525 41.4599592256222, 2.17657698282818 41.4600246216316, 2.17662928356129 41.4601004419965, 2.17664748651088 41.4601362055671, 2.17637324748357 41.4601929866849, 2.17659338677281 41.460804306568, 2.17672501641752 41.4607780711433, 2.17701952833212 41.4615719317672, 2.1770707619552 41.4615618397506, 2.17747451146876 41.4626523442042))"
"08","Nou Barris","55","Ciutat Meridiana","180","114","POLYGON ((431427.5212825 4590645.8255145, 431427.277095 4590646.7936235, 431407.793 4590642.319, 431391.881 4590637.587, 431366.221 4590630.506, 431339.118 4590620.777, 431310.786 4590611.955, 431278.422 4590610.439, 431268.414 4590609.131, 431265.278 4590604.695, 431240.018 4590600.567, 431209.274 4590593.891, 431205.842 4590588.871, 431187.39 4590579.435, 431165.5083 4590565.77, 431156.4374 4590567.8442, 431097.622 4590579.6498, 431094.292 4590562.701, 431086.058 4590556.581, 431064.531 4590539.081, 431050.1435 4590539.221, 431047.821000001 4590510.984, 431050.087 4590487.261, 431049.804 4590482.344, 431043.4 4590465.504, 431040.677 4590455.804, 431033.985 4590445.356, 431025.917 4590437.272, 431019.397 4590434.64, 431006.592 4590433.633, 430999.7297 4590434.3597, 430995.1334495 4590430.8972705, 431003.4295 4590426.4235, 431010.5315 4590420.9455, 431019.3075 4590412.2555, 431025.7155 4590403.2075, 431029.7805 4590396.5395, 431019.7565 4590377.6525, 431018.7905 4590375.2235, 431017.4575 4590368.9015, 431017.4105 4590366.3485, 431017.9545 4590362.1505, 431019.6155 4590357.0515, 431021.9435 4590352.7265, 431024.1335 4590349.8825, 431027.5735 4590346.5005, 431036.9785 4590340.2205, 431047.9475 4590332.3165, 431050.4855 4590330.0995, 431052.4715 4590326.7145, 431058.4056045 4590349.3188375, 431107.8688 4590336.0628, 431126.0475 4590330.7325, 431138.5705 4590374.0115, 431190.8535 4590358.9405, 431196.5475 4590357.5735, 431202.6765 4590362.0215, 431248.4807 4590388.368, 431257.4075 4590396.4875, 431263.0465 4590405.3135, 431267.3115 4590418.0635, 431270.8935 4590426.4961, 431275.3125 4590432.4035, 431281.2175 4590437.6155, 431329.3815 4590458.2835, 431339.8325 4590464.7795, 431413.6895 4590536.7265, 431396.1445 4590550.5095, 431448.0545785 4590551.3990995, 431427.5212825 4590645.8255145))","POLYGON ((2.17885847755268 41.4644764979268, 2.17885544373419 41.4644851964086, 2.17862265725777 41.4644432296724, 2.17843267119076 41.46439924988, 2.17812623397795 41.4643332794111, 2.17780282081964 41.4642433352052, 2.17746458983166 41.4641614538381, 2.17707725040076 41.4641450281794, 2.17695756809377 41.4641323902151, 2.17692052431687 41.4640921683511, 2.17661854308074 41.464052824588, 2.17625118987692 41.4639900610574, 2.1762106690359 41.4639445537459, 2.17599080981284 41.4638579851919, 2.17573036812478 41.4637330331436, 2.17562152135482 41.4637509362456, 2.17491594891555 41.463852215051, 2.17487801245677 41.4636992784037, 2.17478012185778 41.4636434509097, 2.17452436843902 41.4634839864083, 2.1743520848619 41.4634840109438, 2.17432750287853 41.4632294926897, 2.17435734494764 41.4630160244603, 2.17435451827102 41.4629717148082, 2.17427976526622 41.4628194936803, 2.17424827035578 41.4627318958531, 2.1741693391182 41.4626372199279, 2.17407366274332 41.4625637171983, 2.17399589799262 41.4625394513348, 2.17384269571423 41.4625292806494, 2.17376044864622 41.4625352355741, 2.17370581251321 41.4625036556375, 2.17380565456691 41.4624640757831, 2.17389131466369 41.462415348497, 2.17399738491943 41.4623378359553, 2.17407514331409 41.4622568953839, 2.17412457636941 41.4621971889951, 2.17400671591089 41.4620262200204, 2.17399542747639 41.462004259993, 2.17398018987445 41.4619472058095, 2.17397991894373 41.4619242079799, 2.17398691215237 41.4618864451462, 2.17400738230555 41.4618406634234, 2.17403575003129 41.4618019101312, 2.17406229617515 41.4617764837072, 2.17410387015723 41.4617463191978, 2.17421719475043 41.4616905663549, 2.17434943058466 41.4616203211294, 2.17438007153097 41.4616005716608, 2.17440423675562 41.4615702550653, 2.17447270409835 41.4617743527097, 2.17506644539172 41.4616592099217, 2.17528470882894 41.4616127628812, 2.17542970964616 41.4620036335561, 2.17605742024262 41.4618723810709, 2.1761257510791 41.4618605573914, 2.17619862733586 41.4619011442413, 2.17674404591152 41.4621423625051, 2.17685000326224 41.4622162563583, 2.17691651487365 41.4622962315909, 2.17696612854071 41.4624114309047, 2.17700805632718 41.4624876866699, 2.17706029338746 41.4625412706968, 2.17713040198739 41.4625887188047, 2.17770473056813 41.4627789908114, 2.17782912448081 41.4628383920465, 2.17870526072165 41.4634927061343, 2.17849361994909 41.4636153437544, 2.17911506203473 41.4636277933038, 2.17885847755268 41.4644764979268))"
"08","Nou Barris","55","Ciutat Meridiana","180","115","POLYGON ((431452.8798 4590649.3424, 431449.761746 4590653.8857445, 431427.277095 4590646.7936235, 431448.0546 4590551.3991, 431396.1445 4590550.5095, 431413.6895 4590536.7265, 431339.8325 4590464.7795, 431329.3815 4590458.2835, 431311.9185 4590450.9745, 431275.152656 4590323.6590935, 431270.8849975 4590324.819992, 431245.450451 4590236.919876, 431234.4853 4590239.9374, 431215.4544 4590172.2433, 431238.2975 4590165.7215, 431248.1715 4590194.1575, 431251.9645 4590203.2375, 431256.3395 4590210.3415, 431260.8675 4590215.8695, 431265.9555 4590220.9895, 431272.0595 4590226.1015, 431404.3455 4590327.3735, 431429.2015 4590344.8935, 431446.5555 4590357.7815, 431454.6675 4590359.1819, 431482.1145 4590393.0735, 431490.9155 4590399.5815, 431494.3695 4590401.7355, 431532.8105 4590418.9015, 431568.3496 4590435.469, 431559.2938 4590454.2142, 431519.988951 4590544.644446, 431488.2299 4590598.4657, 431452.8798 4590649.3424))","POLYGON ((2.17916171122981 41.4645103402006, 2.17912386071108 41.4645509937853, 2.17885544373419 41.4644851964086, 2.1791150622921 41.4636277933101, 2.17849361994909 41.4636153437544, 2.17870526072165 41.4634927061343, 2.17782912448081 41.4628383920465, 2.17770473056813 41.4627789908114, 2.17749647271468 41.4627116667892, 2.17707076260366 41.4615618414982, 2.17701953341052 41.4615719316595, 2.17672501700809 41.4607780727329, 2.17659338823634 41.4608043106138, 2.17637324717142 41.4601929867502, 2.17664748651088 41.4601362055671, 2.17676246697378 41.4603931629495, 2.17680684579446 41.4604752677434, 2.17685841800506 41.4605396253734, 2.17691200165859 41.4605898017108, 2.1769723366843 41.4606363513101, 2.17704483718667 41.4606829158554, 2.17861717642398 41.461606351552, 2.17891278895089 41.461766271684, 2.17911910652269 41.4618838315784, 2.17921607358547 41.4618971374912, 2.17954085272989 41.4622047296411, 2.17964549010031 41.4622640960879, 2.17968660106984 41.4622837912111, 2.18014491602478 41.4624416797403, 2.18056855584139 41.4625939285027, 2.18045800244294 41.4627619863583, 2.17997713204634 41.4635731003617, 2.17959075622087 41.4640551345766, 2.17916171122981 41.4645103402006))"
"08","Nou Barris","56","Vallbona","181","116","POLYGON ((431866.3161 4591065.9295, 431842.966 4591066.026, 431829.383 4591063.77, 431816.6285 4591058.555, 431785.6763 4591051.7992, 431749.8978 4591039.7799, 431726.0355 4591033.8245, 431695.358 4591029.169, 431684.4519 4591025.0046, 431667.2935 4591017.341, 431584.069 4590999.2658, 431568.8235 4590997.8029, 431508.9754 4590993.9313, 431477.1398 4590991.4905, 431417.7644 4591057.5821, 431412.959 4591031.275, 431409.81 4591002.571, 431409.852 4590972.868, 431414.649 4590935.5, 431424.15 4590903.865, 431436.132 4590874.269, 431455.092 4590838.465, 431479.7 4590800.909, 431510.928 4590759.292, 431535.151 4590732.804, 431558.667 4590712.528, 431582.788 4590695.845, 431449.761746 4590653.8857445, 431488.2299 4590598.4657, 431519.988951 4590544.644446, 431559.2938 4590454.2142, 431598.6497 4590372.6443, 431633.9632 4590307.0569, 431663.317 4590260.5339, 431702.1632 4590204.6427, 431732.5123 4590168.5879, 431776.2394 4590122.5301, 431803.8213 4590094.7332, 431897.3123 4590007.9499, 431990.5318 4589924.1628, 432072.717 4589848.9224, 432092.8986 4589826.0962, 432127.5932 4589783.6849, 432143.1692 4589763.0177, 432173.9239 4589798.3329, 432217.846 4589819.0908, 432249.5 4589841.7215, 432245.06 4589848.157, 432231.097 4589872.849, 432223.581 4589884.993, 432219.221 4589893.43, 432190.477 4589954.85, 432186.681 4589965.558, 432175.383 4590005.686, 432172.201 4590018.543, 432163.954 4590047.441, 432161.994 4590056.715, 432155.529 4590102.397, 432151.75 4590152.472, 432138.3994 4590373.2526, 432142.0379765 4590373.1494035, 432158.516094 4590377.238359, 432144.59 4590563.452, 432124.47 4590840.204, 432115.8476 4590999.0976, 432010.8488 4591004.6125, 432005.4718 4591005.0445, 431975.7642 4591009.1063, 431909.4755 4591054.3238, 431896.0597 4591059.8673, 431866.3161 4591065.9295))","POLYGON ((2.18406500567823 41.4682975896134, 2.18378539287886 41.4682964750365, 2.18362300041635 41.4682750019151, 2.18347086319322 41.4682269484977, 2.1831009955002 41.4681634701907, 2.18267393242319 41.4680521739024, 2.18238887236274 41.4679965054033, 2.18202205864098 41.4679519635575, 2.18189193764213 41.4679135277786, 2.18168734650408 41.4678430434209, 2.1806928458372 41.4676731536533, 2.18051045894952 41.4676586774815, 2.17979426502994 41.4676186997558, 2.17941333651303 41.4675939976116, 2.17869485155044 41.4681841824577, 2.1786403008346 41.4679468346634, 2.17860585707019 41.4676880406088, 2.17860973667026 41.4674205218229, 2.17867142439265 41.4670843741679, 2.17878878573007 41.4668002633194, 2.17893562180165 41.4665347288034, 2.17916671608373 41.4662138775029, 2.17946563548492 41.4658777286136, 2.17984427937052 41.4655055683762, 2.18013732631372 41.4652690696463, 2.18042120113388 41.4650884587341, 2.1807119110967 41.4649402593637, 2.17912386071108 41.4645509937853, 2.17959075622087 41.4640551345766, 2.17997713204634 41.4635731003617, 2.18045800244294 41.4627619863583, 2.18093846776089 41.4620306759922, 2.1813687119533 41.4614429668702, 2.18172543453279 41.4610264537652, 2.182196864297 41.4605263719546, 2.18256430905063 41.4602042236764, 2.18309305270057 41.4597931187696, 2.18342642498632 41.4595451079353, 2.18455555843074 41.4587714256917, 2.185681076979 41.4580246946058, 2.18667350190688 41.4573539949995, 2.18691769042346 41.4571501163989, 2.18733783274247 41.456771069482, 2.18752663519925 41.4565862452532, 2.18789086855504 41.4569069157384, 2.18841438424843 41.4570975854287, 2.18879081518536 41.4573040846415, 2.18873693573914 41.4573616718379, 2.18856699399621 41.4575828840927, 2.18847564612229 41.4576916256367, 2.18842249912817 41.4577672461739, 2.18807146463177 41.4583180038891, 2.18802481402268 41.4584141259061, 2.18788503953697 41.4587745883595, 2.18784549801859 41.4588901173998, 2.18774351220655 41.4591496932883, 2.18771900350496 41.4592330548955, 2.18763646549887 41.4596439482754, 2.18758559161289 41.4600946347274, 2.18740092306453 41.4620819899182, 2.1874445000762 41.4620813682218, 2.18764133625936 41.4621195893617, 2.18745365878187 41.4637955643504, 2.18718162175541 41.4662864571622, 2.18706050050163 41.4677168182615, 2.18580259884125 41.4677575960287, 2.18573816466637 41.4677610311105, 2.18538198078166 41.4677950953557, 2.18458312061611 41.4681967266584, 2.18442184982199 41.4682455157553, 2.18406500567823 41.4682975896134))"
"08","Nou Barris","48","la Guineueta","167","215","POLYGON ((430759.0515 4587665.3075, 430742.3508 4587668.1175, 430636.0695 4587625.9695, 430631.0975 4587624.6135, 430623.2875 4587623.0945, 430615.0095 4587623.1115, 430475.9415 4587643.1775, 430438.8075 4587647.9635, 430374.9115 4587656.8315, 430373.8177 4587649.7175, 430377.4701 4587639.7201, 430390.6537 4587620.8615, 430403.1516 4587601.7393, 430403.8836 4587607.9153, 430406.8996 4587607.5333, 430406.4306 4587602.3003, 430422.6894 4587576.0061, 430441.6732 4587546.3939, 430459.6321 4587521.8188, 430475.6202 4587500.8001, 430488.6136 4587484.5474, 430490.5078 4587498.6852, 430580.580058 4587487.573442, 430580.8888 4587489.9295, 430640.5669 4587482.6691, 430639.3979 4587472.9461, 430649.5658 4587471.7612, 430650.0242 4587474.6458, 430720.9818 4587465.4878, 430719.7498 4587458.6392, 430718.4052 4587447.4482, 430720.9232 4587447.0338, 430721.0172 4587447.5058, 430748.751729 4587443.838922, 430749.0015 4587445.7425, 430806.4095 4587438.4074, 430820.0865 4587437.0005, 430828.1425 4587419.4985, 430842.6095 4587440.2595, 430855.2085 4587463.8795, 430887.0095 4587519.1325, 430899.0495 4587538.8655, 430912.7115 4587557.8895, 430974.8345 4587635.9875, 430960.7975 4587637.5535, 430934.275500001 4587641.4715, 430903.2815 4587645.1235, 430849.0575 4587653.4955, 430817.2335 4587657.0675, 430759.0515 4587665.3075))","POLYGON ((2.17119624746242 41.4375747879159, 2.17099604061282 41.4375986562359, 2.1697288352241 41.4372098721443, 2.1696694831286 41.4371972296893, 2.16957618296624 41.4371828739397, 2.16947710518899 41.4371823118215, 2.16781035192178 41.4373510098523, 2.16736535916908 41.4373908995104, 2.16659959169586 41.4374652323871, 2.16658732012469 41.4374010646112, 2.16663218611327 41.4373113387317, 2.16679214755878 41.4371426298396, 2.16694393171452 41.4369714871438, 2.16695198137802 41.4370271753422, 2.16698812247019 41.4370239962091, 2.16698311189562 41.4369768240292, 2.16718073324276 41.436741411604, 2.16741134907108 41.4364763509592, 2.167629116973 41.4362565682244, 2.16782288701432 41.4360686455142, 2.16798026618045 41.4359233887167, 2.16800131044494 41.436050886231, 2.16908060410983 41.4359585984447, 2.16908402859501 41.4359798452194, 2.16979911026024 41.435919610326, 2.16978623522665 41.4358319381136, 2.16990806391735 41.4358221443422, 2.16991321916813 41.43584816439, 2.1707635128836 41.4357718065431, 2.17074955305008 41.4357100175891, 2.17073474343639 41.4356091086154, 2.17076492708422 41.4356055935077, 2.17076599799375 41.435609852737, 2.17109835296227 41.4355792187664, 2.17110112415739 41.4355963850918, 2.17178903932034 41.4355352692094, 2.17195289047001 41.4355237761436, 2.17205131015706 41.4353668363513, 2.17222207894676 41.4355550686511, 2.17237016478877 41.43576888977, 2.17274445027829 41.4362692697473, 2.17288629353905 41.4364480333892, 2.17304763150362 41.4366205507178, 2.17378222851992 41.4373292916159, 2.17361404622626 41.4373421892456, 2.17329616690658 41.4373751964515, 2.17292479401692 41.4374054222217, 2.17227484949142 41.437476157857, 2.17189355079597 41.4375055882823, 2.17119624746242 41.4375747879159))"
"09","Sant Andreu","57","la Trinitat Vella","182","001","POLYGON ((432158.904 4590372.671, 432158.516094 4590377.238359, 432142.0381 4590373.1494, 432138.3994 4590373.2526, 432152.876 4590135.459, 432155.529 4590102.397, 432161.994 4590056.715, 432163.954 4590047.441, 432172.201 4590018.543, 432175.383 4590005.686, 432186.681 4589965.558, 432190.477 4589954.85, 432219.221 4589893.43, 432223.581 4589884.993, 432231.097 4589872.849, 432245.06 4589848.157, 432249.4997635 4589841.721831, 432217.846096 4589819.0908685, 432173.9239 4589798.3329, 432193.0183 4589767.364, 432228.228 4589658.371, 432237.7056 4589615.1758, 432241.0724 4589590.8967, 432245.66 4589568.638, 432248.8748 4589495.91, 432255.3575 4589391.0925, 432251.745 4589256.9978, 432280.9138 4589255.2092, 432298.1595 4589255.3295, 432300.3855 4589263.8355, 432305.0935 4589275.5775, 432310.8215 4589287.6315, 432317.0615 4589297.9735, 432354.4125 4589354.5615, 432364.3295 4589356.3105, 432377.5415 4589357.4595, 432397.7335 4589357.7795, 432413.2095 4589356.7515, 432420.1175 4589355.6025, 432433.1825 4589352.3915, 432440.5275 4589349.8795, 432447.9825 4589346.4705, 432451.9935 4589343.9975, 432463.0215 4589335.6375, 432511.0155 4589294.8445, 432535.2975 4589321.6295, 432541.4185 4589326.9165, 432557.2065 4589336.6915, 432573.7315 4589344.1735, 432585.5315 4589348.6245, 432599.5205 4589352.9965, 432609.7055 4589355.7375, 432619.9715 4589358.0775, 432635.8935 4589360.0695, 432647.0545 4589360.5215, 432661.8505 4589360.1505, 432676.7295 4589359.3725, 432694.5035 4589383.7665, 432697.4205 4589389.1075, 432699.2485 4589393.7845, 432700.6115 4589400.6995, 432701.0975 4589407.0615, 432700.0465 4589418.8565, 432698.2025 4589426.1935, 432696.0415 4589432.1165, 432692.3395 4589439.0585, 432688.8115 4589444.3375, 432683.9305 4589449.5275, 432677.106206 4589455.3799285, 432684.604058 4589462.247171, 432692.4132705 4589468.0013405, 432739.2565775 4589515.214841, 432492.16 4589756.252, 432459.539 4589789.468, 432430.137 4589821.708, 432402.122 4589854.62, 432333.619 4589942.514, 432298.876 4589989.43, 432269.984 4590034.124, 432255.21 4590059.569, 432236.686 4590094.928, 432224.449 4590121.011, 432213.742 4590146.381, 432203.169 4590173.967, 432191.57 4590208.048, 432183.902 4590234.07, 432176.793 4590261.534, 432170.745 4590287.215, 432164.309 4590321.436, 432161.516 4590341.918, 432158.904 4590372.671))","POLYGON ((2.18764649415211 41.4620784857567, 2.18764133625936 41.4621195893617, 2.18744450155529 41.4620813682007, 2.18740092306453 41.4620819899182, 2.18760098541338 41.4599415004905, 2.18763646549887 41.4596439482754, 2.18771900350496 41.4592330548955, 2.18774351220655 41.4591496932883, 2.18784549801859 41.4588901173998, 2.18788503953697 41.4587745883595, 2.18802481402268 41.4584141259061, 2.18807146463177 41.4583180038891, 2.18842249912817 41.4577672461739, 2.18847564612229 41.4576916256367, 2.18856699399621 41.4575828840927, 2.18873693573914 41.4573616718379, 2.18879081231675 41.4573040876027, 2.18841438539008 41.4570975860537, 2.18789086855504 41.4569069157384, 2.18812295001324 41.4566296044476, 2.18855672325127 41.4556509205486, 2.18867503756063 41.4552626781752, 2.1887180696585 41.4550442898338, 2.18877548997797 41.4548442015122, 2.18882213849105 41.4541894393866, 2.18891150850668 41.4532459349859, 2.18888330684088 41.4520378894768, 2.18923269761526 41.4520242418989, 2.18943913856608 41.4520267803311, 2.18946483313354 41.4521035784649, 2.18951987795064 41.4522097313861, 2.18958709880889 41.452318780375, 2.18966064116563 41.4524124531585, 2.19010144640525 41.4529252691726, 2.19021997210568 41.4529418575749, 2.19037801126386 41.4529533195168, 2.19061970460454 41.4529579027249, 2.19080509112207 41.4529499473527, 2.19088791906678 41.4529401804557, 2.19104468643486 41.4529123602048, 2.19113289836143 41.452890353886, 2.19122252745097 41.4528602778114, 2.19127082186234 41.4528383420139, 2.19140377879729 41.4527639746877, 2.19198289851987 41.4524006044972, 2.19227059617301 41.4526438886454, 2.1923432829269 41.4526920212203, 2.19253119696783 41.4527813879269, 2.1927281905989 41.4528501640399, 2.19286895757309 41.452891243834, 2.19303593923633 41.4529317957716, 2.19315756339894 41.4529573382408, 2.19328020210319 41.4529792757226, 2.19347059079925 41.4529985535301, 2.19360415483671 41.4530035612656, 2.19378132727126 41.4530014613858, 2.19395953871792 41.4529957024951, 2.19416960181928 41.4532169011392, 2.19420392760406 41.4532652502032, 2.19422529036985 41.4533075275303, 2.19424083690867 41.4533699227091, 2.1942459459948 41.4534272636747, 2.19423204909252 41.4535334087978, 2.19420915553313 41.4535993358393, 2.19418262452701 41.4536525009093, 2.19413753152083 41.4537147144932, 2.19409470690098 41.4537619646196, 2.19403569443226 41.4538082996515, 2.19395334346857 41.4538604378869, 2.19404233992609 41.4539229175664, 2.19413518816395 41.4539753982506, 2.19469072391847 41.4544045603292, 2.19170557931297 41.4565547442536, 2.19131131806395 41.4568511633142, 2.19095570131681 41.4571390615754, 2.1906166118266 41.4574331279864, 2.18978661714186 41.4582189820076, 2.18936539474986 41.4586386058376, 2.18901446820774 41.4590387092535, 2.18883472857127 41.4592666353315, 2.18860897693111 41.459583535977, 2.18845953767001 41.4598174218941, 2.18832849582975 41.4600450151447, 2.18819880851391 41.4602925782007, 2.18805610629345 41.460598552313, 2.18796137403556 41.4608322742258, 2.18787317195791 41.4610790308283, 2.18779787300036 41.4613098182626, 2.1877169680597 41.4616174892569, 2.18768122491358 41.4618017264352, 2.18764649415211 41.4620784857567))"
"09","Sant Andreu","57","la Trinitat Vella","182","002","POLYGON ((432661.8505 4589360.1505, 432647.0545 4589360.5215, 432635.8935 4589360.0695, 432619.9715 4589358.0775, 432609.7055 4589355.7375, 432599.5205 4589352.9965, 432585.5315 4589348.6245, 432573.7315 4589344.1735, 432566.7805 4589341.1785, 432557.2065 4589336.6915, 432541.4185 4589326.9165, 432535.2975 4589321.6295, 432511.0155 4589294.8445, 432463.0215 4589335.6375, 432440.3935 4589254.7795, 432436.6285 4589242.0765, 432427.8565 4589215.3805, 432408.6235 4589185.9445, 432429.2825 4589176.8255, 432459.9235 4589100.9205, 432512.5025 4589169.3895, 432517.0305 4589176.4475, 432523.1055 4589189.0535, 432526.0495 4589193.5325, 432525.0855 4589168.2255, 432524.1115 4589089.9015, 432528.1865 4589069.3635, 432554.9135 4589116.9575, 432587.1855 4589177.0695, 432602.9135 4589205.5655, 432608.9535 4589214.8915, 432615.1895 4589221.7975, 432636.3415 4589238.2835, 432649.6495 4589252.3815, 432657.2715 4589266.8435, 432662.0495 4589277.9975, 432665.2875 4589288.8975, 432666.7855 4589300.1735, 432666.9155 4589305.0915, 432665.2945 4589330.2355, 432665.5875 4589332.4155, 432666.4475 4589335.3815, 432676.7295 4589359.3725, 432661.8505 4589360.1505))","POLYGON ((2.19378132727126 41.4530014613858, 2.19360415483671 41.4530035612656, 2.19347059079925 41.4529985535301, 2.19328020210319 41.4529792757226, 2.19315756339894 41.4529573382408, 2.19303593923633 41.4529317957716, 2.19286895757309 41.452891243834, 2.1927281905989 41.4528501640399, 2.19264531105548 41.4528226051688, 2.19253119696783 41.4527813879269, 2.1923432829269 41.4526920212203, 2.19227059617301 41.4526438886454, 2.19198289851987 41.4524006044972, 2.19140377879729 41.4527639746877, 2.19114193476375 41.4520338121423, 2.19109828393971 41.4519190839836, 2.1909962587459 41.4516779044953, 2.19076930971301 41.4514111658414, 2.19101764417556 41.4513307739042, 2.19139294460822 41.4506497045244, 2.19201472157687 41.4512708024702, 2.19206813852557 41.4513347520131, 2.19213945513886 41.4514488003944, 2.19217419804026 41.451489388609, 2.19216548559365 41.4512613766927, 2.19216257762163 41.4505558591922, 2.19221365458351 41.4503712234912, 2.1925282894866 41.4508021316068, 2.19290791145722 41.4513462496819, 2.19309301463286 41.45160422364, 2.19316428040753 41.4516887266973, 2.19323816280525 41.4517514501095, 2.19348954096598 41.4519017091188, 2.19364728317926 41.4520298015363, 2.193736916065 41.4521606950787, 2.19379287149966 41.4522615559892, 2.19383041942405 41.4523599999854, 2.19384709520692 41.4524616844859, 2.1938481030727 41.4525059900257, 2.19382589335805 41.4527323168638, 2.19382915790062 41.4527519759105, 2.19383912263868 41.4527787617423, 2.19395953871792 41.4529957024951, 2.19378132727126 41.4530014613858))"
"09","Sant Andreu","57","la Trinitat Vella","182","003","POLYGON ((432413.2095 4589356.7515, 432397.7335 4589357.7795, 432377.5415 4589357.4595, 432364.3295 4589356.3105, 432354.4125 4589354.5615, 432317.0615 4589297.9735, 432310.8215 4589287.6315, 432305.0935 4589275.5775, 432300.3855 4589263.8355, 432296.1155 4589247.5255, 432294.6695 4589240.6895, 432292.8875 4589227.9835, 432292.4335 4589221.1095, 432293.8125 4589205.7175, 432298.4115 4589139.0855, 432301.2795 4589130.7815, 432311.8965 4589105.4875, 432342.9675 4589124.2525, 432350.9695 4589129.4585, 432395.9225 4589168.4315, 432408.6235 4589185.9445, 432427.8565 4589215.3805, 432436.6285 4589242.0765, 432440.3935 4589254.7795, 432463.0215 4589335.6375, 432451.9935 4589343.9975, 432447.9825 4589346.4705, 432440.5275 4589349.8795, 432433.1825 4589352.3915, 432420.1175 4589355.6025, 432413.2095 4589356.7515))","POLYGON ((2.19080509112207 41.4529499473527, 2.19061970460454 41.4529579027249, 2.19037801126386 41.4529533195168, 2.19021997210568 41.4529418575749, 2.19010144640525 41.4529252691726, 2.18966064116563 41.4524124531585, 2.18958709880889 41.452318780375, 2.18951987795064 41.4522097313861, 2.18946483313354 41.4521035784649, 2.18941554413109 41.4519563201959, 2.18939900006417 41.4518946289164, 2.18937909186039 41.451780040391, 2.18937442766188 41.4517180905395, 2.18939266193778 41.4515795768708, 2.18945518840391 41.4509798352128, 2.18949045267008 41.4509052860857, 2.18962038564277 41.4506783678623, 2.18999023761549 41.4508499969845, 2.19008544749119 41.4508975599876, 2.19061922356486 41.4512523630142, 2.19076930971301 41.4514111658414, 2.1909962587459 41.4516779044953, 2.19109828393971 41.4519190839836, 2.19114193476375 41.4520338121423, 2.19140377879729 41.4527639746877, 2.19127082186234 41.4528383420139, 2.19122252745097 41.4528602778114, 2.19113289836143 41.452890353886, 2.19104468643486 41.4529123602048, 2.19088791906678 41.4529401804557, 2.19080509112207 41.4529499473527))"
"09","Sant Andreu","57","la Trinitat Vella","182","004","POLYGON ((432525.0855 4589168.2255, 432526.0495 4589193.5325, 432523.1055 4589189.0535, 432517.0305 4589176.4475, 432512.5025 4589169.3895, 432459.9235 4589100.9205, 432429.2825 4589176.8255, 432408.6235 4589185.9445, 432395.9225 4589168.4315, 432350.9695 4589129.4585, 432342.9675 4589124.2525, 432311.8965 4589105.4875, 432324.9565 4589073.7985, 432367.8805 4589038.8645, 432371.1575 4589050.3485, 432432.8845 4589038.5005, 432414.8345 4588994.7675, 432446.1895 4588989.8955, 432549.3235 4588971.9255, 432589.5945 4588965.2295, 432589.8135 4588978.3575, 432589.1355 4588983.3915, 432587.3155 4588987.6575, 432582.7975 4588995.2635, 432580.0715 4588997.8415, 432565.5095 4589005.9355, 432555.0635 4589012.6015, 432552.1155 4589015.2775, 432545.5475 4589022.1715, 432540.2635 4589028.1235, 432532.3995 4589039.3575, 432527.8595 4589053.3655, 432528.1865 4589069.3635, 432524.1115 4589089.9015, 432525.0855 4589168.2255))","POLYGON ((2.19216548559365 41.4512613766927, 2.19217419804026 41.451489388609, 2.19213945513886 41.4514488003944, 2.19206813852557 41.4513347520131, 2.19201472157687 41.4512708024702, 2.19139294460822 41.4506497045244, 2.19101764417556 41.4513307739042, 2.19076930971301 41.4514111658414, 2.19061922356486 41.4512523630142, 2.19008544749119 41.4508975599876, 2.18999023761549 41.4508499969845, 2.18962038564277 41.4506783678623, 2.18978027969721 41.450394058067, 2.1902980379431 41.4500830384555, 2.1903359808292 41.4501867467291, 2.19107624187552 41.4500852347617, 2.19086505965551 41.4496898280181, 2.19124095327154 41.4496485872419, 2.19247757014657 41.4494954114113, 2.19296039780779 41.4494384860851, 2.19296155403016 41.4495567436237, 2.19295287582577 41.4496020260983, 2.19293061253687 41.4496402955615, 2.19287567876714 41.4497084205816, 2.19284275816721 41.4497314107239, 2.19266753342981 41.4498030871572, 2.1925417403133 41.4498622477117, 2.19250615101673 41.4498861017515, 2.19242675560399 41.4499476415556, 2.19236283602976 41.4500008049688, 2.19226744104256 41.4501013245328, 2.19221152752439 41.4502271078516, 2.19221365458351 41.4503712234912, 2.19216257762163 41.4505558591922, 2.19216548559365 41.4512613766927))"
"09","Sant Andreu","57","la Trinitat Vella","182","005","POLYGON ((432787.833 4589468.678, 432739.2565775 4589515.214841, 432692.4132705 4589468.0013405, 432684.604058 4589462.247171, 432677.106206 4589455.3799285, 432683.9305 4589449.5275, 432688.8115 4589444.3375, 432692.3395 4589439.0585, 432696.0415 4589432.1165, 432698.2025 4589426.1935, 432700.0465 4589418.8565, 432701.0975 4589407.0615, 432700.6115 4589400.6995, 432699.2485 4589393.7845, 432697.4205 4589389.1075, 432694.5035 4589383.7665, 432676.7295 4589359.3725, 432666.4475 4589335.3815, 432665.2945 4589330.2355, 432666.9155 4589305.0915, 432666.7855 4589300.1735, 432665.2875 4589288.8975, 432662.0495 4589277.9975, 432657.2715 4589266.8435, 432649.6495 4589252.3815, 432636.3415 4589238.2835, 432615.1895 4589221.7975, 432608.9535 4589214.8915, 432602.9135 4589205.5655, 432587.1855 4589177.0695, 432554.9135 4589116.9575, 432528.1865 4589069.3635, 432527.8595 4589053.3655, 432532.3995 4589039.3575, 432540.2635 4589028.1235, 432552.1155 4589015.2775, 432555.0635 4589012.6015, 432565.5095 4589005.9355, 432580.0715 4588997.8415, 432582.7975 4588995.2635, 432587.3155 4588987.6575, 432589.1355 4588983.3915, 432589.8135 4588978.3575, 432589.5945 4588965.2295, 432549.3235 4588971.9255, 432446.1895 4588989.8955, 432414.8345 4588994.7675, 432432.8845 4589038.5005, 432371.1575 4589050.3485, 432367.8805 4589038.8645, 432324.9565 4589073.7985, 432301.2795 4589130.7815, 432298.4115 4589139.0855, 432293.8125 4589205.7175, 432292.4335 4589221.1095, 432292.8875 4589227.9835, 432294.6695 4589240.6895, 432298.1595 4589255.3295, 432280.913992 4589255.209201, 432251.745 4589256.9978, 432248.2041 4589198.0576, 432243.3194 4589107.2487, 432235.3896 4589043.1106, 432202.8416 4588904.3866, 432148.4319 4588694.5399, 432299.4584125 4588691.3565335, 432299.792245 4588675.2918175, 432379.718576 4588674.6564635, 432378.7101915 4588691.0414455, 432431.163942 4588690.8826955, 432532.605395 4588693.5814505, 432554.3541885 4588696.121456, 432565.3079605 4588697.8677095, 432584.7060255 4588704.378189, 432595.0568365 4588709.4665955, 432606.03407 4588715.459489, 432657.6497 4588747.5535, 432674.778 4588756.071, 432692.6595 4588762.6198, 432712.842 4588767.6009, 432724.0996295 4588768.8710565, 432733.6662 4588769.5074, 432754.8815 4588769.3478, 432793.4187 4588765.8741, 432825.2987 4588765.7277, 432861.8544 4588770.4304, 432886.9258 4588777.5224, 432908.931179 4588787.2831415, 432920.118399 4588793.9544985, 432907.492 4588742.609, 432983.3635 4588777.1975, 433020.7055 4588793.4765, 433198.172821 4588872.2477835, 433287.333524 4588911.159887, 433193.118 4589037.122, 433143.255 4589102.918, 433110.893 4589141.21, 433052.639 4589208.612, 433022.021 4589243.494, 432989.463 4589276.548, 432929.921 4589333.656, 432787.833 4589468.678))","POLYGON ((2.1952774523266 41.453989489751, 2.19469072391847 41.4544045603292, 2.19413518816395 41.4539753982506, 2.19404233992609 41.4539229175664, 2.19395334346857 41.4538604378869, 2.19403569443226 41.4538082996515, 2.19409470690098 41.4537619646196, 2.19413753152083 41.4537147144932, 2.19418262452701 41.4536525009093, 2.19420915553313 41.4535993358393, 2.19423204909252 41.4535334087978, 2.1942459459948 41.4534272636747, 2.19424083690867 41.4533699227091, 2.19422529036985 41.4533075275303, 2.19420392760406 41.4532652502032, 2.19416960181928 41.4532169011392, 2.19395953871792 41.4529957024951, 2.19383912263868 41.4527787617423, 2.19382589335805 41.4527323168638, 2.1938481030727 41.4525059900257, 2.19384709520692 41.4524616844859, 2.19383041942405 41.4523599999854, 2.19379287149966 41.4522615559892, 2.193736916065 41.4521606950787, 2.19364728317926 41.4520298015363, 2.19348954096598 41.4519017091188, 2.19323816280525 41.4517514501095, 2.19316428040753 41.4516887266973, 2.19309301463286 41.45160422364, 2.19290791145722 41.4513462496819, 2.1925282894866 41.4508021316068, 2.19221365458351 41.4503712234912, 2.19221152752439 41.4502271078516, 2.19226744104256 41.4501013245328, 2.19236283602976 41.4500008049688, 2.19250615101673 41.4498861017515, 2.1925417403133 41.4498622477117, 2.19266753342981 41.4498030871572, 2.19284275816721 41.4497314107239, 2.19287567876714 41.4497084205816, 2.19293061253687 41.4496402955615, 2.19295287582577 41.4496020260983, 2.19296155403016 41.4495567436237, 2.19296039780779 41.4494384860851, 2.19247757014657 41.4494954114113, 2.19124095327154 41.4496485872419, 2.19086505965551 41.4496898280181, 2.19107624187552 41.4500852347617, 2.1903359808292 41.4501867467291, 2.1902980379431 41.4500830384555, 2.18978027969721 41.450394058067, 2.18949045267008 41.4509052860857, 2.18945518840391 41.4509798352128, 2.18939266193778 41.4515795768708, 2.18937442766188 41.4517180905395, 2.18937909186039 41.451780040391, 2.18939900006417 41.4518946289164, 2.18943913856608 41.4520267803311, 2.18923269991365 41.4520242419241, 2.18888330684088 41.4520378894768, 2.18884753071084 41.4515067382679, 2.18879924409054 41.4506884440741, 2.18871151291665 41.4501101066481, 2.18833745455558 41.4488579226116, 2.18770970395322 41.4469633137529, 2.18951791247433 41.4469473937893, 2.189523709279 41.4468027329159, 2.19048053056943 41.4468037472762, 2.19046662535672 41.4469512359132, 2.19109453703647 41.4469542230506, 2.19230853369982 41.4469870620648, 2.19256859270312 41.4470117666195, 2.19269951926572 41.4470284147648, 2.19293099612815 41.4470886816586, 2.19305433222976 41.4471353803391, 2.19318506616034 41.4471902778719, 2.19379935162375 41.4474836689991, 2.19400343709324 41.4475618198505, 2.19421675868573 41.4476223021195, 2.19445779962935 41.447668857164, 2.19459241840994 41.4476812406035, 2.19470686488355 41.4476877736499, 2.19496084202613 41.4476881137313, 2.19542254111923 41.4476600547814, 2.19580417929598 41.4476614047139, 2.1962412492867 41.4477068186046, 2.19654058052244 41.4477727903248, 2.196802913773 41.4478625414337, 2.19693609069521 41.4479235629718, 2.19679064867499 41.4474600568077, 2.19769503365392 41.4477779212738, 2.19814023451796 41.4479276573165, 2.20025591807009 41.4486519118366, 2.20131894204475 41.4490097951243, 2.20017716880758 41.4501364562155, 2.19957297231713 41.4507249060097, 2.19918132045652 41.4510670923101, 2.1984764769055 41.4516693014189, 2.19810606991617 41.4519809167088, 2.19771263766772 41.4522759046358, 2.19699349152753 41.4527852823717, 2.1952774523266 41.453989489751))"
"09","Sant Andreu","58","Baró de Viver","183","006","POLYGON ((433329.478 4588854.641, 433287.333524 4588911.159887, 433198.172821 4588872.2477835, 433020.7055 4588793.4765, 433020.2057 4588760.3557, 433020.9995 4588742.5757, 433029.7625 4588719.9008, 433043.8632 4588688.3577, 433095.1185 4588712.1565, 433114.2395 4588669.6235, 433335.58019 4588768.5677375, 433330.654 4588775.32, 433303.648 4588808.789, 433342.4338425 4588836.9765975, 433329.478 4588854.641))","POLYGON ((2.2018296862265 41.4485042504432, 2.20131894204475 41.4490097951243, 2.20025591807009 41.4486519118366, 2.19814023451796 41.4479276573165, 2.19813792475969 41.4476293080812, 2.19814939879364 41.4474692360316, 2.19825681097042 41.4472657422112, 2.19842910037151 41.4469828207065, 2.19904001352952 41.4472014418966, 2.19927361164684 41.4468199552528, 2.20191223491577 41.4477295246441, 2.2018525200747 41.4477899308482, 2.20152554554243 41.4480891312802, 2.20198672700018 41.4483462291773, 2.2018296862265 41.4485042504432))"
"09","Sant Andreu","58","Baró de Viver","183","007","POLYGON ((433443.4081 4588698.0478, 433342.4338425 4588836.9765975, 433303.648 4588808.789, 433330.654 4588775.32, 433335.58019 4588768.5677375, 433114.2395 4588669.6235, 433095.1185 4588712.1565, 433043.8632 4588688.3577, 433029.7625 4588719.9008, 433020.9995 4588742.5757, 433020.2057 4588760.3557, 433020.7055 4588793.4765, 432983.3635 4588777.1975, 432941.9115 4588758.4575, 432891.1558 4588545.9991, 432865.9769 4588446.1221, 432849.7822 4588378.6351, 432830.87085 4588305.1451, 432802.680138 4588191.727556, 432890.0357 4588199.3765, 433146.8135 4588224.1175, 433114.6585 4588471.8245, 433319.323199 4588605.5831995, 433338.0415 4588612.9495, 433452.268524 4588685.3345055, 433443.4081 4588698.0478))","POLYGON ((2.20321077175379 41.44710332306, 2.20198672700018 41.4483462291773, 2.20152554554243 41.4480891312802, 2.2018525200747 41.4477899308482, 2.20191223491577 41.4477295246441, 2.19927361164684 41.4468199552528, 2.19904001352952 41.4472014418966, 2.19842910037151 41.4469828207065, 2.19825681097042 41.4472657422112, 2.19814939879364 41.4474692360316, 2.19813792475969 41.4476293080812, 2.19814023451796 41.4479276573165, 2.19769503365392 41.4477779212738, 2.19720090905308 41.4476056748189, 2.19661694064976 41.4456878945076, 2.19632664448003 41.4447862318171, 2.1961402953946 41.4441770453617, 2.19592209937513 41.4435135643405, 2.19559727789579 41.4424896926464, 2.19664204155352 41.4425658907886, 2.19971284320271 41.4428101474855, 2.19930053058392 41.4450384822618, 2.20173562279097 41.446260227788, 2.20195887411854 41.4463281281992, 2.20331823618712 41.4469895532746, 2.20321077175379 41.44710332306))"
"09","Sant Andreu","59","el Bon Pastor","184","008","POLYGON ((433150.7335 4588199.4315, 433146.8135 4588224.1175, 432890.0357 4588199.3765, 432802.680138 4588191.727556, 432779.951 4588100.285, 432769.832 4588056.537, 432748.569 4587959.597, 432733.286 4587896.881, 432729.29 4587876.632, 432727.103 4587869.85, 432720.88 4587838.302, 432714.169 4587812.116, 432704.456 4587762.767, 432700.991 4587749.502, 432698.232 4587734.305, 432695.793 4587717.959, 432681.207 4587639.23, 432678.113 4587619.74, 432674.652 4587594.823, 432671.756 4587568.987, 432669.129 4587535.61, 432668.398 4587513.085, 432668.681 4587487.326, 432670.008 4587452.615, 432676.707 4587391.254, 432677.248258 4587374.018601, 432692.6365 4587383.3655, 432703.7335 4587389.4835, 432715.8235 4587395.2475, 432742.2935 4587404.5295, 432755.0785 4587408.4635, 432767.8155 4587411.7575, 432784.5895 4587415.5685, 432809.7355 4587416.5145, 432820.0115 4587416.4045, 432819.5915 4587431.8695, 432824.9855 4587478.9295, 432832.5175 4587513.7375, 432855.4475 4587586.3895, 433014.6009 4587690.1268, 433143.9262 4587775.1401, 433200.3305 4587810.8195, 433191.2455 4587875.8735, 433184.6395 4587929.1615, 433171.4295 4588027.1035, 433163.9575 4588097.1755, 433150.7335 4588199.4315))","POLYGON ((2.19976249609601 41.4425881353903, 2.19971284320271 41.4428101474855, 2.19664204155352 41.4425658907886, 2.19559727789579 41.4424896926464, 2.1953353932949 41.4416641983808, 2.19521914254572 41.4412693279379, 2.19497542789989 41.4403944419367, 2.19479948448332 41.4398283001997, 2.19475391032457 41.4396455896111, 2.19472848902404 41.4395843232271, 2.19465751828911 41.4392996597798, 2.19458011018233 41.4390632490882, 2.19446935159792 41.4386179655197, 2.19442935676769 41.4384982017878, 2.19439802728981 41.4383610963502, 2.19437065594861 41.4382136690728, 2.19420484953805 41.43750336109, 2.19416998975357 41.4373275618995, 2.19413134230443 41.4371028527799, 2.19409955975467 41.4368699138923, 2.19407183717837 41.4365690783136, 2.19406559793639 41.4363661419799, 2.19407185506572 41.436134163116, 2.19409160454081 41.4358216441365, 2.19417861654381 41.4352695479408, 2.19418701448439 41.4351143598793, 2.19437014403974 41.4351998341439, 2.19450227477792 41.4352558669172, 2.19464632968159 41.4353087943802, 2.19496209761721 41.4353946115971, 2.19511467482369 41.4354311144893, 2.19526674892456 41.4354618488961, 2.19546708184738 41.435497577456, 2.19576793252049 41.4355082020881, 2.19589093142477 41.4355080710685, 2.19588418554443 41.4356473240308, 2.19594351180657 41.4360716289701, 2.19602978929988 41.4363857630211, 2.19629615452899 41.437042032899, 2.19818950276143 41.4379896524221, 2.19972796609365 41.4387661172251, 2.20039912197613 41.4390921642071, 2.20028319034596 41.4396773282766, 2.20019822943908 41.4401567259823, 2.20002928269079 41.441037757656, 2.19993209563055 41.4416682508215, 2.19976249609601 41.4425881353903))"
"09","Sant Andreu","59","el Bon Pastor","184","009","POLYGON ((433459.9498 4588674.3131, 433452.268524 4588685.3345055, 433338.0415 4588612.9495, 433319.323199 4588605.5831995, 433114.6585 4588471.8245, 433146.8135 4588224.1175, 433152.133500001 4588189.5735, 433158.3035 4588139.5015, 433163.9575 4588097.1755, 433171.4295 4588027.1035, 433184.6395 4587929.1615, 433191.2455 4587875.8735, 433200.3305 4587810.8195, 433143.9262 4587775.1401, 433014.6009 4587690.1268, 432855.4475 4587586.3895, 432832.5175 4587513.7375, 432824.9855 4587478.9295, 432819.5915 4587431.8695, 432820.0115 4587416.4045, 432830.4195 4587416.2935, 433031.5065 4587404.5635, 433062.1655 4587407.0235, 433235.2225 4587430.3975, 433234.9175 4587433.4275, 433235.0975 4587436.1175, 433236.2055 4587440.0015, 433237.4715 4587442.3815, 433240.0435 4587445.6135, 433242.1555 4587447.5515, 433244.5675 4587449.0975, 433247.2075 4587450.2095, 433223.1855 4587631.3795, 433216.1995 4587686.4575, 433230.7675 4587688.9815, 433306.8735 4587698.4355, 433387.6252 4587710.1582, 433384.8909 4587736.0591, 433512.1625 4587756.2215, 433557.6675 4587764.1615, 433637.3035 4587775.7395, 433731.1495 4587790.1335, 433852.11 4587810.631, 433887.085257 4587818.374973, 433875.133 4587879.911, 433869.7401 4587905.051, 433860.8434 4587942.4297, 433850.0259 4587983.0753, 433844.9507 4588000.3572, 433833.4015 4588037.3418, 433823.5303 4588066.0104, 433816.9535 4588084.0136, 433806.0297 4588112.8416, 433794.1651 4588141.8796, 433782.0363 4588169.7206, 433771.5358 4588192.4316, 433750.9862 4588235.4311, 433742.0557 4588252.6039, 433697.9368 4588329.7941, 433684.3481 4588351.3012, 433663.6104 4588382.8878, 433616.4408 4588450.7792, 433459.9498 4588674.3131))","POLYGON ((2.20341139891492 41.4468909239203, 2.20331823618712 41.4469895532746, 2.20195887411854 41.4463281281992, 2.20173562279097 41.446260227788, 2.19930053058392 41.4450384822618, 2.19971284320271 41.4428101474855, 2.1997803444415 41.4424994642642, 2.19985973720189 41.4420489962527, 2.19993209563055 41.4416682508215, 2.20002928269079 41.441037757656, 2.20019822943908 41.4401567259823, 2.20028319034596 41.4396773282766, 2.20039912197613 41.4390921642071, 2.19972796609365 41.4387661172251, 2.19818950276143 41.4379896524221, 2.19629615452899 41.437042032899, 2.19602978929988 41.4363857630211, 2.19594351180657 41.4360716289701, 2.19588418554443 41.4356473240308, 2.19589093142477 41.4355080710685, 2.19601551026291 41.4355079419515, 2.19842348908718 41.4354190880217, 2.19879015374052 41.4354438005767, 2.2008587768826 41.4356687290401, 2.20085479177352 41.4356959939148, 2.20085664889562 41.4357202368418, 2.20086948078379 41.4357553108943, 2.20088436984892 41.4357768520384, 2.20091479554515 41.4358061754433, 2.20093985874258 41.4358238059596, 2.20096855578073 41.4358379307915, 2.20100002957054 41.4358481656709, 2.20069250423172 41.4374779078752, 2.2006028034752 41.4379733964586, 2.20077688617907 41.4379973407872, 2.20168674134467 41.4380888146319, 2.20265195277106 41.4382011001565, 2.20261637086935 41.4384341543644, 2.20413745356891 41.4386262991466, 2.20468122706868 41.4387015788587, 2.20563311521925 41.4388124438962, 2.2067547773794 41.4389498368034, 2.20820031063575 41.4391444253117, 2.20861808376514 41.4392170534098, 2.20846829193795 41.4397703049928, 2.20840099182994 41.4399962889629, 2.20829041365193 41.4403322144006, 2.20815648593869 41.4406974053941, 2.20809384686256 41.4408526398732, 2.20795155985636 41.4411847968156, 2.20783026707396 41.4414421922788, 2.20774957406817 41.4416037992891, 2.20761566307864 41.4418625433895, 2.20747046700723 41.4421231011365, 2.20732223858641 41.4423728558905, 2.2071940616481 41.4425765404853, 2.20694337415167 41.442962127772, 2.2068345948381 41.4431160606885, 2.2062980296604 41.443807645557, 2.20613301325935 41.4440002306772, 2.20588131568569 41.4442830076312, 2.20530923536589 41.4448905842302, 2.20341139891492 41.4468909239203))"
"09","Sant Andreu","59","el Bon Pastor","185","010","POLYGON ((433558.3398595 4587759.753978, 433557.6675 4587764.1615, 433512.1625 4587756.2215, 433384.8909 4587736.0591, 433387.6252 4587710.1582, 433306.8735 4587698.4355, 433230.7675 4587688.9815, 433216.1995 4587686.4575, 433223.1855 4587631.3795, 433247.2075 4587450.2095, 433250.1496 4587451.3656, 433253.503 4587451.8397, 433256.4507 4587451.2851, 433259.1764 4587450.2902, 433261.7838 4587448.8001, 433263.4309 4587447.4147, 433265.8455 4587444.1569, 433339.4025 4587455.5185, 433389.3315 4587461.3495, 433538.8655 4587477.5715, 433600.1145 4587485.9085, 433558.3398595 4587759.753978))","POLYGON ((2.20468975916201 41.4386619373492, 2.20468122706868 41.4387015788587, 2.20413745356891 41.4386262991466, 2.20261637086935 41.4384341543644, 2.20265195277106 41.4382011001565, 2.20168674134467 41.4380888146319, 2.20077688617907 41.4379973407872, 2.2006028034752 41.4379733964586, 2.20069250423172 41.4374779078752, 2.20100002957054 41.4358481656709, 2.20103511415925 41.4358588228472, 2.2010751966984 41.4358633716451, 2.20111053726839 41.4358586215407, 2.20114326947073 41.4358498873348, 2.20117464048819 41.4358366831812, 2.20119450666185 41.4358243422132, 2.20122376535132 41.4357952009188, 2.20210287254397 41.4359036405477, 2.20269980174199 41.4359603015746, 2.20448770761109 41.4361187976875, 2.2052198490137 41.4361989532192, 2.20468975916201 41.4386619373492))"
"09","Sant Andreu","59","el Bon Pastor","185","011","POLYGON ((433887.6682 4587815.3737, 433887.085257 4587818.374973, 433852.11 4587810.631, 433731.1495 4587790.1335, 433637.3035 4587775.7395, 433557.6675 4587764.1615, 433600.1145 4587485.9085, 433638.9065 4587492.2135, 433742.8345 4587508.1565, 433888.0895 4587531.3035, 433894.6037 4587498.9698, 433910.818732 4587469.9122275, 433919.5838 4587450.0742, 433955.715731 4587481.8850995, 433950.444 4587503.454, 433887.6682 4587815.3737))","POLYGON ((2.20862538943943 41.439190069876, 2.20861808376514 41.4392170534098, 2.20820031063575 41.4391444253117, 2.2067547773794 41.4389498368034, 2.20563311521925 41.4388124438962, 2.20468122706868 41.4387015788587, 2.2052198490137 41.4361989532192, 2.20568343855903 41.4362589470203, 2.20692555390149 41.4364111223928, 2.20866151229042 41.436631572091, 2.20874301509477 41.4363408886542, 2.20894026306997 41.4360805106472, 2.20904733690004 41.4359025569004, 2.20947630366166 41.4361920403961, 2.20941085146706 41.4363858713219, 2.20862538943943 41.439190069876))"
"09","Sant Andreu","59","el Bon Pastor","185","013","POLYGON ((433894.6037 4587498.9698, 433888.0895 4587531.3035, 433742.8345 4587508.1565, 433638.9065 4587492.2135, 433600.1145 4587485.9085, 433538.8655 4587477.5715, 433578.4115 4587399.3495, 433626.4735 4587302.6935, 433672.6455 4587309.3635, 433769.4425 4587322.1105, 433774.0355 4587289.9775, 433782.3008 4587237.5795, 433742.3611 4587174.8012, 433701.382 4587111.7523, 433727.405056 4587100.929686, 433767.402 4587117.613, 433768.646 4587116.773, 433781.606 4587123.293, 433785.518 4587123.779, 433805.74 4587132.355, 433830.663 4587141.708, 433832.727 4587143.137, 433845.414 4587144.514, 433863.323 4587147.845, 433875.445 4587146.112, 433958.497 4587153.701, 433963.479 4587155.564, 433975.867 4587157.568, 433987.075 4587158.46, 433990.379 4587160.052, 434060.1 4587174.3, 434022.951 4587265.4731, 434011.6835 4587295.5086, 433996.4983 4587339.2665, 433982.2749 4587383.9076, 433974.3066 4587410.9885, 433967.8714 4587433.7296, 433955.715731 4587481.8850995, 433919.5838 4587450.0742, 433910.818732 4587469.9122275, 433894.6037 4587498.9698))","POLYGON ((2.20874301509477 41.4363408886542, 2.20866151229042 41.436631572091, 2.20692555390149 41.4364111223928, 2.20568343855903 41.4362589470203, 2.2052198490137 41.4361989532192, 2.20448770761109 41.4361187976875, 2.20496961058378 41.4354175486351, 2.20555544901268 41.4345509719644, 2.20610731249035 41.4346148613308, 2.20726440234696 41.434737658437, 2.20732289360786 41.4344486251433, 2.20742755520695 41.4339773739455, 2.20695643544876 41.4334086548683, 2.20647291413353 41.4328374108648, 2.20678554168857 41.4327420826841, 2.20726239156945 41.4328956436936, 2.20727737167822 41.4328881806592, 2.20743176125576 41.4329479729871, 2.20747852645737 41.4329526727809, 2.20771960221976 41.4330315811855, 2.2080168547762 41.4331178746245, 2.20804140015906 41.4331309152461, 2.20819308670182 41.4331443626254, 2.20840705610819 41.4331758389416, 2.20855232119594 41.4331612284901, 2.20954545409125 41.4332364141274, 2.20960487493686 41.4332536032731, 2.20975291520337 41.4332726712164, 2.20988695480283 41.4332816265278, 2.20992632311518 41.4332962367654, 2.21075918802562 41.4334302917636, 2.21030463580344 41.4342484095949, 2.21016650517853 41.4345180045701, 2.20997998669923 41.4349108708953, 2.2098048806107 41.435311770655, 2.20970655453782 41.4355550250189, 2.20962705072122 41.4357593180857, 2.20947630366166 41.4361920403961, 2.20904733690004 41.4359025569004, 2.20894026306997 41.4360805106472, 2.20874301509477 41.4363408886542))"
"09","Sant Andreu","59","el Bon Pastor","185","014","POLYGON ((433539.5335 4587476.2515, 433538.8655 4587477.5715, 433485.5125 4587471.6825, 433494.5535 4587393.4615, 433512.2975 4587394.9645, 433522.7025 4587339.8125, 433404.7445 4587329.9995, 433406.9215 4587306.5955, 433417.0235 4587222.2015, 433499.2175 4587230.8575, 433669.3465 4587122.5435, 433701.382 4587111.7523, 433742.3611 4587174.8012, 433782.3008 4587237.5795, 433774.0355 4587289.9775, 433769.4425 4587322.1105, 433672.6455 4587309.3635, 433626.4735 4587302.6935, 433578.4115 4587399.3495, 433539.5335 4587476.2515))","POLYGON ((2.20449584772511 41.4361069641489, 2.20448770761109 41.4361187976875, 2.20384980161624 41.4360613399266, 2.20396661671191 41.4353575768947, 2.2041788175417 41.4353725832254, 2.20430941483783 41.4348767078909, 2.20289874566686 41.4347785521911, 2.20292737935855 41.4345679402979, 2.20305757964788 41.4338086677851, 2.2040403293083 41.4338934399709, 2.20608833280424 41.4329319586994, 2.20647291413353 41.4328374108648, 2.20695643544876 41.4334086548683, 2.20742755520695 41.4339773739455, 2.20732289360786 41.4344486251433, 2.20726440234696 41.434737658437, 2.20610731249035 41.4346148613308, 2.20555544901268 41.4345509719644, 2.20496961058378 41.4354175486351, 2.20449584772511 41.4361069641489))"
"09","Sant Andreu","59","el Bon Pastor","185","015","POLYGON ((433494.5535 4587393.4615, 433485.5125 4587471.6825, 433389.3315 4587461.3495, 433339.4025 4587455.5185, 433265.8455 4587444.1569, 433263.4309 4587447.4147, 433261.7838 4587448.8001, 433259.1764 4587450.2902, 433256.4507 4587451.2851, 433253.503 4587451.8397, 433250.1496 4587451.3656, 433245.8635 4587449.7095, 433243.3275 4587448.3755, 433241.0575 4587446.6285, 433238.2515 4587443.4835, 433236.2055 4587440.0015, 433235.3575 4587437.4415, 433234.9175 4587433.4275, 433235.2225 4587430.3975, 433062.1655 4587407.0235, 433031.5065 4587404.5635, 432830.4195 4587416.2935, 432809.7355 4587416.5145, 432784.5895 4587415.5685, 432767.8155 4587411.7575, 432755.0785 4587408.4635, 432742.2935 4587404.5295, 432715.8235 4587395.2475, 432703.7335 4587389.4835, 432692.6365 4587383.3655, 432677.248258 4587374.018601, 432665.508758 4587327.6675805, 432671.585447 4587312.02853, 432683.4371 4587284.638, 432731.8528 4587203.9044, 432770.6465 4587121.9245, 432782.1425 4587099.6865, 432795.1701 4587065.86, 432811.6485 4587020.3225, 432834.5998 4586958.4662, 432841.6125 4586934.8375, 432847.1855 4586909.5315, 432850.5015 4586885.3935, 432854.8405 4586849.2595, 432856.3565 4586828.7295, 432856.9225 4586815.7585, 432857.2298 4586791.1475, 432855.0205 4586719.9565, 432845.7285 4586609.2895, 432844.2715 4586588.6555, 432838.3175 4586548.2335, 432831.0885 4586519.2995, 432814.3167 4586462.7153, 432855.54113 4586433.867519, 432872.667 4586502.3826, 432901.2173 4586578.3654, 432923.6407 4586664.9242, 432932.6035 4586685.7555, 432953.9095 4586715.8555, 432999.3275 4586761.7555, 433023.7365 4586783.1345, 433047.874 4586796.5921, 433069.3775 4586806.1155, 433088.5415 4586811.5915, 433115.5895 4586815.8035, 433149.5155 4586819.7795, 433177.4675 4586821.1135, 433215.0995 4586818.8955, 433250.0565 4586810.5605, 433285.2595 4586799.7435, 433320.1045 4586784.7375, 433354.2875 4586767.9475, 433406.4435 4586741.5415, 433742.0982655 4586528.059176, 433769.8821315 4586571.443428, 433763.786 4586575.387, 433770.785 4586585.865, 433769.312666 4586586.8082815, 433768.206241 4586600.455439, 433765.168963 4586622.477513, 433764.029561 4586646.777464, 433764.305123 4586661.5116535, 433752.9598875 4586669.0087505, 433768.641857 4586692.6416545, 433762.443 4586696.7549995, 433743.046457 4586760.7339, 433735.8401575 4586786.7347205, 433743.185027 4586797.861114, 433704.3718 4586823.605, 433726.094591 4586856.120592, 433720.048 4586860.161, 433715.774 4586861.094, 433700.443 4586916.717, 433691.137 4586967.49, 433675.598 4587049.126, 433701.003 4587089.917, 433727.405056 4587100.929686, 433701.382 4587111.7523, 433669.3465 4587122.5435, 433499.2175 4587230.8575, 433417.0235 4587222.2015, 433406.9215 4587306.5955, 433404.7445 4587329.9995, 433522.7025 4587339.8125, 433512.2975 4587394.9645, 433494.5535 4587393.4615))","POLYGON ((2.20396661671191 41.4353575768947, 2.20384980161624 41.4360613399266, 2.20269980174199 41.4359603015746, 2.20210287254397 41.4359036405477, 2.20122376535132 41.4357952009188, 2.20119450666185 41.4358243422132, 2.20117464048819 41.4358366831812, 2.20114326947073 41.4358498873348, 2.20111053726839 41.4358586215407, 2.2010751966984 41.4358633716451, 2.20103511415925 41.4358588228472, 2.20098399924649 41.4358435506112, 2.2009537947002 41.4358313248906, 2.20092681938724 41.4358154015177, 2.20089358346277 41.4357868422431, 2.20086948078379 41.4357553108943, 2.20085961440471 41.4357321832988, 2.20085479177352 41.4356959939148, 2.2008587768826 41.4356687290401, 2.19879015374052 41.4354438005767, 2.19842348908718 41.4354190880217, 2.19601551026291 41.4355079419515, 2.19576793252049 41.4355082020881, 2.19546708184738 41.435497577456, 2.19526674892456 41.4354618488961, 2.19511467482369 41.4354311144893, 2.19496209761721 41.4353946115971, 2.19464632968159 41.4353087943802, 2.19450227477792 41.4352558669172, 2.19437014403974 41.4351998341439, 2.19418701448439 41.4351143598793, 2.1940516773344 41.4346959075961, 2.19412614655644 41.4345555614033, 2.19427103993569 41.4343098576126, 2.19485947052469 41.4335867738399, 2.195332871907 41.4328516564408, 2.19547292746301 41.4326523283552, 2.19563260051114 41.4323487544406, 2.19583487198893 41.4319399918268, 2.19611641935479 41.4313847920314, 2.1962029697074 41.431172562445, 2.19627247620404 41.430945105515, 2.19631484188976 41.4307279796353, 2.19637078245689 41.4304028951695, 2.19639120541912 41.4302181148454, 2.19639941968589 41.4301013365633, 2.19640583084697 41.4298796989374, 2.19638729888968 41.4292383199036, 2.19628839308998 41.4282408010435, 2.19627324924945 41.4280548354174, 2.19620648842794 41.4276902696254, 2.19612319427707 41.4274290659053, 2.19592877657446 41.4269180275252, 2.19642530338777 41.4266616516151, 2.19662263665594 41.4272801764377, 2.19695586030472 41.4279669146447, 2.197214596275 41.4287483949041, 2.19731954399123 41.4289367641707, 2.19757117756022 41.4292096439474, 2.19810961615766 41.4296268404036, 2.19839935652292 41.42982142996, 2.19868672683572 41.4299446506376, 2.19894301184025 41.4300322170306, 2.1991717479056 41.4300831343206, 2.19949497489591 41.430123323268, 2.19990053997944 41.4301619582188, 2.20023490449715 41.4301762990964, 2.20068550583284 41.4301594521918, 2.20110476970236 41.4300872873171, 2.20152725055766 41.4299927867392, 2.20194590797701 41.4298605258577, 2.2023568380478 41.429712140571, 2.20298391332138 41.4294786357638, 2.20702417998768 41.4275836225107, 2.20735191451635 41.4279766628939, 2.2072785300988 41.4280116788195, 2.20736113925114 41.4281066281601, 2.207343416468 41.4281150026205, 2.20732868074493 41.4282378272904, 2.20728992075756 41.4284359231269, 2.2072736230455 41.428654691604, 2.20727530638229 41.4287874207856, 2.20713871479867 41.4288540092866, 2.20732379412869 41.4290681570293, 2.20724916051948 41.4291046935429, 2.20701002593815 41.4296793326001, 2.2069209358188 41.429912919708, 2.2070076148908 41.4300137377076, 2.20654029951181 41.430242402465, 2.20679670005684 41.4305370532988, 2.20672389469774 41.4305729450872, 2.20667264343749 41.4305809956305, 2.20648306935502 41.4310807097958, 2.20636612945567 41.4315372385506, 2.20617120642907 41.4322712260503, 2.20647077345418 41.4326407157073, 2.20678554168857 41.4327420826841, 2.20647291413353 41.4328374108648, 2.20608833280424 41.4329319586994, 2.2040403293083 41.4338934399709, 2.20305757964788 41.4338086677851, 2.20292737935855 41.4345679402979, 2.20289874566686 41.4347785521911, 2.20430941483783 41.4348767078909, 2.2041788175417 41.4353725832254, 2.20396661671191 41.4353575768947))"
"09","Sant Andreu","60","Sant Andreu","186","016","POLYGON ((432770.6465 4587121.9245, 432731.8528 4587203.9044, 432676.0725 4587173.6485, 432567.4297 4587142.4306, 432605.5711 4587090.4606, 432623.465 4587073.328, 432655.7595 4587029.5955, 432749.7995 4587052.8695, 432795.1701 4587065.86, 432782.1425 4587099.6865, 432770.6465 4587121.9245))","POLYGON ((2.195332871907 41.4328516564408, 2.19485947052469 41.4335867738399, 2.1941952630195 41.4333095949533, 2.19289851656219 41.4330193110977, 2.19336078299382 41.4325544362655, 2.19357684328418 41.4324016300084, 2.19396820884587 41.432010454504, 2.19509106145 41.4322279555114, 2.19563260051114 41.4323487544406, 2.19547292746301 41.4326523283552, 2.195332871907 41.4328516564408))"
"09","Sant Andreu","60","Sant Andreu","186","017","POLYGON ((432567.4297 4587142.4306, 432560.5429 4587146.4918, 432561.1064 4587140.8811, 432582.1963 4587100.2314, 432588.1995 4587077.4995, 432598.9213 4587013.4875, 432595.4235 4586997.4595, 432585.3015 4586955.7025, 432556.6845 4586841.4095, 432624.3475 4586855.7875, 432641.5175 4586859.8675, 432724.5275 4586877.1615, 432735.1875 4586880.0325, 432707.2825 4586927.6645, 432781.6765 4586945.0695, 432834.5998 4586958.4662, 432811.6485 4587020.3225, 432795.1701 4587065.86, 432749.7995 4587052.8695, 432655.7595 4587029.5955, 432623.465 4587073.328, 432605.5711 4587090.4606, 432567.4297 4587142.4306))","POLYGON ((2.19289851656219 41.4330193110977, 2.19281564304962 41.4330553106938, 2.1928230129874 41.4330048243234, 2.19307994842341 41.4326404767693, 2.19315432888117 41.4324362420631, 2.19328978298492 41.431860607217, 2.19324970985684 41.4317159548193, 2.19313323061565 41.4313390138872, 2.19280350686822 41.4303072123735, 2.1936116530602 41.4304423889821, 2.19381667875981 41.4304805763121, 2.19480816906984 41.4306432949112, 2.19493542255578 41.4306700458836, 2.19459616824422 41.4310967141853, 2.19548454511839 41.4312597048543, 2.19611641935479 41.4313847920314, 2.19583487198893 41.4319399918268, 2.19563260051114 41.4323487544406, 2.19509106145 41.4322279555114, 2.19396820884587 41.432010454504, 2.19357684328418 41.4324016300084, 2.19336078299382 41.4325544362655, 2.19289851656219 41.4330193110977))"
"09","Sant Andreu","60","Sant Andreu","186","018","POLYGON ((432841.6125 4586934.8375, 432834.5998 4586958.4662, 432781.6765 4586945.0695, 432707.2825 4586927.6645, 432735.1875 4586880.0325, 432724.5275 4586877.1615, 432634.5255 4586858.2065, 432631.1856 4586801.5255, 432771.455938 4586789.0294445, 432821.2165 4586791.1475, 432857.2298 4586791.1475, 432856.9225 4586815.7585, 432856.3565 4586828.7295, 432854.8405 4586849.2595, 432850.5015 4586885.3935, 432847.1855 4586909.5315, 432841.6125 4586934.8375))","POLYGON ((2.1962029697074 41.431172562445, 2.19611641935479 41.4313847920314, 2.19548454511839 41.4312597048543, 2.19459616824422 41.4310967141853, 2.19493542255578 41.4306700458836, 2.19480816906984 41.4306432949112, 2.19373318772361 41.4304650298302, 2.19369953471378 41.4299542426299, 2.19537958425739 41.4298534476192, 2.19597484858191 41.4298766876668, 2.19640583084697 41.4298796989374, 2.19639941968589 41.4301013365633, 2.19639120541912 41.4302181148454, 2.19637078245689 41.4304028951695, 2.19631484188976 41.4307279796353, 2.19627247620404 41.430945105515, 2.1962029697074 41.431172562445))"
"09","Sant Andreu","60","Sant Andreu","186","019","POLYGON ((432771.455938 4586789.0294445, 432631.1856 4586801.5255, 432620.6135 4586613.5235, 432622.6184 4586604.7666, 432647.3427 4586606.254, 432647.7963 4586574.5181, 432650.2095 4586568.4338, 432727.1095 4586520.492, 432759.4065 4586500.8615, 432790.1898 4586481.238, 432814.3167 4586462.7153, 432831.0885 4586519.2995, 432838.3175 4586548.2335, 432844.2715 4586588.6555, 432845.7285 4586609.2895, 432855.0205 4586719.9565, 432857.2298 4586791.1475, 432821.2165 4586791.1475, 432771.455938 4586789.0294445))","POLYGON ((2.19537958425739 41.4298534476192, 2.19369953471378 41.4299542426299, 2.19359396948419 41.4282600835539, 2.19361893808786 41.4281813811929, 2.19391464782389 41.4281968512182, 2.19392361167245 41.4279110543467, 2.19395316810044 41.4278564573765, 2.19487875988765 41.4274311050734, 2.19526743671883 41.4272570036367, 2.1956379965733 41.4270828372622, 2.19592877657446 41.4269180275252, 2.19612319427707 41.4274290659053, 2.19620648842794 41.4276902696254, 2.19627324924945 41.4280548354174, 2.19628839308998 41.4282408010435, 2.19638729888968 41.4292383199036, 2.19640583084697 41.4298796989374, 2.19597484858191 41.4298766876668, 2.19537958425739 41.4298534476192))"
"09","Sant Andreu","60","Sant Andreu","186","020","POLYGON ((432550.1124 4586808.1439, 432420.2562 4586811.4491, 432422.1823 4586805.763, 432448.8905 4586560.1865, 432472.0015 4586563.4505, 432522.8265 4586571.7585, 432622.6184 4586604.7666, 432620.6135 4586613.5235, 432620.7585 4586616.9095, 432631.1856 4586801.5255, 432550.1124 4586808.1439))","POLYGON ((2.19272856787928 41.4300070482805, 2.19117416786864 41.430025901835, 2.19119785378414 41.4299748510927, 2.19154492016043 41.4277652718823, 2.19182112277514 41.4277966128451, 2.19242841392363 41.4278757113434, 2.19361893808786 41.4281813811929, 2.19359396948419 41.4282600835539, 2.19359532731792 41.4282905923115, 2.19369953471378 41.4299542426299, 2.19272856787928 41.4300070482805))"
"09","Sant Andreu","60","Sant Andreu","186","021","POLYGON ((432332.1675 4586931.7115, 432325.2235 4586972.9435, 432271.5805 4586964.9285, 432278.1255 4586921.4055, 432288.7915 4586861.1575, 432297.5578 4586825.5349, 432302.4679 4586814.6452, 432348.0435 4586683.7675, 432379.4535 4586601.1615, 432392.9325 4586555.3905, 432402.3695 4586555.7545, 432417.0645 4586557.5845, 432448.8905 4586560.1865, 432422.1823 4586805.763, 432420.2562 4586811.4491, 432417.8474 4586825.2568, 432413.6124 4586856.6258, 432378.4385 4586848.2315, 432368.5895 4586883.0265, 432350.1075 4586931.0905, 432333.2335 4586924.7175, 432332.1675 4586931.7115))","POLYGON ((2.19010651971417 41.4311016481813, 2.1900188009808 41.4314724257327, 2.1893777220762 41.4313957156088, 2.18946092598138 41.4310042706743, 2.18959532006147 41.4304625366702, 2.18970421956572 41.4301424349577, 2.18976419993208 41.4300447689756, 2.19032426447003 41.4288698375454, 2.19070939109858 41.4281284777433, 2.19087581240167 41.427717368154, 2.19098870330089 41.4277214407886, 2.19116435228623 41.4277391594859, 2.19154492016043 41.4277652718823, 2.19119785378414 41.4299748510927, 2.19117416786864 41.430025901835, 2.19114379729402 41.4301500604843, 2.19108960830383 41.430432234186, 2.19066960741796 41.4303536690059, 2.1905478477225 41.43066622658, 2.19032128644344 41.4310975662958, 2.19012006002807 41.4310387454057, 2.19010651971417 41.4311016481813))"
"09","Sant Andreu","60","Sant Andreu","186","022","POLYGON ((432459.5395 4586957.1695, 432450.2855 4586992.9605, 432325.2235 4586972.9435, 432333.2335 4586924.7175, 432350.1075 4586931.0905, 432368.5895 4586883.0265, 432378.4385 4586848.2315, 432413.6124 4586856.6258, 432417.8474 4586825.2568, 432420.2562 4586811.4491, 432550.1124 4586808.1439, 432631.1856 4586801.5255, 432634.5255 4586858.2065, 432624.3475 4586855.7875, 432556.6845 4586841.4095, 432581.4415 4586940.3145, 432506.0815 4586929.4035, 432483.4055 4586926.4215, 432472.2435 4586924.4715, 432468.2245 4586923.4645, 432459.5395 4586957.1695))","POLYGON ((2.19162800186006 41.4313416608715, 2.19151325425048 41.4316632401105, 2.1900188009808 41.4314724257327, 2.19012006002807 41.4310387454057, 2.19032128644344 41.4310975662958, 2.1905478477225 41.43066622658, 2.19066960741796 41.4303536690059, 2.19108960830383 41.430432234186, 2.19114379729402 41.4301500604843, 2.19117416786864 41.430025901835, 2.19272856787928 41.4300070482805, 2.19369953471378 41.4299542426299, 2.19373318772361 41.4304650298302, 2.1936116530602 41.4304423889821, 2.19280350686822 41.4303072123735, 2.19308875211257 41.4312000952919, 2.19218809660982 41.4310954942906, 2.19191705421624 41.4310667305451, 2.19178369067198 41.431048229172, 2.19173570575231 41.4310388215502, 2.19162800186006 41.4313416608715))"
"09","Sant Andreu","60","Sant Andreu","186","023","POLYGON ((432561.1064 4587140.8811, 432560.5429 4587146.4918, 432529.2995 4587131.9595, 432426.0725 4587085.6245, 432440.0225 4587032.4105, 432290.9815 4587020.7415, 432266.8735 4587019.8085, 432271.5805 4586964.9285, 432326.4415 4586973.1295, 432450.2855 4586992.9605, 432468.2245 4586923.4645, 432472.2435 4586924.4715, 432483.4055 4586926.4215, 432506.0815 4586929.4035, 432581.4415 4586940.3145, 432595.4235 4586997.4595, 432598.9213 4587013.4875, 432588.1995 4587077.4995, 432582.1963 4587100.2314, 432561.1064 4587140.8811))","POLYGON ((2.1928230129874 41.4330048243234, 2.19281564304962 41.4330553106938, 2.19244334801401 41.4329217989943, 2.19121312266429 41.4324957966104, 2.19138602111514 41.4320176897088, 2.18960365278615 41.4319000400419, 2.18931524099976 41.431889604068, 2.1893777220762 41.4313957156088, 2.19003335667256 41.4314742035993, 2.19151325425048 41.4316632401105, 2.19173570575231 41.4310388215502, 2.19178369067198 41.431048229172, 2.19191705421624 41.4310667305451, 2.19218809660982 41.4310954942906, 2.19308875211257 41.4312000952919, 2.19324970985684 41.4317159548193, 2.19328978298492 41.431860607217, 2.19315432888117 41.4324362420631, 2.19307994842341 41.4326404767693, 2.1928230129874 41.4330048243234))"
"09","Sant Andreu","60","Sant Andreu","187","024","POLYGON ((432671.2567805 4587350.362474, 432677.248258 4587374.018601, 432589.9875 4587311.7175, 432505.7935 4587344.2415, 432488.5655 4587338.8825, 432513.4115 4587253.4935, 432489.2735 4587242.3735, 432460.5935 4587233.6915, 432419.6225 4587232.7255, 432355.8515 4587240.2455, 432280.008500001 4587250.3375, 432275.2925 4587243.0285, 432270.4415 4587191.0855, 432269.5095 4587169.4955, 432267.8835 4587145.5115, 432265.7355 4587076.3255, 432265.8515 4587065.4575, 432265.4455 4587052.3715, 432266.8735 4587019.8085, 432290.9815 4587020.7415, 432440.0225 4587032.4105, 432426.0725 4587085.6245, 432529.2995 4587131.9595, 432560.5429 4587146.4918, 432567.4297 4587142.4306, 432676.0725 4587173.6485, 432731.8528 4587203.9044, 432683.4371 4587284.638, 432671.585447 4587312.02853, 432665.508758 4587327.6675805, 432671.2567805 4587350.362474))","POLYGON ((2.19411794237916 41.4349007948004, 2.19418701448439 41.4351143598793, 2.19314960402449 41.4345459149153, 2.19213832494655 41.4348317759001, 2.19193273534648 41.4347820610999, 2.19223963218763 41.4340150797151, 2.19195198939364 41.4339128968943, 2.19160971633118 41.4338322896349, 2.19111948259936 41.4338201425582, 2.19035542860487 41.4338825037914, 2.18944660691339 41.4339670071874, 2.18939098466452 41.4339007798636, 2.18933874867912 41.4334325380866, 2.18933001400157 41.4332380057944, 2.18931324194706 41.4330218530323, 2.1892952883606 41.432398537346, 2.18929789452717 41.432300662781, 2.18929450209302 41.432182767425, 2.18931524099976 41.431889604068, 2.18960365278615 41.4319000400419, 2.19138602111514 41.4320176897088, 2.19121312266429 41.4324957966104, 2.19244334801401 41.4329217989943, 2.19281564304962 41.4330553106938, 2.19289851656219 41.4330193110977, 2.1941952630195 41.4333095949533, 2.19485947052469 41.4335867738399, 2.19427103993569 41.4343098576126, 2.19412614655644 41.4345555614033, 2.1940516773344 41.4346959075961, 2.19411794237916 41.4349007948004))"
"09","Sant Andreu","60","Sant Andreu","187","025","POLYGON ((432527.3375 4587562.1975, 432527.2905 4587562.5595, 432430.0385 4587555.0285, 432430.1875 4587532.6515, 432430.8505 4587520.8675, 432432.6935 4587513.3595, 432437.1255 4587502.0945, 432405.4535 4587486.7815, 432304.3265 4587477.5045, 432301.5655 4587405.4815, 432300.5895 4587388.1755, 432299.9145 4587381.7635, 432285.9275 4587287.2505, 432280.008500001 4587250.3375, 432355.8515 4587240.2455, 432419.6225 4587232.7255, 432460.5935 4587233.6915, 432489.2735 4587242.3735, 432513.4115 4587253.4935, 432488.5655 4587338.8825, 432505.7935 4587344.2415, 432589.9875 4587311.7175, 432677.248258 4587374.018601, 432676.707 4587391.254, 432670.008 4587452.615, 432668.681 4587487.326, 432668.551 4587502.606, 432590.001 4587499.039, 432582.8635 4587497.1915, 432554.5635 4587488.0855, 432527.2865 4587480.1365, 432529.9775 4587495.3275, 432532.4255 4587515.4115, 432531.7395 4587527.9835, 432527.3375 4587562.1975))","POLYGON ((2.19237183308224 41.4367966415188, 2.19237123014002 41.4367998979794, 2.19120810525741 41.4367238914601, 2.19121239067526 41.4365223620893, 2.19122164341513 41.4364162834567, 2.19124454082291 41.4363488165647, 2.19129884459245 41.4362477294926, 2.1909214922565 41.4361071452486, 2.18971219961896 41.4360150719234, 2.1896872230849 41.4353661530282, 2.18967748069298 41.4352102016094, 2.18967012040508 41.4351523940441, 2.18951330998844 41.4342999689214, 2.18944660691339 41.4339670071874, 2.19035542860487 41.4338825037914, 2.19111948259936 41.4338201425582, 2.19160971633118 41.4338322896349, 2.19195198939364 41.4339128968943, 2.19223963218763 41.4340150797151, 2.19193273534648 41.4347820610999, 2.19213832494655 41.4348317759001, 2.19314960402449 41.4345459149153, 2.19418701448439 41.4351143598793, 2.19417861654381 41.4352695479408, 2.19409160454081 41.4358216441365, 2.19407185506572 41.436134163116, 2.1940685966834 41.4362717740042, 2.19312887091474 41.4362330572496, 2.19304365209517 41.4362158182617, 2.19270596090781 41.4361314272533, 2.19238038513212 41.4360575419188, 2.19241089613902 41.4361945881587, 2.19243795264869 41.4363756835486, 2.19242833864106 41.4364888576115, 2.19237183308224 41.4367966415188))"
"09","Sant Andreu","60","Sant Andreu","187","026","POLYGON ((432287.4695 4587660.0375, 432270.9855 4587660.8055, 432259.8755 4587659.8975, 432264.6235 4587649.3915, 432280.1175 4587622.0535, 432300.8415 4587586.6855, 432302.6715 4587582.8955, 432303.7335 4587579.5095, 432304.1915 4587574.2835, 432304.8675 4587520.6395, 432304.8685 4587493.5225, 432304.3265 4587477.5045, 432405.4535 4587486.7815, 432437.1255 4587502.0945, 432432.2135 4587514.8315, 432431.1075 4587519.3395, 432430.5095 4587523.9435, 432430.1225 4587536.3955, 432430.2735 4587547.6315, 432429.6115 4587568.4875, 432424.9425 4587659.8565, 432313.7365 4587656.7135, 432308.5895 4587657.1235, 432287.4695 4587660.0375))","POLYGON ((2.1894899946194 41.4376576616245, 2.18929261620601 41.4376631885428, 2.18915974554321 41.4376540733467, 2.18921775068082 41.4375598500229, 2.18940625744149 41.4373149330698, 2.18965825822377 41.436998133324, 2.18968058534554 41.4369641523977, 2.1896936753121 41.4369337454091, 2.18969974237184 41.4368867152631, 2.18971384251079 41.4364036194567, 2.18971689216099 41.436159386166, 2.18971219961896 41.4360150719234, 2.1909214922565 41.4361071452486, 2.19129884459245 41.4362477294926, 2.19123863136564 41.4363620339733, 2.19122489016871 41.4364025429127, 2.19121721821786 41.4364439592341, 2.1912111940846 41.436556077535, 2.19121174497067 41.4366572890114, 2.19120148973125 41.4368450760896, 2.19113539083952 41.4376676121109, 2.18980474927461 41.4376299380643, 2.18974310037851 41.4376331969205, 2.1894899946194 41.4376576616245))"
"09","Sant Andreu","60","Sant Andreu","187","027","POLYGON ((432636.1511 4587665.6519, 432626.2082 4587666.8193, 432609.4215 4587665.7075, 432469.8015 4587660.9755, 432424.9425 4587659.8565, 432428.2335 4587598.1535, 432430.0385 4587555.0285, 432527.2905 4587562.5595, 432531.7395 4587527.9835, 432532.4255 4587515.4115, 432529.9775 4587495.3275, 432527.2865 4587480.1365, 432554.5635 4587488.0855, 432582.8635 4587497.1915, 432590.001 4587499.039, 432668.551 4587502.606, 432668.398 4587513.085, 432669.129 4587535.61, 432671.756 4587568.987, 432674.652 4587594.823, 432678.113 4587619.74, 432681.207 4587639.23, 432685.158114 4587660.025951, 432636.1511 4587665.6519))","POLYGON ((2.19366264337061 41.4377375556122, 2.19354350918107 41.4377472357997, 2.19334271743542 41.437735813555, 2.19167217083311 41.4376814643756, 2.19113539083952 41.4376676121109, 2.19118167975229 41.4371121515301, 2.19120810525741 41.4367238914601, 2.19237123014002 41.4367998979794, 2.19242833864106 41.4364888576115, 2.19243795264869 41.4363756835486, 2.19241089613902 41.4361945881587, 2.19238038513212 41.4360575419188, 2.19270596090781 41.4361314272533, 2.19304365209517 41.4362158182617, 2.19312887091474 41.4362330572496, 2.1940685966834 41.4362717740042, 2.19406559793639 41.4363661419799, 2.19407183717837 41.4365690783136, 2.19409955975467 41.4368699138923, 2.19413134230443 41.4371028527799, 2.19416998975357 41.4373275618995, 2.19420484953805 41.43750336109, 2.19424982259116 41.4376909943749, 2.19366264337061 41.4377375556122))"
"09","Sant Andreu","60","Sant Andreu","188","028","POLYGON ((432598.5375 4587898.1375, 432598.2435 4587913.2215, 432503.4105 4587909.0455, 432506.4265 4587833.1775, 432510.1485 4587756.2205, 432494.7395 4587755.9115, 432420.761206 4587752.7040285, 432424.9425 4587659.8565, 432469.8015 4587660.9755, 432609.4215 4587665.7075, 432606.9865 4587704.7535, 432600.4395 4587863.1375, 432598.5375 4587898.1375))","POLYGON ((2.19318652219766 41.4398283169956, 2.19318132056031 41.4399641486812, 2.19204671669856 41.4399185705417, 2.19209129056529 41.4392355074089, 2.19214443505441 41.4385426952642, 2.19196004098789 41.4385386169244, 2.19107496204363 41.4385035055993, 2.19113539083952 41.4376676121109, 2.19167217083311 41.4376814643756, 2.19334271743542 41.437735813555, 2.19330921872305 41.4380872831306, 2.19321319177363 41.4395132437591, 2.19318652219766 41.4398283169956))"
"09","Sant Andreu","60","Sant Andreu","188","029","POLYGON ((432503.8095 4587894.1015, 432503.4105 4587909.0455, 432414.2415 4587904.2043, 432419.5295 4587798.8475, 432420.761206 4587752.7040285, 432494.7395 4587755.9115, 432510.1485 4587756.2205, 432503.8095 4587894.1015))","POLYGON ((2.19205316181343 41.4397840086853, 2.19204671669856 41.4399185705417, 2.19097998215845 41.4398674667838, 2.19105505897528 41.4389190000751, 2.19107496204363 41.4385035055993, 2.19196004098789 41.4385386169244, 2.19214443505441 41.4385426952642, 2.19205316181343 41.4397840086853))"
"09","Sant Andreu","60","Sant Andreu","188","030","POLYGON ((432593.9195 4588016.6735, 432593.7155 4588022.1075, 432583.3035 4588021.9315, 432513.5115 4588019.5415, 432409.3935 4588012.9835, 432414.2415 4587904.2043, 432503.4105 4587909.0455, 432598.2435 4587913.2215, 432598.0295 4587924.2055, 432593.9195 4588016.6735))","POLYGON ((2.19311802418224 41.440895541936, 2.19311497617181 41.4409444669565, 2.19299037112835 41.4409420075933, 2.19215527465376 41.4409146184726, 2.19090978655025 41.4408467946585, 2.19097998215845 41.4398674667838, 2.19204671669856 41.4399185705417, 2.19318132056031 41.4399641486812, 2.19317753381713 41.4400630597998, 2.19311802418224 41.440895541936))"
"09","Sant Andreu","60","Sant Andreu","188","031","POLYGON ((432938.7504 4588745.2262, 432941.9115 4588758.4575, 432569.1005 4588587.7175, 432587.2655 4588169.2895, 432491.6495 4588162.6515, 432412.1615 4588156.8335, 432403.8625 4588155.8795, 432409.3935 4588012.9835, 432513.5115 4588019.5415, 432593.7155 4588022.1075, 432595.3395 4587980.3715, 432598.0295 4587924.2055, 432598.5375 4587898.1375, 432600.4395 4587863.1375, 432606.9865 4587704.7535, 432609.4215 4587665.7075, 432626.2082 4587666.8193, 432685.158114 4587660.025951, 432695.793 4587717.959, 432698.232 4587734.305, 432700.991 4587749.502, 432704.456 4587762.767, 432714.169 4587812.116, 432720.88 4587838.302, 432727.103 4587869.85, 432729.29 4587876.632, 432733.286 4587896.881, 432748.569 4587959.597, 432769.832 4588056.537, 432779.951 4588100.285, 432830.87085 4588305.1451, 432849.7822 4588378.6351, 432865.9769 4588446.1221, 432891.1558 4588545.9991, 432938.7504 4588745.2262))","POLYGON ((2.19716453803469 41.4474862410407, 2.19720090905308 41.4476056748189, 2.19275721503791 41.4460366498099, 2.19302135082227 41.4422695422987, 2.19187760991339 41.4422017220341, 2.19092682463381 41.4421426337363, 2.19082759611882 41.4421333427174, 2.19090978655025 41.4408467946585, 2.19215527465376 41.4409146184726, 2.19311497617181 41.4409444669565, 2.19313907068017 41.4405687016547, 2.19317753381713 41.4400630597998, 2.19318652219766 41.4398283169956, 2.19321319177363 41.4395132437591, 2.19330921872305 41.4380872831306, 2.19334271743542 41.437735813555, 2.19354350918107 41.4377472357997, 2.19424982259116 41.4376909943749, 2.19437065594861 41.4382136690728, 2.19439802728981 41.4383610963502, 2.19442935676769 41.4384982017878, 2.19446935159792 41.4386179655197, 2.19458011018233 41.4390632490882, 2.19465751828911 41.4392996597798, 2.19472848902404 41.4395843232271, 2.19475391032457 41.4396455896111, 2.19479948448332 41.4398283001997, 2.19497542789989 41.4403944419367, 2.19521914254572 41.4412693279379, 2.1953353932949 41.4416641983808, 2.19592209937513 41.4435135643405, 2.1961402953946 41.4441770453617, 2.19632664448003 41.4447862318171, 2.19661694064976 41.4456878945076, 2.19716453803469 41.4474862410407))"
"09","Sant Andreu","60","Sant Andreu","189","032","POLYGON ((432908.3934515 4588746.274771, 432920.118399 4588793.9544985, 432908.931179 4588787.2831415, 432886.9258 4588777.5224, 432861.8544 4588770.4304, 432825.2987 4588765.7277, 432793.4187 4588765.8741, 432754.8815 4588769.3478, 432733.6662 4588769.5074, 432724.0996295 4588768.8710565, 432712.842 4588767.6009, 432692.6595 4588762.6198, 432674.778 4588756.071, 432657.6497 4588747.5535, 432606.03407 4588715.459489, 432595.0568365 4588709.4665955, 432584.7060255 4588704.378189, 432565.3079605 4588697.8677095, 432554.3541885 4588696.121456, 432532.605395 4588693.5814505, 432431.163942 4588690.8826955, 432378.7101915 4588691.0414455, 432379.718576 4588674.6564635, 432299.792245 4588675.2918175, 432284.1135 4588640.1315, 432268.8975 4588604.3895, 432260.2355 4588583.7075, 432247.4855 4588550.8555, 432236.6075 4588521.4455, 432225.6855 4588489.6575, 432222.9735 4588480.3595, 432220.7995 4588470.9195, 432219.5275 4588463.7675, 432212.1155 4588400.9275, 432209.2095 4588368.4975, 432205.7455 4588323.3495, 432197.7615 4588234.1855, 432193.6535 4588183.1475, 432189.7495 4588141.5505, 432270.2855 4588146.9635, 432296.5135 4588149.0835, 432403.8625 4588155.8795, 432412.1615 4588156.8335, 432491.6495 4588162.6515, 432587.2655 4588169.2895, 432569.1005 4588587.7175, 432907.492 4588742.609, 432908.3934515 4588746.274771))","POLYGON ((2.19680103232279 41.447493148468, 2.19693609069521 41.4479235629718, 2.196802913773 41.4478625414337, 2.19654058052244 41.4477727903248, 2.1962412492867 41.4477068186046, 2.19580417929598 41.4476614047139, 2.19542254111923 41.4476600547814, 2.19496084202613 41.4476881137313, 2.19470686488355 41.4476877736499, 2.19459241840994 41.4476812406035, 2.19445779962935 41.447668857164, 2.19421675868573 41.4476223021195, 2.19400343709324 41.4475618198505, 2.19379935162375 41.4474836689991, 2.19318506616034 41.4471902778719, 2.19305433222976 41.4471353803391, 2.19293099612815 41.4470886816586, 2.19269951926572 41.4470284147648, 2.19256859270312 41.4470117666195, 2.19230853369982 41.4469870620648, 2.19109453703647 41.4469542230506, 2.19046662535672 41.4469512359132, 2.19048053056943 41.4468037472762, 2.189523709279 41.4468027329159, 2.18933997044001 41.4464847343329, 2.18916183779053 41.4461615354969, 2.18906047073216 41.4459745293838, 2.18891153513746 41.4456775674184, 2.18878462283043 41.4454117641165, 2.18865745167767 41.445124539178, 2.18862603209919 41.4450405665181, 2.18860106842402 41.4449553603303, 2.18858664504938 41.4448908374764, 2.18850497511143 41.4443242346346, 2.18847382990166 41.4440319040265, 2.18843743309033 41.443624979865, 2.18835187369767 41.442821237768, 2.18830843088261 41.4423612100026, 2.18826637071177 41.4419862311043, 2.18922974040953 41.4420417820704, 2.18954343947205 41.4420630883085, 2.19082759611882 41.4421333427174, 2.19092682463381 41.4421426337363, 2.19187760991339 41.4422017220341, 2.19302135082227 41.4422695422987, 2.19275721503791 41.4460366498099, 2.19679064867499 41.4474600568077, 2.19680103232279 41.447493148468))"
"09","Sant Andreu","60","Sant Andreu","189","033","POLYGON ((432299.4584125 4588691.3565335, 432148.4319 4588694.5399, 432039.4135 4588274.0795, 432015.3482 4588169.5904, 432170.4815 4588143.7515, 432189.7495 4588141.5505, 432193.6535 4588183.1475, 432197.7615 4588234.1855, 432205.7455 4588323.3495, 432209.2095 4588368.4975, 432212.1155 4588400.9275, 432219.5275 4588463.7675, 432220.7995 4588470.9195, 432222.9735 4588480.3595, 432225.6855 4588489.6575, 432236.6075 4588521.4455, 432247.4855 4588550.8555, 432260.2355 4588583.7075, 432268.8975 4588604.3895, 432284.1135 4588640.1315, 432299.792245 4588675.2918175, 432299.4584125 4588691.3565335))","POLYGON ((2.18951791247433 41.4469473937893, 2.18770970395322 41.4469633137529, 2.18645201414611 41.4431671599622, 2.18617571810682 41.4422240274078, 2.18803549509934 41.4420044271145, 2.18826637071177 41.4419862311043, 2.18830843088261 41.4423612100026, 2.18835187369767 41.442821237768, 2.18843743309033 41.443624979865, 2.18847382990166 41.4440319040265, 2.18850497511143 41.4443242346346, 2.18858664504938 41.4448908374764, 2.18860106842402 41.4449553603303, 2.18862603209919 41.4450405665181, 2.18865745167767 41.445124539178, 2.18878462283043 41.4454117641165, 2.18891153513746 41.4456775674184, 2.18906047073216 41.4459745293838, 2.18916183779053 41.4461615354969, 2.18933997044001 41.4464847343329, 2.189523709279 41.4468027329159, 2.18951791247433 41.4469473937893))"
"09","Sant Andreu","60","Sant Andreu","190","034","POLYGON ((432016.8045 4588169.3485, 432015.3482 4588169.5904, 431977.4189 4588004.9051, 432026.1335 4587983.8395, 432052.5055 4587971.9355, 432056.6455 4587970.6895, 432070.3255 4587997.7075, 432082.7935 4588020.4375, 432103.4095 4588061.0595, 432115.4635 4588083.2765, 432116.6135 4588086.4075, 432121.4415 4588106.7075, 432124.9165 4588151.4325, 432016.8045 4588169.3485))","POLYGON ((2.18619317657906 41.4422219720177, 2.18617571810682 41.4422240274078, 2.18574026397372 41.4407375544138, 2.1863257123761 41.4405519498443, 2.18664270394455 41.440446967025, 2.18669239664172 41.4404360950952, 2.18685309783854 41.4406805939561, 2.18699977546196 41.4408863696056, 2.18724196945548 41.4412539809202, 2.18738375188466 41.4414551006671, 2.18739716489886 41.4414833976845, 2.18745267242807 41.4416666406333, 2.18748924137338 41.4420697563003, 2.18619317657906 41.4422219720177))"
"09","Sant Andreu","60","Sant Andreu","190","035","POLYGON ((431978.5835 4588004.4015, 431977.4189 4588004.9051, 431956.0235 4587912.0085, 431950.338 4587890.4122, 432012.7903 4587899.8975, 432016.8364 4587896.3799, 431984.2175 4587837.5835, 432062.4645 4587811.5161, 432068.8895 4587801.2935, 432078.5475 4587789.9535, 432083.6035 4587783.0335, 432087.6315 4587775.8395, 432090.3135 4587769.2675, 432095.8118 4587752.0676, 432099.3686 4587742.212, 432113.2635 4587735.6355, 432143.5755 4587815.1015, 432149.6015 4587832.3455, 432156.5515 4587850.3785, 432164.0515 4587871.4015, 432169.5215 4587884.6795, 432174.9772 4587882.5534, 432180.0679 4587886.3992, 432180.8565 4587888.4135, 432216.0205 4587881.0705, 432213.4745 4587900.0055, 432117.3615 4587944.1035, 432061.1515 4587968.9275, 432052.5055 4587971.9355, 432026.1335 4587983.8395, 431978.5835 4588004.4015))","POLYGON ((2.18575426008673 41.4407331173366, 2.18574026397372 41.4407375544138, 2.18549463876997 41.4398990556415, 2.18542902070053 41.4397040637788, 2.18617545013528 41.4397947849249, 2.18622427410482 41.4397634457615, 2.18584047414873 41.439231125412, 2.18677994329322 41.4390029700102, 2.18685799313619 41.4389114423106, 2.18697486389544 41.4388101240157, 2.18703615658347 41.4387482257198, 2.18708517592213 41.4386837726248, 2.18711801513469 41.4386248078038, 2.18718575659912 41.4384703594457, 2.1872294349488 41.4383818943546, 2.18739647971222 41.438323837021, 2.18775035484599 41.4390421210927, 2.18782054343706 41.4391979408717, 2.18790170314495 41.4393609449202, 2.18798911053861 41.4395509252392, 2.18805309065927 41.4396709775544, 2.18811862905291 41.4396522893999, 2.18817912836895 41.4396873571494, 2.18818834109376 41.439705565839, 2.18861004599439 41.4396423993794, 2.18857744836182 41.4398127252418, 2.18742210693206 41.4402017801089, 2.18674652807954 41.4404206066874, 2.18664270394455 41.440446967025, 2.1863257123761 41.4405519498443, 2.18575426008673 41.4407331173366))"
"09","Sant Andreu","60","Sant Andreu","190","036","POLYGON ((432125.8195 4588151.2855, 432124.9165 4588151.4325, 432121.4415 4588106.7075, 432116.6135 4588086.4075, 432115.4635 4588083.2765, 432103.4095 4588061.0595, 432082.7935 4588020.4375, 432070.3255 4587997.7075, 432056.6455 4587970.6895, 432070.9035 4587964.6715, 432117.3615 4587944.1035, 432213.4745 4587900.0055, 432210.8285 4587919.7855, 432209.6275 4587932.2155, 432200.6955 4587999.5785, 432193.5015 4588058.5345, 432222.8395 4588056.5975, 432247.1995 4588058.1015, 432275.6435 4588060.3895, 432270.2855 4588146.9635, 432189.7495 4588141.5505, 432170.4815 4588143.7515, 432125.8195 4588151.2855))","POLYGON ((2.18750006636745 41.4420685086644, 2.18748924137338 41.4420697563003, 2.18745267242807 41.4416666406333, 2.18739716489886 41.4414833976845, 2.18738375188466 41.4414551006671, 2.18724196945548 41.4412539809202, 2.18699977546196 41.4408863696056, 2.18685309783854 41.4406805939561, 2.18669239664172 41.4404360950952, 2.18686373039561 41.4403830995416, 2.18742210693206 41.4402017801089, 2.18857744836182 41.4398127252418, 2.18854355883037 41.4399906532592, 2.18852778924063 41.4401025044353, 2.18841332139592 41.440708464711, 2.18832059767552 41.4412388527425, 2.18867197243516 41.4412238840211, 2.18896337764447 41.4412394860233, 2.18930357805955 41.4412624929951, 2.18922974040953 41.4420417820704, 2.18826637071177 41.4419862311043, 2.18803549509934 41.4420044271145, 2.18750006636745 41.4420685086644))"
"09","Sant Andreu","60","Sant Andreu","190","037","POLYGON ((432409.3935 4588012.9835, 432403.8625 4588155.8795, 432296.5135 4588149.0835, 432270.2855 4588146.9635, 432275.6435 4588060.3895, 432247.1995 4588058.1015, 432222.8395 4588056.5975, 432193.5015 4588058.5345, 432200.6955 4587999.5785, 432209.6275 4587932.2155, 432216.7175 4587931.6235, 432328.0505 4587918.7195, 432336.6153 4587914.2245, 432404.9955 4587903.8375, 432414.2415 4587904.2043, 432409.3935 4588012.9835))","POLYGON ((2.19090978655025 41.4408467946585, 2.19082759611882 41.4421333427174, 2.18954343947205 41.4420630883085, 2.18922974040953 41.4420417820704, 2.18930357805955 41.4412624929951, 2.18896337764447 41.4412394860233, 2.18867197243516 41.4412238840211, 2.18832059767552 41.4412388527425, 2.18841332139592 41.440708464711, 2.18852778924063 41.4401025044353, 2.18861271702904 41.4400977710761, 2.18994672549257 41.4399909403968, 2.1900497422424 41.4399511773299, 2.19086935664032 41.4398633848194, 2.19097998215845 41.4398674667838, 2.19090978655025 41.4408467946585))"
"09","Sant Andreu","60","Sant Andreu","190","038","POLYGON ((432216.7175 4587931.6235, 432209.6275 4587932.2155, 432210.8285 4587919.7855, 432217.2225 4587872.1345, 432221.1275 4587849.1675, 432226.3015 4587815.1875, 432229.1295 4587790.9485, 432323.8465 4587776.1785, 432336.8045 4587657.4315, 432424.9425 4587659.8565, 432420.761206 4587752.7040285, 432419.5295 4587798.8475, 432414.2415 4587904.2043, 432404.9955 4587903.8375, 432336.6153 4587914.2245, 432328.0505 4587918.7195, 432216.7175 4587931.6235))","POLYGON ((2.18861271702904 41.4400977710761, 2.18852778924063 41.4401025044353, 2.18854355883037 41.4399906532592, 2.18862543531432 41.43956201748, 2.18867475090151 41.439355491522, 2.18874049011116 41.4390498824619, 2.18877705704843 41.4388318090766, 2.1899123728208 41.4387067695476, 2.1900807631681 41.4376383489682, 2.19113539083952 41.4376676121109, 2.19107496204363 41.4385035055993, 2.19105505897528 41.4389190000751, 2.19097998215845 41.4398674667838, 2.19086935664032 41.4398633848194, 2.1900497422424 41.4399511773299, 2.18994672549257 41.4399909403968, 2.18861271702904 41.4400977710761))"
"09","Sant Andreu","60","Sant Andreu","190","039","POLYGON ((432214.7025 4587881.3465, 432180.8565 4587888.4135, 432180.0679 4587886.3992, 432174.9772 4587882.5534, 432169.5215 4587884.6795, 432164.0515 4587871.4015, 432156.5515 4587850.3785, 432149.6015 4587832.3455, 432143.5755 4587815.1015, 432113.2635 4587735.6355, 432122.5155 4587731.0915, 432153.7495 4587716.8135, 432193.3095 4587697.9525, 432248.1845 4587672.8995, 432257.6075 4587663.0375, 432259.9235 4587659.8935, 432270.9855 4587660.8055, 432287.4695 4587660.0375, 432308.5895 4587657.1235, 432313.7365 4587656.7135, 432336.8045 4587657.4315, 432323.8465 4587776.1785, 432229.1295 4587790.9485, 432226.3015 4587815.1875, 432221.1275 4587849.1675, 432217.2225 4587872.1345, 432216.0205 4587881.0705, 432214.7025 4587881.3465))","POLYGON ((2.18859423978333 41.4396447739463, 2.18818834109376 41.439705565839, 2.18817912836895 41.4396873571494, 2.18811862905291 41.4396522893999, 2.18805309065927 41.4396709775544, 2.18798911053861 41.4395509252392, 2.18790170314495 41.4393609449202, 2.18782054343706 41.4391979408717, 2.18775035484599 41.4390421210927, 2.18739647971222 41.438323837021, 2.18750772581138 41.4382836929822, 2.1878831633341 41.438157735794, 2.18835876579056 41.4379912030272, 2.18901836146408 41.4377701914492, 2.18913224847873 41.4376821628913, 2.18916032048998 41.4376540413694, 2.18929261620601 41.4376631885428, 2.1894899946194 41.4376576616245, 2.18974310037851 41.4376331969205, 2.18980474927461 41.4376299380643, 2.1900807631681 41.4376383489682, 2.1899123728208 41.4387067695476, 2.18877705704843 41.4388318090766, 2.18874049011116 41.4390498824619, 2.18867475090151 41.439355491522, 2.18862543531432 41.43956201748, 2.18861004599439 41.4396423993794, 2.18859423978333 41.4396447739463))"
"09","Sant Andreu","60","Sant Andreu","191","040","POLYGON ((432016.8364 4587896.3799, 432012.7903 4587899.8975, 431950.338 4587890.4122, 431889.6386 4587659.8478, 432008.2075 4587628.9295, 432081.7955 4587610.7375, 432304.4055 4587558.0055, 432304.1855 4587574.4335, 432303.7335 4587579.5095, 432302.1115 4587584.2835, 432280.1175 4587622.0535, 432264.6235 4587649.3915, 432259.9235 4587659.8935, 432257.6075 4587663.0375, 432248.1845 4587672.8995, 432193.3095 4587697.9525, 432153.7495 4587716.8135, 432122.5155 4587731.0915, 432099.3686 4587742.212, 432095.8118 4587752.0676, 432090.3135 4587769.2675, 432087.6315 4587775.8395, 432083.6035 4587783.0335, 432078.5475 4587789.9535, 432068.8895 4587801.2935, 432062.4645 4587811.5161, 431984.2175 4587837.5835, 432016.8364 4587896.3799))","POLYGON ((2.18622427410482 41.4397634457615, 2.18617545013528 41.4397947849249, 2.18542902070053 41.4397040637788, 2.1847284943944 41.4376223073233, 2.18615108887114 41.4373538856038, 2.18703388286474 41.437196264218, 2.18970412719142 41.4367401230409, 2.1896996537565 41.4368880657549, 2.1896936753121 41.4369337454091, 2.18967372743748 41.436976606418, 2.18940625744149 41.4373149330698, 2.18921775068082 41.4375598500229, 2.18916032048998 41.4376540413694, 2.18913224847873 41.4376821628913, 2.18901836146408 41.4377701914492, 2.18835876579056 41.4379912030272, 2.1878831633341 41.438157735794, 2.18750772581138 41.4382836929822, 2.1872294349488 41.4383818943546, 2.18718575659912 41.4384703594457, 2.18711801513469 41.4386248078038, 2.18708517592213 41.4386837726248, 2.18703615658347 41.4387482257198, 2.18697486389544 41.4388101240157, 2.18685799313619 41.4389114423106, 2.18677994329322 41.4390029700102, 2.18584047414873 41.439231125412, 2.18622427410482 41.4397634457615))"
"09","Sant Andreu","60","Sant Andreu","191","041","POLYGON ((431889.7665 4587659.8145, 431870.6958 4587587.8941, 432081.3635 4587529.0575, 432150.1855 4587508.7855, 432215.5935 4587490.7975, 432248.4775 4587485.5575, 432304.3265 4587477.5045, 432304.8685 4587493.5225, 432304.4055 4587558.0055, 432081.7955 4587610.7375, 432008.2075 4587628.9295, 431889.7665 4587659.8145))","POLYGON ((2.18473002894416 41.4376220182508, 2.18450988622837 41.4369726393956, 2.1870378927795 41.4364605649247, 2.18786386443439 41.4362838000764, 2.18864871528183 41.4361273122698, 2.18904287276353 41.4360828924968, 2.18971219961896 41.4360150719234, 2.18971689216099 41.436159386166, 2.18970412719142 41.4367401230409, 2.18703388286474 41.437196264218, 2.18615108887114 41.4373538856038, 2.18473002894416 41.4376220182508))"
"09","Sant Andreu","60","Sant Andreu","191","042","POLYGON ((432081.3635 4587529.0575, 432080.5475 4587529.2825, 432069.5865 4587417.8975, 432166.1315 4587417.6295, 432165.2215 4587372.674, 432162.64 4587369.658, 432162.824 4587363.49, 432165.2925 4587360.9015, 432165.2965 4587324.8615, 432162.875 4587322.064, 432162.94 4587316.022, 432165.3147 4587314.3362, 432165.3805 4587276.2455, 432258.9131 4587256.6169, 432277.0835 4587251.9298, 432280.008500001 4587250.3375, 432285.9275 4587287.2505, 432299.9145 4587381.7635, 432300.5895 4587388.1755, 432301.5655 4587405.4815, 432304.3265 4587477.5045, 432248.4775 4587485.5575, 432215.5935 4587490.7975, 432150.1855 4587508.7855, 432081.3635 4587529.0575))","POLYGON ((2.1870378927795 41.4364605649247, 2.18702810120291 41.4364625224035, 2.18690943523378 41.4354583899927, 2.18806494563835 41.435464137164, 2.18805910057784 41.4350591618581, 2.18802854312198 41.4350317797388, 2.18803143762892 41.4349762422647, 2.18806127172722 41.4349531370678, 2.18806536486682 41.4346285377256, 2.18803669798573 41.4346031370763, 2.18803815410889 41.4345487243836, 2.18806676407417 41.434533741562, 2.18807182692507 41.4341906774758, 2.18919343252373 41.4340217844516, 2.18941142197442 41.4339811018314, 2.18944660691339 41.4339670071874, 2.18951330998844 41.4342999689214, 2.18967012040508 41.4351523940441, 2.18967748069298 41.4352102016094, 2.1896872230849 41.4353661530282, 2.18971219961896 41.4360150719234, 2.18904287276353 41.4360828924968, 2.18864871528183 41.4361273122698, 2.18786386443439 41.4362838000764, 2.1870378927795 41.4364605649247))"
"09","Sant Andreu","60","Sant Andreu","191","043","POLYGON ((431870.8405 4587587.8535, 431832.302 4587442.0564, 432037.7915 4587420.4215, 432064.8325 4587417.9055, 432069.5865 4587417.8975, 432080.5475 4587529.2825, 431870.8405 4587587.8535))","POLYGON ((2.18451162265882 41.4369722860027, 2.18406681811226 41.4356558735385, 2.18652861913082 41.4354784325942, 2.18685253700922 41.4354580598903, 2.18690943523378 41.4354583899927, 2.18702810120291 41.4364625224035, 2.18451162265882 41.4369722860027))"
"09","Sant Andreu","60","Sant Andreu","191","044","POLYGON ((432037.7915 4587420.4215, 431872.4855 4587437.8255, 431881.8835 4587427.4695, 431921.2375 4587386.1175, 431934.8075 4587370.9095, 432000.4375 4587324.5915, 432020.7745 4587309.4875, 432055.2166 4587287.7968, 432046.4139 4587230.6399, 432137.9635 4587213.8135, 432179.2735 4587206.8375, 432270.4275 4587190.6735, 432275.2925 4587243.0285, 432280.008500001 4587250.3375, 432277.0835 4587251.9298, 432258.9131 4587256.6169, 432165.3805 4587276.2455, 432165.3147 4587314.3362, 432162.94 4587316.022, 432162.875 4587322.064, 432165.2965 4587324.8615, 432165.2925 4587360.9015, 432162.824 4587363.49, 432162.64 4587369.658, 432165.2215 4587372.674, 432166.1315 4587417.6295, 432064.8325 4587417.9055, 432037.7915 4587420.4215))","POLYGON ((2.18652861913082 41.4354784325942, 2.18454822465049 41.4356211773591, 2.18466187030495 41.4355287018134, 2.18513752963115 41.4351595963156, 2.18530165155888 41.4350237735458, 2.18609233757657 41.434612163619, 2.18633743273288 41.4344778489763, 2.18675207863384 41.4342854031915, 2.18665315363384 41.4337698662909, 2.18775070830958 41.4336260579331, 2.18824588807002 41.4335667171399, 2.18933862729756 41.4334288261639, 2.18939098466452 41.4339007798636, 2.18944660691339 41.4339670071874, 2.18941142197442 41.4339811018314, 2.18919343252373 41.4340217844516, 2.18807182692507 41.4341906774758, 2.18806676407417 41.434533741562, 2.18803815410889 41.4345487243836, 2.18803669798573 41.4346031370763, 2.18806536486682 41.4346285377256, 2.18806127172722 41.4349531370678, 2.18803143762892 41.4349762422647, 2.18802854312198 41.4350317797388, 2.18805910057784 41.4350591618581, 2.18806494563835 41.435464137164, 2.18685253700922 41.4354580598903, 2.18652861913082 41.4354784325942))"
"09","Sant Andreu","60","Sant Andreu","191","045","POLYGON ((431832.4815 4587442.0375, 431788.6024 4587276.0651, 431909.6735 4587254.4435, 432046.4139 4587230.6399, 432055.2166 4587287.7968, 432020.7745 4587309.4875, 432000.4375 4587324.5915, 431934.8075 4587370.9095, 431921.2375 4587386.1175, 431881.8835 4587427.4695, 431872.4855 4587437.8255, 431832.4815 4587442.0375))","POLYGON ((2.18406896856005 41.4356557185501, 2.1835625418268 41.4341571389563, 2.18501396395404 41.4339726750763, 2.18665315363384 41.4337698662909, 2.18675207863384 41.4342854031915, 2.18633743273288 41.4344778489763, 2.18609233757657 41.434612163619, 2.18530165155888 41.4350237735458, 2.18513752963115 41.4351595963156, 2.18466187030495 41.4355287018134, 2.18454822465049 41.4356211773591, 2.18406896856005 41.4356557185501))"
"09","Sant Andreu","60","Sant Andreu","192","046","POLYGON ((431835.0095 4587267.7775, 431788.6024 4587276.0651, 431756.2341 4587153.1153, 431841.6405 4587147.4465, 431846.2215 4587101.9595, 432024.1135 4587080.1425, 432041.0405 4587191.0385, 432046.4139 4587230.6399, 431909.6735 4587254.4435, 431835.0095 4587267.7775))","POLYGON ((2.18411887942121 41.4340864358048, 2.1835625418268 41.4341571389563, 2.18318903893314 41.4330470243153, 2.18421180952569 41.4330032201598, 2.18427176336439 41.4325939236585, 2.18640318867643 41.432412501748, 2.18659329769453 41.433412735699, 2.18665315363384 41.4337698662909, 2.18501396395404 41.4339726750763, 2.18411887942121 41.4340864358048))"
"09","Sant Andreu","60","Sant Andreu","192","047","POLYGON ((432120.0975 4587217.0235, 432046.4139 4587230.6399, 432041.0405 4587191.0385, 432033.3695 4587142.0615, 432015.0605 4587020.1785, 432123.4125 4587007.0555, 432123.2845 4587007.7785, 432157.5115 4587010.4275, 432182.7315 4587012.8115, 432266.8735 4587019.8085, 432265.4455 4587052.3715, 432265.8515 4587065.4575, 432265.7355 4587076.3255, 432267.8835 4587145.5115, 432269.5095 4587169.4955, 432270.4275 4587190.6735, 432120.0975 4587217.0235))","POLYGON ((2.18753652801291 41.4336534594145, 2.18665315363384 41.4337698662909, 2.18659329769453 41.433412735699, 2.18650699932266 41.4329709678765, 2.18630158927555 41.4318716606744, 2.18759978153335 41.4317626307646, 2.1875981684867 41.4317691317579, 2.18800748727369 41.4317958822632, 2.18830904359869 41.4318194840639, 2.18931524099976 41.431889604068, 2.18929450209302 41.432182767425, 2.18929789452717 41.432300662781, 2.1892952883606 41.432398537346, 2.18931324194706 41.4330218530323, 2.18933001400157 41.4332380057944, 2.18933862729756 41.4334288261639, 2.18753652801291 41.4336534594145))"
"09","Sant Andreu","60","Sant Andreu","192","048","POLYGON ((431841.6405 4587147.4465, 431756.2341 4587153.1153, 431729.1909 4587050.3929, 431762.3146 4587024.2098, 431812.564 4587029.6448, 431817.4898 4587033.8982, 431853.7153 4587038.2373, 431857.8626 4587039.6377, 431952.5675 4587028.1535, 431971.5355 4587025.5055, 432015.0605 4587020.1785, 432024.1135 4587080.1425, 431846.2215 4587101.9595, 431841.6405 4587147.4465))","POLYGON ((2.18421180952569 41.4330032201598, 2.18318903893314 41.4330470243153, 2.18287699272124 41.4321195420082, 2.18327636254175 41.4318865351129, 2.18387711615424 41.4319397539562, 2.18393558661079 41.4319784810066, 2.18436863182638 41.432020636247, 2.18441810745488 41.4320336010373, 2.18555279750287 41.4319381964007, 2.18578009802341 41.43191595364, 2.18630158927555 41.4318716606744, 2.18640318867643 41.432412501748, 2.18427176336439 41.4325939236585, 2.18421180952569 41.4330032201598))"
"09","Sant Andreu","60","Sant Andreu","192","049","POLYGON ((431762.3146 4587024.2098, 431729.1909 4587050.3929, 431718.3175 4587009.0905, 431711.1345 4586949.0095, 431720.0785 4586885.8185, 431727.4145 4586864.0185, 431798.3505 4586735.5895, 431833.9556 4586663.712, 431860.9715 4586663.6975, 431870.9065 4586824.8575, 431873.164 4586839.4414, 431866.0125 4586914.9285, 431853.7153 4587038.2373, 431817.4898 4587033.8982, 431812.564 4587029.6448, 431762.3146 4587024.2098))","POLYGON ((2.18327636254175 41.4318865351129, 2.18287699272124 41.4321195420082, 2.18275152915719 41.4317466216806, 2.18267235353477 41.4312048828259, 2.18278652891621 41.4306365043476, 2.18287678400245 41.430440783084, 2.18374019138002 41.4292900947529, 2.1841743882923 41.428645741633, 2.18449769047574 41.4286479032416, 2.18459842035427 41.4301002578654, 2.18462379294978 41.4302318014295, 2.18452969999913 41.4309110806359, 2.18436863182638 41.432020636247, 2.18393558661079 41.4319784810066, 2.18387711615424 41.4319397539562, 2.18327636254175 41.4318865351129))"
"09","Sant Andreu","60","Sant Andreu","192","050","POLYGON ((431882.4335 4587036.7355, 431857.8626 4587039.6377, 431853.7153 4587038.2373, 431866.0125 4586914.9285, 431873.164 4586839.4414, 431901.8087 4586838.4513, 431903.1159 4586848.2618, 431947.8025 4586861.1525, 431991.7665 4586873.3005, 432002.5025 4586876.5675, 432139.4865 4586915.1715, 432123.4125 4587007.0555, 431971.5355 4587025.5055, 431952.5675 4587028.1535, 431882.4335 4587036.7355))","POLYGON ((2.18471249094362 41.4320095462539, 2.18441810745488 41.4320336010373, 2.18436863182638 41.432020636247, 2.18452969999913 41.4309110806359, 2.18462379294978 41.4302318014295, 2.18496670534638 41.4302253130552, 2.18498124388048 41.4303137836289, 2.1855145731288 41.4304336730576, 2.18603934028988 41.4305468096042, 2.18616745480918 41.4305771433112, 2.18780246475138 41.4309364215464, 2.18759978153335 41.4317626307646, 2.18578009802341 41.43191595364, 2.18555279750287 41.4319381964007, 2.18471249094362 41.4320095462539))"
"09","Sant Andreu","60","Sant Andreu","192","051","POLYGON ((432271.5635 4586965.0515, 432266.8735 4587019.8085, 432182.7315 4587012.8115, 432157.5115 4587010.4275, 432123.2845 4587007.7785, 432139.4865 4586915.1715, 432002.5025 4586876.5675, 431991.7665 4586873.3005, 431947.8025 4586861.1525, 431903.1159 4586848.2618, 431901.8087 4586838.4513, 431873.164 4586839.4414, 431870.9065 4586824.8575, 432156.1842 4586817.8302, 432302.4679 4586814.6452, 432297.5578 4586825.5349, 432288.7915 4586861.1575, 432278.1255 4586921.4055, 432271.5635 4586965.0515))","POLYGON ((2.18937750484556 41.4313968219943, 2.18931524099976 41.431889604068, 2.18830904359869 41.4318194840639, 2.18800748727369 41.4317958822632, 2.1875981684867 41.4317691317579, 2.18780246475138 41.4309364215464, 2.18616745480918 41.4305771433112, 2.18603934028988 41.4305468096042, 2.1855145731288 41.4304336730576, 2.18498124388048 41.4303137836289, 2.18496670534638 41.4302253130552, 2.18462379294978 41.4302318014295, 2.18459842035427 41.4301002578654, 2.18801321917347 41.4300611124556, 2.18976419993208 41.4300447689756, 2.18970421956572 41.4301424349577, 2.18959532006147 41.4304625366702, 2.18946092598138 41.4310042706743, 2.18937750484556 41.4313968219943))"
"09","Sant Andreu","60","Sant Andreu","192","052","POLYGON ((432302.4679 4586814.6452, 432246.3931 4586815.8231, 432248.183 4586809.702, 432297.3355 4586673.9175, 432241.6405 4586665.4455, 432255.2955 4586584.4425, 432351.1225 4586556.9525, 432356.4845 4586556.0325, 432379.2625 4586555.4145, 432392.9325 4586555.3905, 432379.4535 4586601.1615, 432348.0435 4586683.7675, 432302.4679 4586814.6452))","POLYGON ((2.18976419993208 41.4300447689756, 2.18909300291582 41.430050649743, 2.18911510927132 41.4299956700584, 2.18971853964822 41.4287768494784, 2.18905298238572 41.4286958487491, 2.18922546979732 41.4279674337813, 2.19037530174727 41.4277279165512, 2.19043957118271 41.4277200819705, 2.19071222225538 41.4277164336656, 2.19087581240167 41.427717368154, 2.19070939109858 41.4281284777433, 2.19032426447003 41.4288698375454, 2.18976419993208 41.4300447689756))"
"09","Sant Andreu","60","Sant Andreu","192","053","POLYGON ((432156.1842 4586817.8302, 432076.8211 4586819.7226, 432094.0605 4586658.8405, 432129.3773 4586656.1302, 432146.0935 4586647.3755, 432156.7715 4586641.2335, 432186.1475 4586621.9195, 432215.5015 4586601.4155, 432227.9055 4586594.4235, 432235.6895 4586590.9995, 432255.2955 4586584.4425, 432241.6405 4586665.4455, 432297.3355 4586673.9175, 432248.183 4586809.702, 432246.3931 4586815.8231, 432156.1842 4586817.8302))","POLYGON ((2.18801321917347 41.4300611124556, 2.18706324325961 41.4300714492171, 2.1872876246462 41.4286238969635, 2.1877105669304 41.4286024711022, 2.18791159315269 41.4285250327663, 2.18804006642882 41.428470615806, 2.18839377631071 41.4282991417398, 2.18874735449441 41.4281169467793, 2.18889657652589 41.4280550188313, 2.18899011107518 41.4280248367245, 2.18922546979732 41.4279674337813, 2.18905298238572 41.4286958487491, 2.18971853964822 41.4287768494784, 2.18911510927132 41.4299956700584, 2.18909300291582 41.430050649743, 2.18801321917347 41.4300611124556))"
"09","Sant Andreu","60","Sant Andreu","192","054","POLYGON ((432076.8211 4586819.7226, 431870.9065 4586824.8575, 431860.9715 4586663.6975, 431884.6395 4586663.7295, 432094.0605 4586658.8405, 432076.8211 4586819.7226))","POLYGON ((2.18706324325961 41.4300714492171, 2.18459842035427 41.4301002578654, 2.18449769047574 41.4286479032416, 2.18478092297231 41.4286501988554, 2.1872876246462 41.4286238969635, 2.18706324325961 41.4300714492171))"
"09","Sant Andreu","61","la Sagrera","193","055","POLYGON ((431948.7995 4586662.2775, 431884.6395 4586663.7295, 431833.9556 4586663.712, 431850.2954 4586630.726, 431957.5315 4586410.0535, 431999.2136 4586322.8575, 432036.6735 4586340.6795, 432057.1133 4586379.0867, 432047.2548 4586400.5859, 432026.9402 4586443.2348, 432009.9195 4586477.5764, 432001.1285 4586473.3165, 431988.0765 4586500.6096, 431998.9367 4586505.8476, 431997.4297 4586509.3035, 432005.6108765 4586513.253244, 431991.8877 4586540.9906, 432004.1168 4586547.0138, 431992.32328 4586571.2861355, 432022.3095 4586586.0495, 432005.3615 4586622.0235, 431985.5265 4586661.2475, 431948.7995 4586662.2775))","POLYGON ((2.18554889239434 41.4286425594155, 2.18478092297231 41.4286501988554, 2.1841743882923 41.428645741633, 2.18437364592973 41.4283500346934, 2.18568177552548 41.4263716042235, 2.18619037678996 41.4255897890035, 2.18663663711499 41.425753475779, 2.18687691454267 41.4261011254316, 2.18675652564186 41.4262939275644, 2.18650863367949 41.4266763330186, 2.1863010903077 41.4269841956726, 2.1861963697459 41.4269450840953, 2.18603710956998 41.4271897987524, 2.18616648209826 41.4272378950562, 2.18614805942463 41.4272688935907, 2.1862455177157 41.4273051601266, 2.18607817497818 41.4275538192678, 2.18622384138054 41.4276091034332, 2.18607997956435 41.4278267176458, 2.18643716172441 41.4279622244013, 2.18623030022513 41.4282847954377, 2.18598852215449 41.4286363932455, 2.18554889239434 41.4286425594155))"
"09","Sant Andreu","61","la Sagrera","193","056","POLYGON ((432155.4915 4586394.2015, 432077.6365 4586417.6515, 432036.6735 4586340.6795, 431999.2136 4586322.8575, 432006.0803 4586309.8253, 432025.9736 4586260.9953, 432029.3635 4586250.9435, 432062.0335 4586274.9975, 432103.5555 4586280.6575, 432157.7475 4586289.8075, 432162.3285 4586305.2195, 432176.0495 4586341.8845, 432179.5275 4586346.0334, 432194.1415 4586384.4845, 432170.783 4586391.7932, 432162.528 4586392.8648, 432155.4915 4586394.2015))","POLYGON ((2.18805247005449 41.4262455739651, 2.18711817482594 41.4264502010864, 2.18663663711499 41.425753475779, 2.18619037678996 41.4255897890035, 2.18627401262908 41.4254729936239, 2.18651755469837 41.425034881839, 2.18655924951956 41.4249446354943, 2.18694748829103 41.4251640452869, 2.18744372226614 41.4252185334116, 2.18809118029638 41.4253055227503, 2.18814426942515 41.4254447203311, 2.18830434851084 41.4257761082704, 2.18834550272953 41.42581376966, 2.18851606958731 41.4261613194965, 2.18823572776675 41.4262251745288, 2.1881368231359 41.426234129001, 2.18805247005449 41.4262455739651))"
"09","Sant Andreu","61","la Sagrera","193","057","POLYGON ((432214.1265 4586270.7095, 432213.1355 4586298.8985, 432103.5555 4586280.6575, 432062.0335 4586274.9975, 432029.3635 4586250.9435, 432044.5895 4586194.3295, 432051.5175 4586156.7365, 432054.2375 4586135.6515, 432056.8795 4586112.7915, 432058.4235 4586073.6735, 432057.9585 4586028.5945, 432184.9607 4586010.3983, 432185.142 4586041.092, 432184.092 4586083.995, 432181.8779 4586142.8836, 432217.2495 4586143.756, 432214.1265 4586270.7095))","POLYGON ((2.18876797762381 41.4251382726753, 2.18875295861568 41.4253920779875, 2.18744372226614 41.4252185334116, 2.18694748829103 41.4251640452869, 2.18655924951956 41.4249446354943, 2.18674781216939 41.4244360203721, 2.18683493898078 41.4240980188464, 2.18686985634253 41.4239083433723, 2.18690403957223 41.4237026744523, 2.18692691047431 41.4233504822861, 2.18692641111331 41.4229444314591, 2.18844816144094 41.4227912745303, 2.1884468887651 41.423067737857, 2.18842951296706 41.4234540623602, 2.18839641423853 41.4239842655607, 2.18881958022779 41.4239951081457, 2.18876797762381 41.4251382726753))"
"09","Sant Andreu","61","la Sagrera","193","058","POLYGON ((432301.4518475 4586207.5749955, 432300.1004 4586211.9681, 432215.5617 4586211.1065, 432217.2495 4586143.756, 432181.8779 4586142.8836, 432184.092 4586083.995, 432185.142 4586041.092, 432184.9607 4586010.3983, 432402.9315 4585979.2395, 432412.5845 4585982.6055, 432406.8435 4586137.9045, 432405.0905 4586201.5485, 432359.4449 4586210.3895, 432357.1042 4586208.1692, 432348.178 4586207.953, 432348.162 4586208.603, 432309.783 4586207.602, 432309.809 4586206.953, 432302.385 4586206.659, 432302.3552 4586207.5997, 432301.4518475 4586207.5749955))","POLYGON ((2.18982001795316 41.4245770047783, 2.18980335423932 41.4246164581353, 2.18879183358861 41.4246015693673, 2.18881958022779 41.4239951081457, 2.18839641423853 41.4239842655607, 2.18842951296706 41.4234540623602, 2.1884468887651 41.423067737857, 2.18844816144094 41.4227912745303, 2.19105988081511 41.4225290064712, 2.19117501187064 41.4225601350614, 2.191088956173 41.4239583797407, 2.19106086480688 41.424531452985, 2.19051366639577 41.4246072390428, 2.19048590520435 41.4245870444454, 2.19037911563022 41.4245843455662, 2.19037885144476 41.4245901985553, 2.18991970813669 41.4245779500168, 2.18992009191451 41.4245721068784, 2.18983128690519 41.4245688333444, 2.18983082498891 41.4245773034081, 2.18982001795316 41.4245770047783))"
"09","Sant Andreu","61","la Sagrera","193","059","POLYGON ((432265.8955 4586362.8355, 432251.379 4586367.156, 432234.5355 4586322.5075, 432226.0735 4586301.0315, 432213.1355 4586298.8985, 432214.5815 4586255.3775, 432215.5617 4586211.1065, 432300.1004 4586211.9681, 432301.452 4586207.5745, 432302.3550095 4586207.5996945, 432302.385 4586206.659, 432309.809 4586206.953, 432309.783 4586207.602, 432348.162 4586208.603, 432348.178 4586207.953, 432357.1042 4586208.1692, 432359.4449 4586210.3895, 432405.0905 4586201.5485, 432401.4105 4586321.5335, 432314.4415 4586348.3035, 432265.8955 4586362.8355))","POLYGON ((2.18937714665823 41.4259723875429, 2.1892029498161 41.4260100767169, 2.18900639490957 41.4256065218745, 2.18890754162545 41.4254123808347, 2.18875295861568 41.4253920779875, 2.18877514117143 41.4250002208457, 2.18879183358861 41.4246015693673, 2.18980335423932 41.4246164581353, 2.1898200198335 41.4245770003284, 2.18983082270994 41.4245773033425, 2.18983128690519 41.4245688333444, 2.18992009191451 41.4245721068784, 2.18991970813669 41.4245779500168, 2.19037885144476 41.4245901985553, 2.19037911563022 41.4245843455662, 2.19048590520435 41.4245870444454, 2.19051366639577 41.4246072390428, 2.19106086480688 41.424531452985, 2.19100341466277 41.4256118089073, 2.18995970268785 41.4258455944584, 2.18937714665823 41.4259723875429))"
"09","Sant Andreu","61","la Sagrera","193","060","POLYGON ((431987.0895 4586661.2035, 431985.5265 4586661.2475, 432005.3615 4586622.0235, 432032.2835 4586564.8795, 432068.1163 4586490.7556, 432108.2394 4586474.4227, 432077.6365 4586417.6515, 432155.4915 4586394.2015, 432162.528 4586392.8648, 432170.783 4586391.7932, 432194.1415 4586384.4845, 432179.5275 4586346.0334, 432176.0495 4586341.8845, 432162.3285 4586305.2195, 432157.7475 4586289.8075, 432226.0735 4586301.0315, 432234.5355 4586322.5075, 432251.379 4586367.156, 432314.4415 4586348.3035, 432401.4105 4586321.5335, 432394.7515 4586547.6605, 432392.9325 4586555.3905, 432379.2625 4586555.4145, 432356.4845 4586556.0325, 432351.1225 4586556.9525, 432267.6385 4586581.0815, 432258.3855 4586583.4015, 432235.6895 4586590.9995, 432227.9055 4586594.4235, 432215.5015 4586601.4155, 432186.1475 4586621.9195, 432156.7715 4586641.2335, 432146.0935 4586647.3755, 432129.3773 4586656.1302, 432094.0605 4586658.8405, 431987.0895 4586661.2035))","POLYGON ((2.18600723160409 41.4286361292976, 2.18598852215449 41.4286363932455, 2.18623030022513 41.4282847954377, 2.1865588998923 41.4277723974597, 2.1869960359925 41.427107819881, 2.18747801413254 41.4269641070834, 2.18711817482594 41.4264502010864, 2.18805247005449 41.4262455739651, 2.1881368231359 41.426234129001, 2.18823572776675 41.4262251745288, 2.18851606958731 41.4261613194965, 2.18834550272953 41.42581376966, 2.18830434851084 41.4257761082704, 2.18814426942515 41.4254447203311, 2.18809118029638 41.4253055227503, 2.18890754162545 41.4254123808347, 2.18900639490957 41.4256065218745, 2.1892029498161 41.4260100767169, 2.18995970268785 41.4258455944584, 2.19100341466277 41.4256118089073, 2.19089844458519 41.427647899705, 2.19087581240167 41.427717368154, 2.19071222225538 41.4277164336656, 2.19043957118271 41.4277200819705, 2.19037530174727 41.4277279165512, 2.18937355425586 41.427938203258, 2.18926256427789 41.4279583184391, 2.18899011107518 41.4280248367245, 2.18889657652589 41.4280550188313, 2.18874735449441 41.4281169467793, 2.18839377631071 41.4282991417398, 2.18804006642882 41.428470615806, 2.18791159315269 41.4285250327663, 2.1877105669304 41.4286024711022, 2.1872876246462 41.4286238969635, 2.18600723160409 41.4286361292976))"
"09","Sant Andreu","61","la Sagrera","194","061","POLYGON ((432647.7963 4586574.5181, 432647.3427 4586606.254, 432622.5572 4586604.7629, 432522.8265 4586571.7585, 432472.0015 4586563.4505, 432448.8905 4586560.1865, 432417.0645 4586557.5845, 432402.3695 4586555.7545, 432392.9325 4586555.3905, 432394.7515 4586547.6605, 432400.3245 4586361.6225, 432458.9525 4586343.4225, 432460.0427 4586261.9663, 432553.4083075 4586228.708731, 432554.278 4586226.311, 432597.423 4586210.622, 432597.119 4586202.809, 432596.752 4586200.287, 432618.764 4586192.254, 432632.609 4586247.037, 432628.487 4586248.275, 432632.34 4586262.624, 432642.61 4586306.332, 432650.403 4586315.754, 432660.346 4586324.555, 432686.5325 4586370.0835, 432712.6145 4586411.8475, 432759.4065 4586500.8615, 432727.1095 4586520.492, 432650.2095 4586568.4338, 432647.7963 4586574.5181))","POLYGON ((2.19392361167245 41.4279110543467, 2.19391464782389 41.4281968512182, 2.19361820612048 41.4281813427348, 2.19242841392363 41.4278757113434, 2.19182112277514 41.4277966128451, 2.19154492016043 41.4277652718823, 2.19116435228623 41.4277391594859, 2.19098870330089 41.4277214407886, 2.19087581240167 41.427717368154, 2.19089844458519 41.427647899705, 2.1909859369165 41.4259727859573, 2.19168954649589 41.425813795951, 2.19171169136584 41.4250802382388, 2.19283265286834 41.4247885422204, 2.19284332737741 41.4247670196481, 2.19336136491103 41.4246293349675, 2.19335859807523 41.4245589402848, 2.19335448756773 41.4245361946504, 2.19361878535882 41.4244656905416, 2.19377835529344 41.4249602645517, 2.19372889185977 41.424971069145, 2.19377339968853 41.4251006290904, 2.19389142576407 41.4254951541512, 2.19398363116624 41.4255806684575, 2.19410163400948 41.4256607697722, 2.19440992676159 41.4260730250143, 2.19471739182451 41.4264513650425, 2.19526743671883 41.4272570036367, 2.19487875988765 41.4274311050734, 2.19395316810044 41.4278564573765, 2.19392361167245 41.4279110543467))"
"09","Sant Andreu","61","la Sagrera","194","062","POLYGON ((432790.1898 4586481.238, 432759.4065 4586500.8615, 432712.6145 4586411.8475, 432686.5325 4586370.0835, 432660.346 4586324.555, 432650.403 4586315.754, 432642.61 4586306.332, 432632.34 4586262.624, 432628.487 4586248.275, 432632.609 4586247.037, 432618.764 4586192.254, 432596.752 4586200.287, 432597.119 4586202.809, 432597.423 4586210.622, 432554.278 4586226.311, 432553.4083075 4586228.708731, 432460.0427 4586261.9663, 432458.9525 4586343.4225, 432400.3245 4586361.6225, 432406.8435 4586137.9045, 432412.5845 4585982.6055, 432469.3937 4585998.5364, 432516.5943 4585997.0878, 432522.1217 4585996.4798, 432521.9861 4586000.3116, 432534.1963 4586014.3441, 432555.8379 4586008.4325, 432733.5536 4585964.3434, 432750.3127 4585960.7184, 432772.7144 4585955.2228, 432776.5727 4585967.4537, 432782.8171 4585989.1838, 432782.2731 4585992.4588, 432808.5236 4586185.8665, 432809.979 4586189.299, 432821.544 4586238.311, 432857.039 4586397.262, 432863.726 4586416.861, 432865.7136 4586425.506, 432855.5413 4586433.8674, 432814.3167 4586462.7153, 432790.1898 4586481.238))","POLYGON ((2.1956379965733 41.4270828372622, 2.19526743671883 41.4272570036367, 2.19471739182451 41.4264513650425, 2.19440992676159 41.4260730250143, 2.19410163400948 41.4256607697722, 2.19398363116624 41.4255806684575, 2.19389142576407 41.4254951541512, 2.19377339968853 41.4251006290904, 2.19372889185977 41.424971069145, 2.19377835529344 41.4249602645517, 2.19361878535882 41.4244656905416, 2.19335448756773 41.4245361946504, 2.19335859807523 41.4245589402848, 2.19336136491103 41.4246293349675, 2.19284332737741 41.4247670196481, 2.19283265286834 41.4247885422204, 2.19171169136584 41.4250802382388, 2.19168954649589 41.425813795951, 2.1909859369165 41.4259727859573, 2.191088956173 41.4239583797407, 2.19117501187064 41.4225601350614, 2.19185300895653 41.42270839662, 2.19241797206339 41.4226993155983, 2.19248418066108 41.4226943037983, 2.19248213050069 41.4227288042027, 2.19262667202316 41.4228562158667, 2.1928862949282 41.4228047890319, 2.19501774603449 41.4224225915457, 2.19521868748246 41.422391345295, 2.19548735562899 41.4223437229555, 2.19553216412755 41.4224542056758, 2.19560446889001 41.4226504443273, 2.19559759536469 41.4226798957108, 2.19589021767844 41.4244240538583, 2.19590725202395 41.4244550910265, 2.196040197126 41.4248974937909, 2.19644729312143 41.426332082544, 2.19652513786555 41.4265091634026, 2.19654796293017 41.4265871922816, 2.19642530543533 41.4266616505575, 2.19592877657446 41.4269180275252, 2.1956379965733 41.4270828372622))"
"09","Sant Andreu","61","la Sagrera","195","063","POLYGON ((432534.617343 4586014.2290885, 432534.1963 4586014.3441, 432521.9861 4586000.3116, 432522.121692 4585996.480034, 432516.5943 4585997.0878, 432469.3937 4585998.5364, 432412.5845 4585982.6055, 432402.9315 4585979.2395, 432237.8921 4586002.8076, 432239.673 4585924.5611, 432256.9831 4585924.0911, 432342.6055 4585837.1695, 432307.5975 4585767.5555, 432295.2875 4585734.4455, 432359.9056 4585711.719, 432384.6319 4585706.1789, 432410.8519 4585696.4589, 432420.056200001 4585692.6218, 432429.1095 4585396.3055, 432428.3945 4585358.5475, 432426.5855 4585333.3755, 432420.7935 4585286.9415, 432408.1955 4585229.7395, 432399.7915 4585203.5892, 432507.8529 4585091.8483, 432587.409 4585169.5935, 432603.0942 4585185.5173, 432585.528 4585245.0555, 432582.5833 4585258.9186, 432578.2032 4585287.7261, 432578.2613 4585305.1596, 432579.6064 4585323.7593, 432583.6575 4585341.737, 432600.3265 4585401.0795, 432647.551 4585564.7385, 432750.3127 4585960.7184, 432733.5540755 4585964.343297, 432555.8379 4586008.4325, 432534.617343 4586014.2290885))","POLYGON ((2.19263172305862 41.4228552153518, 2.19262667202316 41.4228562158667, 2.19248213050069 41.4227288042027, 2.19248418053924 41.4226943059052, 2.19241797206339 41.4226993155983, 2.19185300895653 41.42270839662, 2.19117501187064 41.4225601350614, 2.19105988081511 41.4225290064712, 2.18908238839302 41.4227273737376, 2.18911246615769 41.422022783364, 2.18931964879111 41.4220200099533, 2.19035391782124 41.4212443501312, 2.18994281431546 41.4206144106355, 2.18979922450784 41.4203151623554, 2.19057495639177 41.4201159144822, 2.19087143830878 41.4200680977419, 2.19118625976638 41.4199827588602, 2.19129682235946 41.4199489735353, 2.19143825265645 41.4172809078758, 2.19143391559483 41.4169407733145, 2.19141508302453 41.4167139048938, 2.19135096996486 41.4162952013428, 2.19120662894104 41.4157789412955, 2.19110899979964 41.4155427068128, 2.19241438465955 41.4145453739525, 2.19335756897248 41.4152522785594, 2.19354346228927 41.4153970149574, 2.19332665400931 41.4159317837793, 2.19328987643111 41.4160563974074, 2.1932342588087 41.4163154901838, 2.19323301087832 41.4164725132024, 2.19324703174018 41.4166401477992, 2.19329349900971 41.4168024072541, 2.19348632972488 41.4173382850514, 2.19403314709406 41.4188162705424, 2.19521868748246 41.422391345295, 2.19501775173575 41.4224225906579, 2.1928862949282 41.4228047890319, 2.19263172305862 41.4228552153518))"
"09","Sant Andreu","61","la Sagrera","195","064","POLYGON ((432359.9056 4585711.719, 432295.2875 4585734.4455, 432283.1325 4585702.8295, 432323.6085 4585661.1605, 432227.0415 4585567.9595, 432318.6586 4585472.978, 432413.1545 4585373.7645, 432428.3945 4585358.5475, 432429.1095 4585396.3055, 432420.056200001 4585692.6218, 432410.8519 4585696.4589, 432384.6319 4585706.1789, 432359.9056 4585711.719))","POLYGON ((2.19057495639177 41.4201159144822, 2.18979922450784 41.4203151623554, 2.18965732337241 41.4200293829314, 2.19014630087253 41.4196574938937, 2.18900128047878 41.4188099232176, 2.19010813084999 41.4179621773972, 2.19124986998405 41.4170765463867, 2.19143391559483 41.4169407733145, 2.19143825265645 41.4172809078758, 2.19129682235946 41.4199489735353, 2.19118625976638 41.4199827588602, 2.19087143830878 41.4200680977419, 2.19057495639177 41.4201159144822))"
"09","Sant Andreu","61","la Sagrera","195","065","POLYGON ((432231.3928 4585758.8892, 432143.4415 4585847.3375, 432054.9625 4585761.8295, 432054.7725 4585744.6345, 432079.4535 4585719.9575, 432227.0415 4585567.9595, 432323.6085 4585661.1605, 432283.1325 4585702.8295, 432231.3928 4585758.8892))","POLYGON ((2.18903195142875 41.4205299322252, 2.18796964008665 41.4213191340162, 2.18692053262897 41.4205415142201, 2.18692019095071 41.4203866284564, 2.18721828373262 41.4201664575748, 2.18900128047878 41.4188099232176, 2.19014630087253 41.4196574938937, 2.18965732337241 41.4200293829314, 2.18903195142875 41.4205299322252))"
"09","Sant Andreu","61","la Sagrera","195","066","POLYGON ((432256.9831 4585924.0911, 432239.673 4585924.5611, 432224.2742 4585924.2436, 432143.4415 4585847.3375, 432231.3928 4585758.8892, 432283.1325 4585702.8295, 432307.5975 4585767.5555, 432342.6055 4585837.1695, 432256.9831 4585924.0911))","POLYGON ((2.18931964879111 41.4220200099533, 2.18911246615769 41.422022783364, 2.18892824209064 41.4220186248825, 2.18796964008665 41.4213191340162, 2.18903195142875 41.4205299322252, 2.18965732337241 41.4200293829314, 2.18994281431546 41.4206144106355, 2.19035391782124 41.4212443501312, 2.18931964879111 41.4220200099533))"
"09","Sant Andreu","61","la Sagrera","195","067","POLYGON ((432184.9607 4586010.3983, 432057.9585 4586028.5945, 432054.9625 4585761.8295, 432143.4415 4585847.3375, 432224.2742 4585924.2436, 432239.673 4585924.5611, 432237.8921 4586002.8076, 432184.9607 4586010.3983))","POLYGON ((2.18844816144094 41.4227912745303, 2.18692641111331 41.4229444314591, 2.18692053262897 41.4205415142201, 2.18796964008665 41.4213191340162, 2.18892824209064 41.4220186248825, 2.18911246615769 41.422022783364, 2.18908238839302 41.4227273737376, 2.18844816144094 41.4227912745303))"
"09","Sant Andreu","61","la Sagrera","196","068","POLYGON ((431933.1175 4586037.1715, 431809.0025 4586055.2535, 431807.9395 4585999.2395, 432054.7725 4585744.6345, 432057.9585 4586028.5945, 432035.9985 4586022.4885, 431933.1175 4586037.1715))","POLYGON ((2.18543159768873 41.4230111144043, 2.18394439700152 41.4231634478178, 2.18393799365726 41.422658858549, 2.18692019095071 41.4203866284564, 2.18692641111331 41.4229444314591, 2.18666432384826 41.4228875793519, 2.18543159768873 41.4230111144043))"
"09","Sant Andreu","61","la Sagrera","196","069","POLYGON ((432044.5895 4586194.3295, 432029.3635 4586250.9435, 431983.0495 4586221.3155, 431979.6735 4586218.0915, 431938.4435 4586036.4005, 432035.9985 4586022.4885, 432057.9585 4586028.5945, 432058.4235 4586073.6735, 432056.8795 4586112.7915, 432051.5175 4586156.7365, 432044.5895 4586194.3295))","POLYGON ((2.18674781216939 41.4244360203721, 2.18655924951956 41.4249446354943, 2.18600837174316 41.4246738662061, 2.18596833611691 41.4246445428896, 2.18549541546665 41.4230046214851, 2.18666432384826 41.4228875793519, 2.18692641111331 41.4229444314591, 2.18692691047431 41.4233504822861, 2.18690403957223 41.4237026744523, 2.18683493898078 41.4240980188464, 2.18674781216939 41.4244360203721))"
"09","Sant Andreu","61","la Sagrera","196","070","POLYGON ((432006.0803 4586309.8253, 431999.2136 4586322.8575, 431979.1304 4586312.8981, 431907.1295 4586309.7595, 431902.0245 4586225.9835, 431896.0435 4586144.6475, 431960.9005 4586135.2395, 431979.6735 4586218.0915, 431983.0495 4586221.3155, 432029.3635 4586250.9435, 432025.9736 4586260.9953, 432006.0803 4586309.8253))","POLYGON ((2.18627401262908 41.4254729936239, 2.18619037678996 41.4255897890035, 2.18595117178699 41.4254983878069, 2.18508992849551 41.4254640197298, 2.18503827489979 41.424709045147, 2.18497586516833 41.4239759724451, 2.1857530151458 41.4238967332201, 2.18596833611691 41.4246445428896, 2.18600837174316 41.4246738662061, 2.18655924951956 41.4249446354943, 2.18651755469837 41.425034881839, 2.18627401262908 41.4254729936239))"
"09","Sant Andreu","61","la Sagrera","196","071","POLYGON ((431913.2915 4586501.1115, 431850.2954 4586630.726, 431834.3775 4586457.7025, 431832.2755 4586307.5275, 431849.2055 4586306.6835, 431907.1295 4586309.7595, 431979.1304 4586312.8981, 431999.2136 4586322.8575, 431957.5315 4586410.0535, 431913.2915 4586501.1115))","POLYGON ((2.18514211719946 41.4271879838788, 2.18437364592973 41.4283500346934, 2.18420266498105 41.4267903213895, 2.18419444250894 41.4254375685506, 2.1843971297712 41.4254314033643, 2.18508992849551 41.4254640197298, 2.18595117178699 41.4254983878069, 2.18619037678996 41.4255897890035, 2.18568177552548 41.4263716042235, 2.18514211719946 41.4271879838788))"
"09","Sant Andreu","61","la Sagrera","196","072","POLYGON ((431906.4335 4586298.3535, 431907.1295 4586309.7595, 431849.2055 4586306.6835, 431832.2755 4586307.5275, 431832.3725 4586227.7775, 431822.5585 4586155.3315, 431896.0435 4586144.6475, 431902.0245 4586225.9835, 431906.4335 4586298.3535))","POLYGON ((2.18508288436583 41.4253612307882, 2.18508992849551 41.4254640197298, 2.1843971297712 41.4254314033643, 2.18419444250894 41.4254375685506, 2.18420459421997 41.4247192958857, 2.18409532511209 41.4240659667385, 2.18497586516833 41.4239759724451, 2.18503827489979 41.424709045147, 2.18508288436583 41.4253612307882))"
"09","Sant Andreu","61","la Sagrera","196","073","POLYGON ((431895.4775 4586144.7295, 431822.5585 4586155.3315, 431809.0025 4586055.2535, 431938.4435 4586036.4005, 431960.9005 4586135.2395, 431895.4775 4586144.7295))","POLYGON ((2.18496908306843 41.42397666301, 2.18409532511209 41.4240659667385, 2.18394439700152 41.4231634478178, 2.18549541546665 41.4230046214851, 2.1857530151458 41.4238967332201, 2.18496908306843 41.42397666301))"
"09","Sant Andreu","62","el Congrés i els Indians","197","074","POLYGON ((431832.2755 4586307.5275, 431677.2715 4586320.8615, 431647.6375 4586292.4795, 431585.7115 4586229.9015, 431641.5115 4586171.2675, 431710.4835 4586099.8695, 431725.5729 4586085.1988, 431807.9395 4585999.2395, 431809.0025 4586055.2535, 431832.3725 4586227.7775, 431832.2755 4586307.5275))","POLYGON ((2.18419444250894 41.4254375685506, 2.18233808763629 41.4255444952958, 2.18198668173493 41.4252863476197, 2.18125272961873 41.4247174580679, 2.18192707881671 41.4241941120118, 2.18276047649892 41.423556920656, 2.18294269431736 41.4234260691842, 2.18393799365726 41.422658858549, 2.18394439700152 41.4231634478178, 2.18420459421997 41.4247192958857, 2.18419444250894 41.4254375685506))"
"09","Sant Andreu","62","el Congrés i els Indians","197","075","POLYGON ((431437.7995 4586577.5955, 431415.8683 4586582.384, 431457.1843 4586539.722, 431535.1986 4586461.1761, 431668.1216 4586325.612, 431677.2715 4586320.8615, 431832.2755 4586307.5275, 431834.3775 4586457.7025, 431843.2675 4586552.4525, 431437.7995 4586577.5955))","POLYGON ((2.17944334033106 41.4278364044136, 2.17918034899676 41.4278776604992, 2.17967960988237 41.4274969456668, 2.18062208803276 41.4267961636642, 2.18222805874852 41.4255865031518, 2.18233808763629 41.4255444952958, 2.18419444250894 41.4254375685506, 2.18420266498105 41.4267903213895, 2.18429836749692 41.4276444561763, 2.17944334033106 41.4278364044136))"
"09","Sant Andreu","62","el Congrés i els Indians","197","076","POLYGON ((431358.301 4586594.9534, 431258.3885 4586616.7685, 431251.6095 4586524.4205, 431252.1984 4586499.7306, 431351.4755 4586396.9415, 431388.5695 4586433.3285, 431445.7905 4586374.0855, 431535.1986 4586461.1761, 431457.1843 4586539.722, 431415.8683 4586582.384, 431358.301 4586594.9534))","POLYGON ((2.17849002038164 41.4279859513114, 2.17729189641064 41.4281738879095, 2.17722127389902 41.4273415628256, 2.17723112865675 41.4271192402365, 2.17843082374677 41.4262019459576, 2.17887058289959 41.4265328397486, 2.17956204353875 41.4260041443894, 2.18062208803276 41.4267961636642, 2.17967960988237 41.4274969456668, 2.17918034899676 41.4278776604992, 2.17849002038164 41.4279859513114))"
"09","Sant Andreu","62","el Congrés i els Indians","197","077","POLYGON ((431668.1216 4586325.612, 431535.1986 4586461.1761, 431445.7905 4586374.0855, 431388.5695 4586433.3285, 431351.4755 4586396.9415, 431420.9035 4586325.0155, 431463.9075 4586281.0135, 431486.8775 4586256.0945, 431602.3072 4586136.2399, 431641.3435 4586171.4445, 431585.7115 4586229.9015, 431647.6375 4586292.4795, 431677.2715 4586320.8615, 431668.1216 4586325.612))","POLYGON ((2.18222805874852 41.4255865031518, 2.18062208803276 41.4267961636642, 2.17956204353875 41.4260041443894, 2.17887058289959 41.4265328397486, 2.17843082374677 41.4262019459576, 2.17926979779204 41.4255600641205, 2.17978939135229 41.425167423684, 2.18006708303883 41.4249449463545, 2.18146191359082 41.4238752937544, 2.18192504848146 41.4241956918943, 2.18125272961873 41.4247174580679, 2.18198668173493 41.4252863476197, 2.18233808763629 41.4255444952958, 2.18222805874852 41.4255865031518))"
"09","Sant Andreu","62","el Congrés i els Indians","198","078","POLYGON ((431435.7275 4586309.8175, 431423.1795 4586322.6805, 431387.5435 4586321.3735, 431328.0915 4586320.0995, 431332.4895 4586123.2962, 431343.3555 4586122.0195, 431395.5515 4586114.3155, 431437.906 4586108.685, 431490.4835 4586100.6515, 431590.3335 4586086.7935, 431592.4645 4586099.6045, 431602.3072 4586136.2399, 431486.8775 4586256.0945, 431463.9075 4586281.0135, 431435.7275 4586309.8175))","POLYGON ((2.17944891209615 41.4254244464829, 2.17929729829983 41.425539227899, 2.17887100982652 41.4255244133426, 2.17815972478317 41.4255078589011, 2.1782347028974 41.4237356975335, 2.17836487179532 41.4237251274238, 2.17899032980721 41.4236601991534, 2.17949778710163 41.4236131029305, 2.18012784540547 41.4235452333207, 2.18132422829976 41.4234289276986, 2.18134827874629 41.4235444933855, 2.18146191359082 41.4238752937544, 2.18006708303883 41.4249449463545, 2.17978939135229 41.425167423684, 2.17944891209615 41.4254244464829))"
"09","Sant Andreu","62","el Congrés i els Indians","198","079","POLYGON ((431265.0075 4586486.4415, 431252.1984 4586499.7306, 431256.5205 4586318.5385, 431152.9148 4586315.3941, 431165.8215 4586301.4835, 431191.5555 4586264.1735, 431332.8965 4586055.9284, 431332.4895 4586123.2962, 431328.0915 4586320.0995, 431387.5435 4586321.3735, 431423.1795 4586322.6805, 431265.0075 4586486.4415))","POLYGON ((2.17738592272379 41.427000646255, 2.17723112865675 41.4271192402365, 2.17730345143386 41.4254876781948, 2.17606401773184 41.4254504852227, 2.17622004855951 41.4253263034974, 2.17653223811466 41.4249924703833, 2.17824722312455 41.4231289743825, 2.1782347028974 41.4237356975335, 2.17815972478317 41.4255078589011, 2.17887100982652 41.4255244133426, 2.17929729829983 41.425539227899, 2.17738592272379 41.427000646255))"
"09","Sant Andreu","62","el Congrés i els Indians","198","080","POLYGON ((431343.3555 4586122.0195, 431332.4895 4586123.2962, 431332.8965 4586055.9284, 431362.9804 4586011.6042, 431411.0435 4586005.1395, 431424.7995 4586002.9695, 431501.23 4585993.0735, 431575.2155 4585982.4005, 431590.3335 4586086.7935, 431490.4835 4586100.6515, 431437.906 4586108.685, 431395.5515 4586114.3155, 431343.3555 4586122.0195))","POLYGON ((2.17836487179532 41.4237251274238, 2.1782347028974 41.4237356975335, 2.17824722312455 41.4231289743825, 2.1786122385155 41.4227323326504, 2.1791880921865 41.4226782120517, 2.17935294168285 41.4226598418808, 2.1802686250268 41.422577232129, 2.18115513743798 41.422487408666, 2.18132422829976 41.4234289276986, 2.18012784540547 41.4235452333207, 2.17949778710163 41.4236131029305, 2.17899032980721 41.4236601991534, 2.17836487179532 41.4237251274238))"
"09","Sant Andreu","62","el Congrés i els Indians","198","081","POLYGON ((431641.5115 4586171.2675, 431641.3435 4586171.4445, 431602.3072 4586136.2399, 431592.4645 4586099.6045, 431590.3335 4586086.7935, 431575.2155 4585982.4005, 431649.5405 4585971.8425, 431641.9055 4585914.5175, 431635.2495 4585868.8915, 431755.9255 4585851.4795, 431806.0435 4585899.3165, 431807.9395 4585999.2395, 431725.5729 4586085.1988, 431710.4835 4586099.8695, 431641.5115 4586171.2675))","POLYGON ((2.18192707881671 41.4241941120118, 2.18192504848146 41.4241956918943, 2.18146191359082 41.4238752937544, 2.18134827874629 41.4235444933855, 2.18132422829976 41.4234289276986, 2.18115513743798 41.422487408666, 2.18204569693682 41.422398642996, 2.18196081722378 41.4218816868289, 2.1818863307077 41.4214701827548, 2.18333227143197 41.4213236179588, 2.18392657419745 41.4217587250428, 2.18393799365726 41.422658858549, 2.18294269431736 41.4234260691842, 2.18276047649892 41.423556920656, 2.18192707881671 41.4241941120118))"
"09","Sant Andreu","62","el Congrés i els Indians","198","082","POLYGON ((431387.2705 4586008.3365, 431362.9804 4586011.6042, 431516.1114 4585785.9883, 431531.5875 4585760.1175, 431538.7905 4585745.9329, 431542.8095 4585732.8115, 431545.8713 4585710.2598, 431545.0535 4585688.3095, 431536.0594 4585637.9199, 431575.5845 4585675.9775, 431648.7015 4585748.0395, 431755.9255 4585851.4795, 431635.2495 4585868.8915, 431641.9055 4585914.5175, 431649.5405 4585971.8425, 431501.23 4585993.0735, 431424.7995 4586002.9695, 431411.0435 4586005.1395, 431387.2705 4586008.3365))","POLYGON ((2.17890326326945 41.4227049764081, 2.1786122385155 41.4227323326504, 2.18047014558335 41.4207133560302, 2.18065825495175 41.4204816655944, 2.18074604838877 41.4203545235482, 2.18079562301323 41.420236686034, 2.18083481147109 41.4200338314646, 2.1808275105693 41.4198360629566, 2.18072559640427 41.4193814547557, 2.18119422197013 41.4197275934049, 2.18206095223213 41.4203828545467, 2.18333227143197 41.4213236179588, 2.1818863307077 41.4214701827548, 2.18196081722378 41.4218816868289, 2.18204569693682 41.422398642996, 2.1802686250268 41.422577232129, 2.17935294168285 41.4226598418808, 2.1791880921865 41.4226782120517, 2.17890326326945 41.4227049764081))"
"09","Sant Andreu","63","Navas","199","083","POLYGON ((431857.2185 4585948.5995, 431807.9395 4585999.2395, 431806.0435 4585899.3165, 431765.3755 4585860.6145, 431662.2815 4585760.9555, 431755.5765 4585666.2505, 431853.0799 4585758.4936, 431950.1952 4585659.365, 432046.0315 4585753.3765, 431857.2185 4585948.5995))","POLYGON ((2.18453336987944 41.4222069423806, 2.18393799365726 41.422658858549, 2.18392657419745 41.4217587250428, 2.18344431660278 41.4214066964237, 2.18222198460818 41.4205003396927, 2.18334899668654 41.4196552932685, 2.18450526982812 41.4204943714795, 2.18567846169115 41.4196097840726, 2.18681461793405 41.4204646255453, 2.18453336987944 41.4222069423806))"
"09","Sant Andreu","63","Navas","199","084","POLYGON ((431755.5765 4585666.2505, 431662.2815 4585760.9555, 431614.6155 4585714.7175, 431575.5845 4585675.9775, 431536.0594 4585637.9199, 431516.5011 4585528.3445, 431566.5675 4585480.5655, 431660.3165 4585572.2245, 431755.5765 4585666.2505))","POLYGON ((2.18334899668654 41.4196552932685, 2.18222198460818 41.4205003396927, 2.18165686321825 41.4200798342613, 2.18119422197013 41.4197275934049, 2.18072559640427 41.4193814547557, 2.18050398161782 41.4183928798247, 2.18110843952652 41.4179668160729, 2.1822197975838 41.4188003364137, 2.18334899668654 41.4196552932685))"
"09","Sant Andreu","63","Navas","199","085","POLYGON ((431674.7275 4585557.3895, 431660.3165 4585572.2245, 431566.5675 4585480.5655, 431516.5011 4585528.3445, 431515.3375 4585521.8255, 431506.4315 4585427.3275, 431506.0675 4585304.2355, 431512.1765 4585244.0295, 431754.7925 4585476.9705, 431738.6535 4585492.4015, 431674.7275 4585557.3895))","POLYGON ((2.18239390438394 41.418667948099, 2.1822197975838 41.4188003364137, 2.18110843952652 41.4179668160729, 2.18050398161782 41.4183928798247, 2.18049079708114 41.4183340662412, 2.18039493623288 41.4174821958122, 2.1804045189814 41.4163735168385, 2.18048442821633 41.4158317823788, 2.1833609726452 41.4179504451377, 2.18316612676382 41.4180880561479, 2.18239390438394 41.418667948099))"
"09","Sant Andreu","63","Navas","199","086","POLYGON ((431950.1952 4585659.365, 431853.0799 4585758.4936, 431755.5765 4585666.2505, 431660.3165 4585572.2245, 431738.6535 4585492.4015, 431754.7925 4585476.9705, 431950.1952 4585659.365))","POLYGON ((2.18567846169115 41.4196097840726, 2.18450526982812 41.4204943714795, 2.18334899668654 41.4196552932685, 2.1822197975838 41.4188003364137, 2.18316612676382 41.4180880561479, 2.1833609726452 41.4179504451377, 2.18567846169115 41.4196097840726))"
"09","Sant Andreu","63","Navas","199","087","POLYGON ((431939.1485 4585479.1435, 431852.1994 4585567.6971, 431754.7925 4585476.9705, 431842.5328 4585387.6772, 431939.1485 4585479.1435))","POLYGON ((2.18556656340363 41.4179856528703, 2.18451623227546 41.4187758564046, 2.1833609726452 41.4179504451377, 2.18442085415353 41.4171536569197, 2.18556656340363 41.4179856528703))"
"09","Sant Andreu","63","Navas","199","088","POLYGON ((432050.4505 4585363.8505, 431939.1485 4585479.1435, 431842.5328 4585387.6772, 432047.9889 4585178.5845, 432047.9615 4585210.4915, 432049.4015 4585239.4095, 432050.4505 4585363.8505))","POLYGON ((2.18691125408238 41.4169566659538, 2.18556656340363 41.4179856528703, 2.18442085415353 41.4171536569197, 2.1869026125664 41.4152878267598, 2.18689870068211 41.4155752005243, 2.18691268150425 41.4158357773956, 2.18691125408238 41.4169566659538))"
"09","Sant Andreu","63","Navas","199","089","POLYGON ((432046.0585 4585753.3485, 431950.1952 4585659.365, 431852.1994 4585567.6971, 431939.1485 4585479.1435, 432050.4505 4585363.8505, 432052.3775 4585517.3295, 432053.3725 4585573.9155, 432054.7725 4585744.6345, 432046.0585 4585753.3485))","POLYGON ((2.18681494415004 41.420464375642, 2.18567846169115 41.4196097840726, 2.18451623227546 41.4187758564046, 2.18556656340363 41.4179856528703, 2.18691125408238 41.4169566659538, 2.18691706964213 41.4183391643352, 2.18692261827009 41.4188489000875, 2.18692019095071 41.4203866284564, 2.18681494415004 41.420464375642))"
"09","Sant Andreu","63","Navas","200","090","POLYGON ((432132.7535 4585473.8235, 432053.0015 4585552.8395, 432050.3935 4585359.7575, 432049.4015 4585239.4095, 432047.9615 4585210.4915, 432047.9675 4585204.2795, 432131.1635 4585284.5595, 432225.9195 4585378.4575, 432132.7535 4585473.8235))","POLYGON ((2.18788366323063 41.4179541125369, 2.18692054680944 41.4186590440746, 2.18691103186019 41.4169197968097, 2.18691268150425 41.4158357773956, 2.18689870068211 41.4155752005243, 2.1868994702565 41.4155192515478, 2.18788587416519 41.4162493383855, 2.18900908883396 41.4171030449132, 2.18788366323063 41.4179541125369))"
"09","Sant Andreu","63","Navas","200","091","POLYGON ((432079.4535 4585719.9575, 432054.7725 4585744.6345, 432053.0015 4585552.8395, 432132.7535 4585473.8235, 432227.0415 4585567.9595, 432079.4535 4585719.9575))","POLYGON ((2.18721828373262 41.4201664575748, 2.18692019095071 41.4203866284564, 2.18692054680944 41.4186590440746, 2.18788366323063 41.4179541125369, 2.18900128047878 41.4188099232176, 2.18721828373262 41.4201664575748))"
"09","Sant Andreu","63","Navas","200","092","POLYGON ((432318.6586 4585472.978, 432227.0415 4585567.9595, 432132.7535 4585473.8235, 432225.9195 4585378.4575, 432255.2535 4585349.1035, 432273.8995 4585329.8975, 432320.7635 4585283.1785, 432413.1545 4585373.7645, 432318.6586 4585472.978))","POLYGON ((2.19010813084999 41.4179621773972, 2.18900128047878 41.4188099232176, 2.18788366323063 41.4179541125369, 2.18900908883396 41.4171030449132, 2.18936335593907 41.4168411363253, 2.18958860372284 41.4166697257063, 2.1901545522324 41.4162528907939, 2.19124986998405 41.4170765463867, 2.19010813084999 41.4179621773972))"
"09","Sant Andreu","63","Navas","200","093","POLYGON ((432239.4015 4585365.1135, 432225.9195 4585378.4575, 432131.1635 4585284.5595, 432225.2755 4585188.8605, 432244.4015 4585208.3415, 432320.7635 4585283.1785, 432273.8995 4585329.8975, 432239.4015 4585365.1135))","POLYGON ((2.18917189499078 41.4169839967426, 2.18900908883396 41.4171030449132, 2.18788587416519 41.4162493383855, 2.18902262579908 41.4153953507799, 2.18924927934858 41.4155724227829, 2.1901545522324 41.4162528907939, 2.18958860372284 41.4166697257063, 2.18917189499078 41.4169839967426))"
"09","Sant Andreu","63","Navas","200","094","POLYGON ((432428.3945 4585358.5475, 432413.1545 4585373.7645, 432244.4015 4585208.3415, 432225.2755 4585188.8605, 432318.667 4585092.9309, 432388.4125 4585162.1335, 432399.7915 4585203.5892, 432408.1955 4585229.7395, 432420.7935 4585286.9415, 432426.5855 4585333.3755, 432428.3945 4585358.5475))","POLYGON ((2.19143391559483 41.4169407733145, 2.19124986998405 41.4170765463867, 2.18924927934858 41.4155724227829, 2.18902262579908 41.4153953507799, 2.19015075304653 41.4145392139247, 2.19097748721229 41.4151683709949, 2.19110899979964 41.4155427068128, 2.19120662894104 41.4157789412955, 2.19135096996486 41.4162952013428, 2.19141508302453 41.4167139048938, 2.19143391559483 41.4169407733145))"
"09","Sant Andreu","63","Navas","200","095","POLYGON ((432225.2755 4585188.8605, 432131.1635 4585284.5595, 432047.9675 4585204.2795, 432047.9889 4585178.5845, 432138.9591 4585086.0042, 432224.439 4584998.1377, 432318.667 4585092.9309, 432225.2755 4585188.8605))","POLYGON ((2.18902262579908 41.4153953507799, 2.18788587416519 41.4162493383855, 2.1868994702565 41.4155192515478, 2.1869026125664 41.4152878267598, 2.18800142021896 41.4144616725396, 2.18903398432622 41.4136775001742, 2.19015075304653 41.4145392139247, 2.18902262579908 41.4153953507799))"
"09","Sant Andreu","61","la Sagrera","193","156","POLYGON ((432032.2835 4586564.8795, 432022.3095 4586586.0495, 431992.3232 4586571.2863, 432004.11676 4586547.013882, 431991.8880985 4586540.9907965, 432005.6112 4586513.2534, 431997.430128 4586509.3037065, 431998.936608 4586505.847811, 431988.0765 4586500.6096, 432001.1285 4586473.3165, 432009.9195 4586477.5764, 432026.9402 4586443.2348, 432047.2548 4586400.5859, 432057.1133 4586379.0867, 432090.9815 4586442.7285, 432108.2394 4586474.4227, 432068.1163 4586490.7556, 432032.2835 4586564.8795))","POLYGON ((2.1865588998923 41.4277723974597, 2.18643716172441 41.4279622244013, 2.18607997858849 41.4278267191206, 2.18622384089265 41.4276091041684, 2.18607817972487 41.4275538210714, 2.18624552156941 41.427305161559, 2.18614806452319 41.4272688954868, 2.18616648097359 41.4272378969488, 2.18603710956998 41.4271897987524, 2.1861963697459 41.4269450840953, 2.1863010903077 41.4269841956726, 2.18650863367949 41.4266763330186, 2.18675652564186 41.4262939275644, 2.18687691454267 41.4261011254316, 2.18727505315074 41.4266771893938, 2.18747801413254 41.4269641070834, 2.1869960359925 41.427107819881, 2.1865588998923 41.4277723974597))"
"10","Sant Martí","64","el Camp de l'Arpa del Clot","201","001","POLYGON ((431926.4577 4585302.2668, 431901.1123 4585328.0608, 431839.7212 4585199.2797, 431841.9284 4585195.1059, 431861.4595 4585173.8695, 431883.7415 4585152.0205, 431972.4815 4585060.5775, 431982.5755 4585050.5955, 431987.1395 4585047.2435, 431992.7735 4585043.9195, 432005.3355 4585038.5655, 432029.9715 4585029.4575, 432046.5085 4585024.4805, 432048.0135 4585148.8775, 432047.9889 4585178.5845, 431926.4577 4585302.2668))","POLYGON ((2.18543462231704 41.4163915074029, 2.18512846586377 41.4166216780583, 2.18440844166057 41.4154565840968, 2.18443532024012 41.4154191792515, 2.18467139440457 41.4152295662103, 2.18494044945564 41.4150346683509, 2.18601246645891 41.414218587539, 2.18613435741922 41.4141295372502, 2.18618933972102 41.4140997331261, 2.18625712070871 41.414070271709, 2.18640801895881 41.4140231128779, 2.18670379644894 41.4139431640303, 2.18690221002396 41.4138997362418, 2.1869062437786 41.4150202674374, 2.1869026125664 41.4152878267598, 2.18543462231704 41.4163915074029))"
"10","Sant Martí","64","el Camp de l'Arpa del Clot","201","002","POLYGON ((431841.9284 4585195.1059, 431839.7212 4585199.2797, 431804.4375 4585125.4535, 431775.8915 4585064.6515, 431757.4465 4585027.3285, 431817.5275 4584986.8505, 431905.7925 4584928.5665, 431947.2815 4584900.1775, 432043.9415 4584836.8235, 432046.5085 4585024.4805, 432029.9715 4585029.4575, 432005.3355 4585038.5655, 431992.7735 4585043.9195, 431987.1395 4585047.2435, 431982.5755 4585050.5955, 431972.4815 4585060.5775, 431883.7415 4585152.0205, 431861.4595 4585173.8695, 431841.9284 4585195.1059))","POLYGON ((2.18443532024012 41.4154191792515, 2.18440844166057 41.4154565840968, 2.18399460776305 41.4147886622821, 2.18365992590386 41.4142386156972, 2.18344345260501 41.4139008935957, 2.18416684391476 41.4135414209361, 2.18522943067069 41.4130239591933, 2.18572900586705 41.4127717827617, 2.18689257542492 41.4122093522807, 2.18690221002396 41.4138997362418, 2.18670379644894 41.4139431640303, 2.18640801895881 41.4140231128779, 2.18625712070871 41.414070271709, 2.18618933972102 41.4140997331261, 2.18613435741922 41.4141295372502, 2.18601246645891 41.414218587539, 2.18494044945564 41.4150346683509, 2.18467139440457 41.4152295662103, 2.18443532024012 41.4154191792515))"
"10","Sant Martí","64","el Camp de l'Arpa del Clot","201","003","POLYGON ((431760.5567 4585279.7651, 431744.5025 4585295.1985, 431687.7724 4585241.5731, 431635.6605 4585107.6895, 431689.0175 4585072.9935, 431704.6655 4585061.5755, 431727.9995 4585046.9535, 431757.4465 4585027.3285, 431775.8915 4585064.6515, 431804.4375 4585125.4535, 431839.7212 4585199.2797, 431834.4124 4585206.1534, 431760.5567 4585279.7651))","POLYGON ((2.18345218899621 41.4161747711279, 2.18325836301529 41.4163124112038, 2.1825856557126 41.4158246045081, 2.18197728312486 41.4146143278655, 2.18261958884792 41.4143063696656, 2.18280809690188 41.4142048614433, 2.18308892411712 41.4140751485067, 2.18344345260501 41.4139008935957, 2.18365992590386 41.4142386156972, 2.18399460776305 41.4147886622821, 2.18440844166057 41.4154565840968, 2.18434414931606 41.4155180429665, 2.18345218899621 41.4161747711279))"
"10","Sant Martí","64","el Camp de l'Arpa del Clot","201","004","POLYGON ((431842.5328 4585387.6772, 431754.7925 4585476.9705, 431657.5086 4585383.5661, 431672.8134 4585369.0212, 431722.0315 4585319.0055, 431744.5025 4585295.1985, 431760.5567 4585279.7651, 431834.4124 4585206.1534, 431839.7212 4585199.2797, 431901.1123 4585328.0608, 431842.5328 4585387.6772))","POLYGON ((2.18442085415353 41.4171536569197, 2.1833609726452 41.4179504451377, 2.18220751652171 41.4171009148337, 2.18239228020832 41.4169712152907, 2.18298681530842 41.4165249239887, 2.18325836301529 41.4163124112038, 2.18345218899621 41.4161747711279, 2.18434414931606 41.4155180429665, 2.18440844166057 41.4154565840968, 2.18512846586377 41.4166216780583, 2.18442085415353 41.4171536569197))"
"10","Sant Martí","64","el Camp de l'Arpa del Clot","201","005","POLYGON ((431657.9175 4585383.1775, 431657.5086 4585383.5661, 431512.1765 4585244.0295, 431543.5795 4585084.0015, 431558.3035 4585017.3735, 431566.6675 4584981.4335, 431574.3995 4584970.1345, 431585.0695 4584976.5295, 431589.9095 4584983.9055, 431600.2055 4585002.2895, 431604.7235 4585013.9395, 431625.2055 4585077.3875, 431634.8935 4585105.8235, 431687.7724 4585241.5731, 431744.5025 4585295.1985, 431722.0315 4585319.0055, 431672.8134 4585369.0212, 431657.9175 4585383.1775))","POLYGON ((2.18221245288296 41.41709744962, 2.18220751652171 41.4171009148337, 2.18048442821633 41.4158317823788, 2.18087826396244 41.4143931394957, 2.18106196571129 41.4137942973643, 2.18116610050708 41.4134713099645, 2.18125988601626 41.4133702019644, 2.18138682123663 41.4134287079962, 2.18144389414859 41.4134955531914, 2.18156499969263 41.4136620081477, 2.18161773730349 41.4137673203552, 2.18185561943107 41.4143405183415, 2.18196831725038 41.4145974561743, 2.1825856557126 41.4158246045081, 2.18325836301529 41.4163124112038, 2.18298681530842 41.4165249239887, 2.18239228020832 41.4169712152907, 2.18221245288296 41.41709744962))"
"10","Sant Martí","64","el Camp de l'Arpa del Clot","202","006","POLYGON ((431539.8355 4585103.7425, 431512.1765 4585244.0295, 431372.04 4585105.8414, 431553.9065 4584925.8025, 431574.3995 4584970.1345, 431566.6675 4584981.4335, 431558.3035 4585017.3735, 431543.5795 4585084.0015, 431539.8355 4585103.7425))","POLYGON ((2.1808312352297 41.4145706211592, 2.18048442821633 41.4158317823788, 2.17882341651461 41.4145752136403, 2.18101971834535 41.4129691732788, 2.18125988601626 41.4133702019644, 2.18116610050708 41.4134713099645, 2.18106196571129 41.4137942973643, 2.18087826396244 41.4143931394957, 2.1808312352297 41.4145706211592))"
"10","Sant Martí","64","el Camp de l'Arpa del Clot","202","007","POLYGON ((431373.1355 4585104.6995, 431372.04 4585105.8414, 431188.066 4584924.4254, 431278.0085 4584831.4115, 431366.8415 4584924.1455, 431459.2896 4585019.2673, 431373.1355 4585104.6995))","POLYGON ((2.17883665310261 41.4145650224845, 2.17882341651461 41.4145752136403, 2.17664290431879 41.412925530058, 2.17772955394383 41.4120954811592, 2.17878183171628 41.4129382960295, 2.17987711831471 41.4138029158409, 2.17883665310261 41.4145650224845))"
"10","Sant Martí","64","el Camp de l'Arpa del Clot","202","008","POLYGON ((431234.0195 4584876.9035, 431188.066 4584924.4254, 431088.9155 4584826.6535, 431228.4356 4584683.5369, 431327.6935 4584780.0475, 431234.0195 4584876.9035))","POLYGON ((2.17719809964812 41.4125014496715, 2.17664290431879 41.412925530058, 2.17546779013762 41.4120364366702, 2.17715327175456 41.4107593842317, 2.17832981454423 41.4116371096693, 2.17719809964812 41.4125014496715))"
"10","Sant Martí","64","el Camp de l'Arpa del Clot","202","009","POLYGON ((431462.1275 4584826.1075, 431366.8415 4584924.1455, 431278.0085 4584831.4115, 431327.6935 4584780.0475, 431228.4356 4584683.5369, 431275.6375 4584635.1183, 431316.6475 4584675.9615, 431374.6135 4584732.2535, 431462.1275 4584826.1075))","POLYGON ((2.17993295339566 41.4120634319763, 2.17878183171628 41.4129382960295, 2.17772955394383 41.4120954811592, 2.17832981454423 41.4116371096693, 2.17715327175456 41.4107593842317, 2.17772348241484 41.4103273314897, 2.17820947629496 41.4106986980232, 2.17889658182986 41.4112106526551, 2.17993295339566 41.4120634319763))"
"10","Sant Martí","64","el Camp de l'Arpa del Clot","202","010","POLYGON ((431553.9065 4584925.8025, 431459.2896 4585019.2673, 431366.8415 4584924.1455, 431462.1275 4584826.1075, 431374.6135 4584732.2535, 431440.6495 4584663.6355, 431453.7455 4584693.2875, 431483.3975 4584756.4795, 431537.3235 4584873.9835, 431553.9065 4584925.8025))","POLYGON ((2.18101971834535 41.4129691732788, 2.17987711831471 41.4138029158409, 2.17878183171628 41.4129382960295, 2.17993295339566 41.4120634319763, 2.17889658182986 41.4112106526551, 2.17969440029289 41.4105982686802, 2.1798477180999 41.4108664514222, 2.18019531217178 41.4114381291883, 2.18082718036701 41.4125010442414, 2.18101971834535 41.4129691732788))"
"10","Sant Martí","64","el Camp de l'Arpa del Clot","202","011","POLYGON ((431440.6495 4584663.6355, 431374.6135 4584732.2535, 431316.6475 4584675.9615, 431275.6375 4584635.1183, 431371.3591 4584536.7493, 431389.6675 4584554.6525, 431410.3135 4584599.8875, 431440.6495 4584663.6355))","POLYGON ((2.17969440029289 41.4105982686802, 2.17889658182986 41.4112106526551, 2.17820947629496 41.4106986980232, 2.17772348241484 41.4103273314897, 2.17887982030239 41.4094495333229, 2.17909682307977 41.4096123445336, 2.17933869490586 41.4100215233221, 2.17969440029289 41.4105982686802))"
"10","Sant Martí","64","el Camp de l'Arpa del Clot","203","012","POLYGON ((431636.8525 4584596.0135, 431543.0495 4584693.9635, 431474.1795 4584629.2737, 431440.6495 4584663.6355, 431410.3135 4584599.8875, 431389.6675 4584554.6525, 431371.3591 4584536.7493, 431465.6866 4584440.167, 431567.4675 4584533.1305, 431636.8525 4584596.0135))","POLYGON ((2.18204935897702 41.4100059312821, 2.1809160543596 41.4108801511417, 2.18009943527955 41.4102916426414, 2.17969440029289 41.4105982686802, 2.17933869490586 41.4100215233221, 2.17909682307977 41.4096123445336, 2.17887982030239 41.4094495333229, 2.18001924660184 41.4085876964755, 2.1812263748243 41.4094336601582, 2.18204935897702 41.4100059312821))"
"10","Sant Martí","64","el Camp de l'Arpa del Clot","203","013","POLYGON ((431554.9049 4584813.6932, 431524.8105 4584846.7915, 431483.3975 4584756.4795, 431453.7455 4584693.2875, 431440.6495 4584663.6355, 431474.1795 4584629.2737, 431543.0495 4584693.9635, 431636.8525 4584596.0135, 431651.5535 4584609.3375, 431704.1125 4584655.2065, 431592.3585 4584770.9275, 431561.6963 4584804.6027, 431554.9049 4584813.6932))","POLYGON ((2.1810443458606 41.411959526871, 2.18068055139144 41.4122550688857, 2.18019531217178 41.4114381291883, 2.1798477180999 41.4108664514222, 2.17969440029289 41.4105982686802, 2.18009943527955 41.4102916426414, 2.1809160543596 41.4108801511417, 2.18204935897702 41.4100059312821, 2.18222373116128 41.4101271864687, 2.18284735115689 41.4105447813962, 2.18149727491023 41.4115775389605, 2.18112662624045 41.4118782300645, 2.1810443458606 41.411959526871))"
"10","Sant Martí","64","el Camp de l'Arpa del Clot","203","014","POLYGON ((431785.0275 4584570.1215, 431704.1125 4584655.2065, 431651.5535 4584609.3375, 431636.8525 4584596.0135, 431720.9315 4584508.2815, 431654.8155 4584444.0875, 431704.0485 4584392.4805, 431770.0345 4584457.0535, 431813.9865 4584411.0875, 431893.4545 4584488.8845, 431864.7685 4584504.2155, 431825.8555 4584530.3635, 431785.0275 4584570.1215))","POLYGON ((2.18382498761347 41.4097853194378, 2.18284735115689 41.4105447813962, 2.18222373116128 41.4101271864687, 2.18204935897702 41.4100059312821, 2.18306514756682 41.4092229041417, 2.18228142047628 41.4086391104198, 2.18287623727011 41.4081784872948, 2.18365836630836 41.4087656795066, 2.18418936080497 41.408355407936, 2.18513130658883 41.4090628381792, 2.18478639674064 41.4091984885294, 2.1843179160762 41.409430695758, 2.18382498761347 41.4097853194378))"
"10","Sant Martí","64","el Camp de l'Arpa del Clot","203","015","POLYGON ((431714.2195 4584515.2855, 431636.8525 4584596.0135, 431567.4675 4584533.1305, 431465.6866 4584440.167, 431556.5046 4584347.0114, 431654.8155 4584444.0875, 431720.9315 4584508.2815, 431714.2195 4584515.2855))","POLYGON ((2.18298405833786 41.4092854167344, 2.18204935897702 41.4100059312821, 2.1812263748243 41.4094336601582, 2.18001924660184 41.4085876964755, 2.1811162703898 41.4077564123059, 2.18228142047628 41.4086391104198, 2.18306514756682 41.4092229041417, 2.18298405833786 41.4092854167344))"
"10","Sant Martí","64","el Camp de l'Arpa del Clot","203","016","POLYGON ((431687.4115 4584409.9195, 431654.8155 4584444.0875, 431556.5046 4584347.0114, 431650.5357 4584250.3363, 431749.3844 4584345.5862, 431687.4115 4584409.9195))","POLYGON ((2.18267523551482 41.408334141065, 2.18228142047628 41.4086391104198, 2.1811162703898 41.4077564123059, 2.18225210217646 41.4068936914925, 2.18342389236973 41.4077599758939, 2.18267523551482 41.408334141065))"
"10","Sant Martí","64","el Camp de l'Arpa del Clot","203","017","POLYGON ((431791.6535 4584434.4995, 431770.0345 4584457.0535, 431704.0485 4584392.4805, 431749.3844 4584345.5862, 431650.5357 4584250.3363, 431720.9446 4584178.3327, 431794.0315 4584299.1615, 431878.2264 4584436.4957, 431859.6881 4584455.7587, 431813.9865 4584411.0875, 431791.6535 4584434.4995))","POLYGON ((2.18391954511909 41.4085643776119, 2.18365836630836 41.4087656795066, 2.18287623727011 41.4081784872948, 2.18342389236973 41.4077599758939, 2.18225210217646 41.4068936914925, 2.18310253071809 41.4062511614247, 2.18396324730577 41.4073456328861, 2.18495502337294 41.408589698361, 2.18473107384857 41.4087616228018, 2.18418936080497 41.408355407936, 2.18391954511909 41.4085643776119))"
"10","Sant Martí","64","el Camp de l'Arpa del Clot","203","018","POLYGON ((432014.3135 4584436.6835, 431893.4545 4584488.8845, 431859.6881 4584455.7587, 431878.2264 4584436.4957, 431794.0315 4584299.1615, 431720.9446 4584178.3327, 431744.1328 4584154.5468, 431841.0565 4584250.5715, 431942.4855 4584347.7435, 432025.9388 4584429.8614, 432014.3135 4584436.6835))","POLYGON ((2.18658306277604 41.4086029115181, 2.18513130658883 41.4090628381792, 2.18473107384857 41.4087616228018, 2.18495502337294 41.408589698361, 2.18396324730577 41.4073456328861, 2.18310253071809 41.4062511614247, 2.18338261213622 41.406038898532, 2.18453128621192 41.4069119867057, 2.18573375992385 41.4077957783935, 2.18672290690042 41.4085424501665, 2.18658306277604 41.4086029115181))"
"10","Sant Martí","64","el Camp de l'Arpa del Clot","204","019","POLYGON ((432008.7465 4584602.2645, 431895.8925 4584679.3945, 431785.0275 4584570.1215, 431825.8555 4584530.3635, 431864.7685 4584504.2155, 431893.4545 4584488.8845, 432008.7465 4584602.2645))","POLYGON ((2.18649785823999 41.410093776864, 2.18513903193379 41.4107789079167, 2.18382498761347 41.4097853194378, 2.1843179160762 41.409430695758, 2.18478639674064 41.4091984885294, 2.18513130658883 41.4090628381792, 2.18649785823999 41.410093776864))"
"10","Sant Martí","64","el Camp de l'Arpa del Clot","204","020","POLYGON ((431800.0995 4584735.6395, 431794.4475 4584739.7305, 431745.7167 4584691.3876, 431704.1125 4584655.2065, 431785.0275 4584570.1215, 431888.8855 4584672.4875, 431800.0995 4584735.6395))","POLYGON ((2.18398664722389 41.4112773659906, 2.183918566347 41.411313732696, 2.18334101094844 41.4108741869829, 2.18284735115689 41.4105447813962, 2.18382498761347 41.4097853194378, 2.18505597928186 41.4107161050112, 2.18398664722389 41.4112773659906))"
"10","Sant Martí","64","el Camp de l'Arpa del Clot","204","021","POLYGON ((431658.5155 4584849.3455, 431639.3535 4584865.2135, 431592.3585 4584770.9275, 431704.1125 4584655.2065, 431745.7167 4584691.3876, 431794.4475 4584739.7305, 431786.9865 4584743.1675, 431658.5155 4584849.3455))","POLYGON ((2.18227991366003 41.412289452389, 2.1820488659002 41.4124307406299, 2.18149727491023 41.4115775389605, 2.18284735115689 41.4105447813962, 2.18334101094844 41.4108741869829, 2.183918566347 41.411313732696, 2.18382891648163 41.4113440554642, 2.18227991366003 41.412289452389))"
"10","Sant Martí","64","el Camp de l'Arpa del Clot","204","022","POLYGON ((431641.6875 4585103.9335, 431635.6605 4585107.6895, 431625.2055 4585077.3875, 431604.7235 4585013.9395, 431600.2055 4585002.2895, 431589.9095 4584983.9055, 431585.0695 4584976.5295, 431574.3995 4584970.1345, 431553.9065 4584925.8025, 431537.3235 4584873.9835, 431524.8105 4584846.7915, 431554.9049 4584813.6932, 431561.6963 4584804.6027, 431592.3585 4584770.9275, 431643.2075 4584872.9635, 431671.3445 4584932.3465, 431704.8575 4584913.5035, 431738.3975 4584893.1165, 431741.9215 4584901.0415, 431757.6195 4584933.1275, 431779.3175 4584979.4895, 431790.4235 4585005.1675, 431727.9995 4585046.9535, 431704.6655 4585061.5755, 431689.0175 4585072.9935, 431641.6875 4585103.9335))","POLYGON ((2.18204981736077 41.4145810115031, 2.18197728312486 41.4146143278655, 2.18185561943107 41.4143405183415, 2.18161773730349 41.4137673203552, 2.18156499969263 41.4136620081477, 2.18144389414859 41.4134955531914, 2.18138682123663 41.4134287079962, 2.18125988601626 41.4133702019644, 2.18101971834535 41.4129691732788, 2.18082718036701 41.4125010442414, 2.18068055139144 41.4122550688857, 2.1810443458606 41.411959526871, 2.18112662624045 41.4118782300645, 2.18149727491023 41.4115775389605, 2.18209409980538 41.4125008701404, 2.18242402660569 41.4130381060023, 2.18282710909668 41.4128712418194, 2.1832306867722 41.4126904721887, 2.18327195422625 41.4127621493856, 2.18345614801936 41.4130524706316, 2.18371051908159 41.4134718802025, 2.18384049913015 41.4137040962545, 2.18308892411712 41.4140751485067, 2.18280809690188 41.4142048614433, 2.18261958884792 41.4143063696656, 2.18204981736077 41.4145810115031))"
"10","Sant Martí","64","el Camp de l'Arpa del Clot","204","023","POLYGON ((431674.0855 4584931.0015, 431671.3445 4584932.3465, 431639.3535 4584865.2135, 431786.9865 4584743.1675, 431794.4475 4584739.7305, 431888.8855 4584672.4875, 431969.7815 4584753.0195, 431854.9265 4584823.2335, 431788.8235 4584862.2275, 431768.9715 4584874.6285, 431738.3715 4584893.0595, 431735.5495 4584895.0695, 431704.8575 4584913.5035, 431674.0855 4584931.0015))","POLYGON ((2.18245697230744 41.4130262250619, 2.18242402660569 41.4130381060023, 2.1820488659002 41.4124307406299, 2.18382891648163 41.4113440554642, 2.183918566347 41.411313732696, 2.18505597928186 41.4107161050112, 2.18601474519957 41.4114482824165, 2.18463272439052 41.4120709474521, 2.18383747172898 41.4124165463247, 2.18359856259921 41.4125265529957, 2.1832303821362 41.4126899566, 2.18319639261794 41.4127078203238, 2.18282710909668 41.4128712418194, 2.18245697230744 41.4130262250619))"
"10","Sant Martí","64","el Camp de l'Arpa del Clot","204","024","POLYGON ((431817.5275 4584986.8505, 431790.4235 4585005.1675, 431779.3175 4584979.4895, 431757.6195 4584933.1275, 431741.9215 4584901.0415, 431738.3715 4584893.0595, 431768.9715 4584874.6285, 431788.8235 4584862.2275, 431854.9265 4584823.2335, 431969.7815 4584753.0195, 432043.7335 4584823.9455, 432043.9415 4584836.8235, 431947.2815 4584900.1775, 431905.7925 4584928.5665, 431817.5275 4584986.8505))","POLYGON ((2.18416684391476 41.4135414209361, 2.18384049913015 41.4137040962545, 2.18371051908159 41.4134718802025, 2.18345614801936 41.4130524706316, 2.18327195422625 41.4127621493856, 2.1832303821362 41.4126899566, 2.18359856259921 41.4125265529957, 2.18383747172898 41.4124165463247, 2.18463272439052 41.4120709474521, 2.18601474519957 41.4114482824165, 2.18689153331755 41.4120933466256, 2.18689257542492 41.4122093522807, 2.18572900586705 41.4127717827617, 2.18522943067069 41.4130239591933, 2.18416684391476 41.4135414209361))"
"10","Sant Martí","64","el Camp de l'Arpa del Clot","204","025","POLYGON ((432043.4275 4584805.0205, 432043.7335 4584823.9455, 431969.7815 4584753.0195, 431895.8925 4584679.3945, 432008.7465 4584602.2645, 431893.4545 4584488.8845, 432014.3135 4584436.6835, 432025.9388 4584429.8614, 432037.5505 4584441.4105, 432043.4275 4584805.0205))","POLYGON ((2.18688999791335 41.4119228692661, 2.18689153331755 41.4120933466256, 2.18601474519957 41.4114482824165, 2.18513903193379 41.4107789079167, 2.18649785823999 41.410093776864, 2.18513130658883 41.4090628381792, 2.18658306277604 41.4086029115181, 2.18672290690042 41.4085424501665, 2.18686052486171 41.4086474511751, 2.18688999791335 41.4119228692661))"
"10","Sant Martí","65","el Clot","205","026","POLYGON ((432124.5975 4584782.0535, 432043.4275 4584805.0205, 432037.5505 4584441.4105, 432242.8295 4584641.4515, 432250.9955 4584670.6695, 432271.6015 4584739.6955, 432124.5975 4584782.0535))","POLYGON ((2.18786369120922 41.4117228717889, 2.18688999791335 41.4119228692661, 2.18686052486171 41.4086474511751, 2.18929395827918 41.4104664892982, 2.1893883826586 41.4107303351646, 2.18962718185396 41.4113537676747, 2.18786369120922 41.4117228717889))"
"10","Sant Martí","65","el Clot","205","027","POLYGON ((432316.4506 4584901.3742, 432224.439 4584998.1377, 432043.7335 4584823.9455, 432043.4275 4584805.0205, 432176.1965 4584767.2195, 432316.4506 4584901.3742))","POLYGON ((2.19014566528438 41.4128137357954, 2.18903398432622 41.4136775001742, 2.18689153331755 41.4120933466256, 2.18688999791335 41.4119228692661, 2.18848268201166 41.4115936225444, 2.19014566528438 41.4128137357954))"
"10","Sant Martí","65","el Clot","205","028","POLYGON ((432114.0523 4585111.3518, 432047.9889 4585178.5845, 432048.0135 4585148.8775, 432046.2655 4585002.3335, 432043.7335 4584823.9455, 432224.439 4584998.1377, 432114.0523 4585111.3518))","POLYGON ((2.18770057961097 41.4146878667352, 2.1869026125664 41.4152878267598, 2.1869062437786 41.4150202674374, 2.18690179027619 41.413700244736, 2.18689153331755 41.4120933466256, 2.18903398432622 41.4136775001742, 2.18770057961097 41.4146878667352))"
"10","Sant Martí","65","el Clot","205","029","POLYGON ((432355.3135 4585041.2075, 432388.4125 4585162.1335, 432318.667 4585092.9309, 432224.439 4584998.1377, 432316.4506 4584901.3742, 432411.0765 4584994.6365, 432355.3135 4585041.2075))","POLYGON ((2.19059499259415 41.4140764428628, 2.19097748721229 41.4151683709949, 2.19015075304653 41.4145392139247, 2.18903398432622 41.4136775001742, 2.19014566528438 41.4128137357954, 2.19126736588981 41.4136616840032, 2.19059499259415 41.4140764428628))"
"10","Sant Martí","65","el Clot","205","030","POLYGON ((432504.0005 4585095.8315, 432399.7915 4585203.5892, 432355.3135 4585041.2075, 432411.0765 4584994.6365, 432505.5115 4584902.8345, 432601.7545 4584996.3715, 432504.0005 4585095.8315))","POLYGON ((2.19236784828378 41.4145809258617, 2.19110899979964 41.4155427068128, 2.19059499259415 41.4140764428628, 2.19126736588981 41.4136616840032, 2.19240745779061 41.4128427880085, 2.19354850557259 41.4136933241873, 2.19236784828378 41.4145809258617))"
"10","Sant Martí","65","el Clot","205","031","POLYGON ((432505.5115 4584902.8345, 432411.0765 4584994.6365, 432316.4506 4584901.3742, 432176.1965 4584767.2195, 432271.6015 4584739.6955, 432250.9955 4584670.6695, 432242.8295 4584641.4515, 432345.4615 4584741.4005, 432410.8505 4584806.4545, 432505.5115 4584902.8345))","POLYGON ((2.19240745779061 41.4128427880085, 2.19126736588981 41.4136616840032, 2.19014566528438 41.4128137357954, 2.18848268201166 41.4115936225444, 2.18962718185396 41.4113537676747, 2.1893883826586 41.4107303351646, 2.18929395827918 41.4104664892982, 2.19051064417281 41.4113753446965, 2.19128568443584 41.4119667676701, 2.19240745779061 41.4128427880085))"
"10","Sant Martí","65","el Clot","206","032","POLYGON ((432450.0295 4584767.6885, 432411.2515 4584806.8765, 432345.4615 4584741.4005, 432359.6455 4584735.3665, 432336.6775 4584641.4435, 432315.3205 4584559.2715, 432319.3035 4584557.4955, 432329.8475 4584551.4935, 432321.2205 4584519.5645, 432445.9945 4584487.9445, 432459.0233 4584499.9435, 432465.7074 4584506.8709, 432505.5465 4584543.9175, 432534.0415 4584569.4675, 432450.5095 4584659.1675, 432438.1745 4584646.9725, 432430.8355 4584653.5975, 432402.5275 4584677.1734, 432450.0295 4584767.6885))","POLYGON ((2.19175875022546 41.4116209079901, 2.19129043486146 41.4119706022172, 2.19051064417281 41.4113753446965, 2.1906810146094 41.4113221921345, 2.19041673105843 41.4104743232253, 2.19017041313696 41.4097324269757, 2.19021826276888 41.4097167664784, 2.19034507806887 41.4096635960673, 2.19024543929763 41.4093752949497, 2.19174170679564 41.4091009994292, 2.1918962373618 41.4092101656998, 2.19197542949075 41.4092731203326, 2.19244791305337 41.4096101342373, 2.19278596656993 41.4098426476897, 2.1917766080449 41.4106435326964, 2.1916303966533 41.4105326592704, 2.1915418549379 41.410591711698, 2.1912005512029 41.4108016723703, 2.19175875022546 41.4116209079901))"
"10","Sant Martí","65","el Clot","206","033","POLYGON ((432531.7802 4584876.9433, 432505.5115 4584902.8345, 432411.2515 4584806.8765, 432450.0295 4584767.6885, 432402.5275 4584677.1734, 432430.8355 4584653.5975, 432438.1745 4584646.9725, 432450.5095 4584659.1675, 432484.3885 4584693.7695, 432599.6825 4584807.8735, 432531.7802 4584876.9433))","POLYGON ((2.19272462821557 41.4126117994972, 2.19240745779061 41.4128427880085, 2.19129043486146 41.4119706022172, 2.19175875022546 41.4116209079901, 2.1912005512029 41.4108016723703, 2.1915418549379 41.410591711698, 2.1916303966533 41.4105326592704, 2.1917766080449 41.4106435326964, 2.19217806754595 41.4109580290103, 2.19354471446952 41.4119954060413, 2.19272462821557 41.4126117994972))"
"10","Sant Martí","65","el Clot","206","034","POLYGON ((432617.7835 4584980.5275, 432601.7545 4584996.3715, 432505.5115 4584902.8345, 432531.7802 4584876.9433, 432599.6825 4584807.8735, 432694.9905 4584901.1315, 432685.5955 4584910.3755, 432617.7835 4584980.5275))","POLYGON ((2.19374204646094 41.4135519661829, 2.19354850557259 41.4136933241873, 2.19240745779061 41.4128427880085, 2.19272462821557 41.4126117994972, 2.19354471446952 41.4119954060413, 2.19467460714463 41.4128433398947, 2.19456117521826 41.4129258109815, 2.19374204646094 41.4135519661829))"
"10","Sant Martí","65","el Clot","206","035","POLYGON ((432703.6535 4584892.6375, 432694.9905 4584901.1315, 432599.5065 4584807.7025, 432503.3025 4584712.4805, 432617.3775 4584595.9855, 432655.0895 4584556.6755, 432681.6015 4584530.3815, 432702.0095 4584511.1345, 432894.1445 4584698.7625, 432884.2955 4584709.2615, 432791.0455 4584803.6265, 432742.5435 4584853.4475, 432720.6935 4584874.9595, 432703.6535 4584892.6375))","POLYGON ((2.19477919759547 41.4127675624242, 2.19467460714463 41.4128433398947, 2.19354262785126 41.4119938511363, 2.19240226408888 41.41112814191, 2.19378001410685 41.4100884780414, 2.19423556297528 41.4097375851909, 2.19455566727012 41.4095029837973, 2.19480196021176 41.4093313406953, 2.19707976657892 41.4110373152786, 2.19696077003289 41.4111310543249, 2.19583465753652 41.4119731797454, 2.19524884046826 41.4124178452858, 2.19498503275343 41.4126097686231, 2.19477919759547 41.4127675624242))"
"10","Sant Martí","65","el Clot","206","036","POLYGON ((432521.2075 4584693.9255, 432503.3025 4584712.4805, 432484.3885 4584693.7695, 432450.5095 4584659.1675, 432534.0415 4584569.4675, 432505.5465 4584543.9175, 432465.7074 4584506.8709, 432459.0233 4584499.9435, 432440.7518 4584482.7311, 432422.5525 4584415.9175, 432466.4175 4584370.7915, 432490.6955 4584347.5655, 432511.6404 4584326.5847, 432702.0095 4584511.1345, 432681.6015 4584530.3815, 432655.0895 4584556.6755, 432617.3775 4584595.9855, 432521.2075 4584693.9255))","POLYGON ((2.19261854620679 41.4109625260704, 2.19240226408888 41.41112814191, 2.19217806754595 41.4109580290103, 2.1917766080449 41.4106435326964, 2.19278596656993 41.4098426476897, 2.19244791305337 41.4096101342373, 2.19197542949075 41.4092731203326, 2.1918962373618 41.4092101656998, 2.19167956789092 41.4090536032709, 2.19146930223172 41.4084503034311, 2.19199911101627 41.4080475536381, 2.19229214672433 41.40784040334, 2.19254505560066 41.4076531942872, 2.19480196021176 41.4093313406953, 2.19455566727012 41.4095029837973, 2.19423556297528 41.4097375851909, 2.19378001410685 41.4100884780414, 2.19261854620679 41.4109625260704))"
"10","Sant Martí","65","el Clot","206","037","POLYGON ((432334.8295 4584516.1075, 432321.2205 4584519.5645, 432303.4645 4584501.8115, 432297.1151 4584487.5252, 432255.3919 4584322.3359, 432317.134 4584306.304, 432335.0640415 4584302.406956, 432349.432 4584287.274, 432355.3731 4584281.6225, 432362.4778 4584288.6803, 432417.1975 4584232.6845, 432511.6404 4584326.5847, 432490.6955 4584347.5655, 432466.4175 4584370.7915, 432422.5525 4584415.9175, 432440.7518 4584482.7311, 432445.9945 4584487.9445, 432334.8295 4584516.1075))","POLYGON ((2.19040863751016 41.4093453045662, 2.19024543929763 41.4093752949497, 2.19003500095845 41.4092139038446, 2.18996063829255 41.4090846967173, 2.18947997609068 41.4075933716689, 2.19022040216815 41.4074541782351, 2.19043533812511 41.4074205882341, 2.19060891608085 41.4072854995762, 2.19068062201473 41.4072350981879, 2.19076482771496 41.4072992635107, 2.19142570076174 41.4067995284538, 2.19254505560066 41.4076531942872, 2.19229214672433 41.40784040334, 2.19199911101627 41.4080475536381, 2.19146930223172 41.4084503034311, 2.19167956789092 41.4090536032709, 2.19174170679564 41.4091009994292, 2.19040863751016 41.4093453045662))"
"10","Sant Martí","65","el Clot","207","038","POLYGON ((432357.8565 4584736.1275, 432345.4615 4584741.4005, 432212.0465 4584611.4735, 432229.9985 4584600.3255, 432187.2555 4584460.5875, 432158.0395 4584370.0915, 432186.9045 4584359.8475, 432167.5515 4584285.4055, 432185.9195 4584280.0705, 432174.0765 4584244.2135, 432230.9175 4584225.7415, 432297.1151 4584487.5252, 432303.4645 4584501.8115, 432321.2205 4584519.5645, 432329.8475 4584551.4935, 432319.3035 4584557.4955, 432315.3205 4584559.2715, 432336.6775 4584641.4435, 432359.6455 4584735.3665, 432357.8565 4584736.1275))","POLYGON ((2.19065952614303 41.4113288956673, 2.19051064417281 41.4113753446965, 2.18892903733537 41.4101938911034, 2.18914505776371 41.4100949983463, 2.18864935486519 41.4088328162552, 2.18830997670379 41.4080152812835, 2.18865644448696 41.4079254523714, 2.18843326349909 41.4072533431545, 2.18865360014095 41.4072068422095, 2.18851593942851 41.4068828899618, 2.18919800054275 41.4067213122489, 2.18996063829255 41.4090846967173, 2.19003500095845 41.4092139038446, 2.19024543929763 41.4093752949497, 2.19034507806887 41.4096635960673, 2.19021826276888 41.4097167664784, 2.19017041313696 41.4097324269757, 2.19041673105843 41.4104743232253, 2.1906810146094 41.4113221921345, 2.19065952614303 41.4113288956673))"
"10","Sant Martí","65","el Clot","207","039","POLYGON ((432229.9985 4584600.3255, 432212.0465 4584611.4735, 432037.5505 4584441.4105, 431942.4855 4584347.7435, 432000.7415 4584288.5175, 432061.4585 4584288.5165, 432101.6885 4584258.1105, 432113.3315 4584251.4715, 432117.5265 4584262.8145, 432174.0765 4584244.2135, 432185.9195 4584280.0705, 432167.5515 4584285.4055, 432186.9045 4584359.8475, 432158.0395 4584370.0915, 432187.2555 4584460.5875, 432229.9985 4584600.3255))","POLYGON ((2.18914505776371 41.4100949983463, 2.18892903733537 41.4101938911034, 2.18686052486171 41.4086474511751, 2.18573375992385 41.4077957783935, 2.18643734433209 41.4072672784192, 2.18716370987919 41.4072724033216, 2.18764839807107 41.4070019449287, 2.18778842897911 41.4069431328456, 2.18783734178356 41.4070456500334, 2.18851593942851 41.4068828899618, 2.18865360014095 41.4072068422095, 2.18843326349909 41.4072533431545, 2.18865644448696 41.4079254523714, 2.18830997670379 41.4080152812835, 2.18864935486519 41.4088328162552, 2.18914505776371 41.4100949983463))"
"10","Sant Martí","65","el Clot","207","040","POLYGON ((432000.7415 4584288.5175, 431942.4855 4584347.7435, 431841.0565 4584250.5715, 431935.7225 4584153.5275, 432034.2944 4584049.5371, 432050.1717 4584097.0994, 432113.3315 4584251.4715, 432101.6885 4584258.1105, 432061.4585 4584288.5165, 432000.7415 4584288.5175))","POLYGON ((2.18643734433209 41.4072672784192, 2.18573375992385 41.4077957783935, 2.18453128621192 41.4069119867057, 2.1856746952104 41.4060459626932, 2.18686557916438 41.4051176930416, 2.18705017543903 41.4055474143227, 2.18778842897911 41.4069431328456, 2.18764839807107 41.4070019449287, 2.18716370987919 41.4072724033216, 2.18643734433209 41.4072672784192))"
"10","Sant Martí","65","el Clot","207","041","POLYGON ((432154.9835 4584250.3675, 432117.5265 4584262.8145, 432113.3315 4584251.4715, 432050.1717 4584097.0994, 432034.2944 4584049.5371, 431935.7225 4584153.5275, 431841.0565 4584250.5715, 431744.1328 4584154.5468, 431933.4563 4583960.3432, 431962.0655 4583931.4595, 431974.9195 4583943.1555, 431989.5335 4583953.2955, 432005.5395 4583962.4415, 432020.5655 4583968.4675, 432037.6055 4583971.9695, 432052.3075 4583973.5755, 432070.1575 4583969.6935, 432096.4175 4583959.5515, 432109.5695 4583951.2735, 432119.6615 4583943.4655, 432120.8595 4583942.2435, 432171.1925 4583991.7285, 432230.9175 4584225.7415, 432154.9835 4584250.3675))","POLYGON ((2.18828683875048 41.4069367059485, 2.18783734178356 41.4070456500334, 2.18778842897911 41.4069431328456, 2.18705017543903 41.4055474143227, 2.18686557916438 41.4051176930416, 2.1856746952104 41.4060459626932, 2.18453128621192 41.4069119867057, 2.18338261213622 41.406038898532, 2.18566931023154 41.404305819413, 2.18601479692422 41.4040480945268, 2.1861672489403 41.404154524569, 2.18634093042574 41.4042470888887, 2.18653137599697 41.4043308180281, 2.1867104491155 41.4043863630993, 2.18691389864702 41.4044193452571, 2.18708959263786 41.4044350527571, 2.18730356094476 41.404401597245, 2.18761883679474 41.404312469802, 2.18777709728475 41.4042390231313, 2.18789869926276 41.4041695510204, 2.18791316745642 41.404158645988, 2.18850973385878 41.4046085907311, 2.18919800054275 41.4067213122489, 2.18828683875048 41.4069367059485))"
"10","Sant Martí","66","el Parc i la Llacuna del Poblenou","208","042","POLYGON ((432431.5155 4584218.0315, 432417.1975 4584232.6845, 432120.8595 4583942.2435, 432119.6615 4583943.4655, 432109.5695 4583951.2735, 432096.4175 4583959.5515, 432070.1575 4583969.6935, 432052.3075 4583973.5755, 432037.6055 4583971.9695, 432020.5655 4583968.4675, 432005.5395 4583962.4415, 431989.5335 4583953.2955, 431974.9195 4583943.1555, 431962.0655 4583931.4595, 431933.4563 4583960.3432, 431837.0835 4583866.3965, 432033.1863 4583665.2401, 432083.2855 4583618.9815, 432118.6815 4583582.6175, 432139.4875 4583562.9355, 432162.9395 4583541.3615, 432341.6315 4583360.5845, 432419.8675 4583280.3975, 432512.4225 4583370.1755, 432613.3435 4583264.2635, 432642.0135 4583309.4455, 432761.7635 4583500.6755, 432834.6635 4583616.1435, 432858.4215 4583655.0835, 432880.2735 4583689.0035, 432906.4595 4583730.7995, 432803.5235 4583837.1075, 432730.0975 4583911.8675, 432709.1225 4583933.9595, 432600.2857 4584045.0455, 432521.0495 4584127.0085, 432431.5155 4584218.0315))","POLYGON ((2.19159862377632 41.4066687568752, 2.19142570076174 41.4067995284538, 2.18791316745642 41.404158645988, 2.18789869926276 41.4041695510204, 2.18777709728475 41.4042390231313, 2.18761883679474 41.404312469802, 2.18730356094476 41.404401597245, 2.18708959263786 41.4044350527571, 2.18691389864702 41.4044193452571, 2.1867104491155 41.4043863630993, 2.18653137599697 41.4043308180281, 2.18634093042574 41.4042470888887, 2.1861672489403 41.404154524569, 2.18601479692422 41.4040480945268, 2.18566931023154 41.404305819413, 2.18452702217332 41.4034515051027, 2.18689547377861 41.4016563526978, 2.18749995535836 41.4012439488987, 2.18792744083291 41.4009194183424, 2.18817852782749 41.4007439047144, 2.18846147668415 41.4005515730848, 2.19061917664423 41.3989384234281, 2.19156395602822 41.3982227812487, 2.19266104440813 41.3990391597433, 2.19388001312894 41.3980937041468, 2.19421792197662 41.3985030479705, 2.19562907972234 41.4002354260192, 2.19648828930108 41.4012815072384, 2.19676816512534 41.4016342133329, 2.19702580062088 41.4019415458924, 2.19733440994352 41.4023201765124, 2.19609126250375 41.4032690660016, 2.19520460123892 41.4039362675764, 2.19495123088049 41.4041334885359, 2.19363689233275 41.4051248907058, 2.19267987093788 41.405856460308, 2.19159862377632 41.4066687568752))"
"10","Sant Martí","66","el Parc i la Llacuna del Poblenou","208","043","POLYGON ((432083.2855 4583618.9815, 432033.1863 4583665.2401, 432026.0481 4583105.8934, 432053.9155 4583077.3885, 432127.7581815 4582998.063449, 432216.1665 4582905.5885, 432309.2440065 4582807.431013, 432400.9295 4582712.9835, 432701.8115 4582996.0545, 432791.8365 4583081.4425, 432699.5475 4583175.4975, 432613.3435 4583264.2635, 432512.4225 4583370.1755, 432419.8675 4583280.3975, 432341.6315 4583360.5845, 432162.9395 4583541.3615, 432139.4875 4583562.9355, 432118.6815 4583582.6175, 432083.2855 4583618.9815))","POLYGON ((2.18749995535836 41.4012439488987, 2.18689547377861 41.4016563526978, 2.18687288488859 41.3966178792639, 2.18720941040444 41.3963634990704, 2.18810154388877 41.3956552771149, 2.18916934772462 41.3948298384317, 2.19029360649754 41.3939536014671, 2.19140077172585 41.3931106508179, 2.19496803024498 41.3956854284484, 2.19603534503831 41.3964620238579, 2.19492100630295 41.3973014328785, 2.19388001312894 41.3980937041468, 2.19266104440813 41.3990391597433, 2.19156395602822 41.3982227812487, 2.19061917664423 41.3989384234281, 2.18846147668415 41.4005515730848, 2.18817852782749 41.4007439047144, 2.18792744083291 41.4009194183424, 2.18749995535836 41.4012439488987))"
"10","Sant Martí","66","el Parc i la Llacuna del Poblenou","209","044","POLYGON ((432053.9155 4583077.3885, 432026.0481 4583105.8934, 432023.7112 4582922.773, 432019.8526 4582921.7412, 432016.2518 4582920.0125, 432013.0336 4582917.6468, 432010.3092 4582914.7259, 432008.173 4582911.3509, 432006.6989 4582907.6387, 432005.9379 4582903.7177, 432005.9163 4582899.7235, 432006.6349 4582895.7945, 432008.0688 4582892.0665, 432010.1685 4582888.6687, 432012.1834 4582886.3619, 431934.5085 4582811.461, 431974.5295 4582771.3435, 432021.6595 4582722.7805, 432114.9285 4582812.0605, 432216.1665 4582905.5885, 432127.7581815 4582998.063449, 432053.9155 4583077.3885))","POLYGON ((2.18720941040444 41.3963634990704, 2.18687288488859 41.3966178792639, 2.18686548934762 41.394968369579, 2.18681945294187 41.3949587502882, 2.18677657829981 41.3949428759964, 2.18673835142254 41.3949212967598, 2.18670609317909 41.3948947587333, 2.1866809213229 41.3948641804813, 2.18666370662981 41.394830621141, 2.18665504467593 41.3947952414893, 2.18665523479277 41.3947592650616, 2.1866642709949 41.394723938454, 2.1866818401966 41.3946904826704, 2.1867073358202 41.3946600571888, 2.186731694657 41.3946394508532, 2.18581105825213 41.3939582697888, 2.18629424322786 41.393600329268, 2.18686339848855 41.3931669213723, 2.18796893908375 41.3939789190167, 2.18916934772462 41.3948298384317, 2.18810154388877 41.3956552771149, 2.18720941040444 41.3963634990704))"
"10","Sant Martí","66","el Parc i la Llacuna del Poblenou","209","045","POLYGON ((431974.5295 4582771.3435, 431934.5085 4582811.461, 431741.8152 4582625.6491, 431829.6865 4582534.9405, 431926.4675 4582628.8045, 432021.6595 4582722.7805, 431974.5295 4582771.3435))","POLYGON ((2.18629424322786 41.393600329268, 2.18581105825213 41.3939582697888, 2.18352725722411 41.3922683849226, 2.18458844045751 41.3914588517096, 2.18573541340403 41.392312454962, 2.18686339848855 41.3931669213723, 2.18629424322786 41.393600329268))"
"10","Sant Martí","66","el Parc i la Llacuna del Poblenou","209","046","POLYGON ((431829.6865 4582534.9405, 431741.8152 4582625.6491, 431645.0933 4582532.3809, 431733.736 4582441.816, 431829.6865 4582534.9405))","POLYGON ((2.18458844045751 41.3914588517096, 2.18352725722411 41.3922683849226, 2.18238095389561 41.3914201311414, 2.18345134701381 41.3906119681235, 2.18458844045751 41.3914588517096))"
"10","Sant Martí","66","el Parc i la Llacuna del Poblenou","209","047","POLYGON ((431995.7195 4582556.7455, 431926.4675 4582628.8045, 431733.736 4582441.816, 431827.6725 4582345.8425, 432018.8875 4582532.6375, 431995.7195 4582556.7455))","POLYGON ((2.18657178503868 41.39166929869, 2.18573541340403 41.392312454962, 2.18345134701381 41.3906119681235, 2.1845856357711 41.3897555297812, 2.18685158649252 41.3914541233723, 2.18657178503868 41.39166929869))"
"10","Sant Martí","66","el Parc i la Llacuna del Poblenou","209","048","POLYGON ((432117.5259485 4582624.0144575, 432021.6595 4582722.7805, 431926.4675 4582628.8045, 432018.8875 4582532.6375, 432011.9795265 4582525.871526, 432105.1945 4582430.4095, 432208.496994 4582531.0674815, 432117.5259485 4582624.0144575))","POLYGON ((2.18802108389217 41.3922854610224, 2.18686339848855 41.3931669213723, 2.18573541340403 41.392312454962, 2.18685158649252 41.3914541233723, 2.18676972502336 41.3913926002551, 2.18789529764995 41.3905406748374, 2.18911953655921 41.3914559867073, 2.18802108389217 41.3922854610224))"
"10","Sant Martí","66","el Parc i la Llacuna del Poblenou","209","049","POLYGON ((432212.0815455 4582713.0638835, 432114.9285 4582812.0605, 432021.6595 4582722.7805, 432117.5259485 4582624.0144575, 432212.0815455 4582713.0638835))","POLYGON ((2.18914203851671 41.3930954793922, 2.18796893908375 41.3939789190167, 2.18686339848855 41.3931669213723, 2.18802108389217 41.3922854610224, 2.18914203851671 41.3930954793922))"
"10","Sant Martí","66","el Parc i la Llacuna del Poblenou","209","050","POLYGON ((432309.2440065 4582807.431013, 432216.1665 4582905.5885, 432114.9285 4582812.0605, 432212.0815455 4582713.0638835, 432117.5259485 4582624.0144575, 432208.496994 4582531.0674815, 432301.8113 4582620.9495, 432400.9295 4582712.9835, 432309.2440065 4582807.431013))","POLYGON ((2.19029360649754 41.3939536014671, 2.18916934772462 41.3948298384317, 2.18796893908375 41.3939789190167, 2.18914203851671 41.3930954793922, 2.18802108389217 41.3922854610224, 2.18911953655921 41.3914559867073, 2.19022555151698 41.3922733889315, 2.19140077172585 41.3931106508179, 2.19029360649754 41.3939536014671))"
"10","Sant Martí","67","la Vila Olímpica del Poblenou","210","051","POLYGON ((432443.520667 4582668.9907545, 432400.9295 4582712.9835, 432301.8113 4582620.9495, 432208.496994 4582531.0674815, 432105.194511 4582430.4095105, 432209.0245 4582324.1845, 432406.1295 4582514.7635, 432502.2735 4582608.3045, 432443.520667 4582668.9907545))","POLYGON ((2.19191509277169 41.39271799906, 2.19140077172585 41.3931106508179, 2.19022555151698 41.3922733889315, 2.18911953655921 41.3914559867073, 2.18789529778033 41.3905406749329, 2.18914900024416 41.3895926936036, 2.19148508898663 41.3913257748764, 2.19262456818307 41.3921763475625, 2.19191509277169 41.39271799906))"
"10","Sant Martí","67","la Vila Olímpica del Poblenou","210","052","POLYGON ((432887.9695 4582984.4635, 432791.8365 4583081.4425, 432701.8115 4582996.0545, 432400.9295 4582712.9835, 432594.5495 4582512.6295, 432892.3855 4582803.1975, 433029.9167 4582665.7567, 433110.6003 4582756.5211, 432981.5365 4582889.5121, 432887.9695 4582984.4635))","POLYGON ((2.19719595734414 41.3955965887893, 2.19603534503831 41.3964620238579, 2.19496803024498 41.3956854284484, 2.19140077172585 41.3931106508179, 2.19373887232884 41.3913223675217, 2.19726886454074 41.3939643427325, 2.19892903595109 41.3927379137136, 2.19988402779998 41.393562119721, 2.19832562288586 41.3947491898287, 2.19719595734414 41.3955965887893))"
"10","Sant Martí","67","la Vila Olímpica del Poblenou","210","053","POLYGON ((433021.557315 4582674.11059, 432892.3855 4582803.1975, 432594.5495 4582512.6295, 432502.2735 4582608.3045, 432405.4805 4582514.1395, 432498.0195 4582419.3005, 432559.9613 4582478.5823, 432561.0228 4582493.7314, 432562.8182 4582495.4795, 432565.1733 4582496.9803, 432575.233034 4582477.5970275, 432574.9032 4582477.33, 432587.5713 4582456.6561, 432602.1796 4582430.1962, 432613.2396 4582406.654, 432619.2455 4582392.1574, 432626.735 4582371.8915, 432632.7873 4582352.6836, 432638.3039 4582332.1162, 432640.978 4582319.3339, 432642.046 4582317.4689, 432652.6977 4582263.2204, 432663.108 4582252.5342, 432941.1777 4582566.2676, 433029.9167 4582665.7567, 433021.557315 4582674.11059))","POLYGON ((2.19882812963295 41.3928124589018, 2.19726886454074 41.3939643427325, 2.19373887232884 41.3913223675217, 2.19262456818307 41.3921763475625, 2.19147739644208 41.3913201001361, 2.19259475295323 41.3904736827813, 2.19332898061504 41.3910128140825, 2.19333998958574 41.391149346953, 2.19336126828479 41.3911652421582, 2.19338926865215 41.3911789569222, 2.19351174283055 41.3910052203755, 2.1935078276857 41.3910027876805, 2.19366164127099 41.3908176452833, 2.19383930279039 41.3905805522942, 2.19397420056502 41.3903694406829, 2.19404764409355 41.3902393768274, 2.19413947290566 41.3900574746412, 2.19421399467017 41.3898849811247, 2.1942822602846 41.3897001980314, 2.19431566377062 41.3895852951859, 2.19432864434542 41.3895685870628, 2.19446206915698 41.3890808770776, 2.19458776237488 41.3889855008561, 2.1978786888004 41.3918344471767, 2.19892903595109 41.3927379137136, 2.19882812963295 41.3928124589018))"
"10","Sant Martí","67","la Vila Olímpica del Poblenou","210","054","POLYGON ((432498.0195 4582419.3005, 432405.4805 4582514.1395, 432209.024718 4582324.184711, 432381.69 4582148.439, 432396.907 4582132.423, 432402.532 4582126.784, 432402.763 4582127.01, 432438.608 4582089.771, 432449.289 4582079.227, 432449.0042 4582078.9508, 432520.3376 4582005.0617, 432557.99 4581967.168, 432575.4071935 4581948.4673315, 432774.0625 4582139.8686, 432652.6977 4582263.2204, 432642.046 4582317.4689, 432640.978033 4582319.3338425, 432638.3039 4582332.1162, 432632.7873 4582352.6836, 432626.735 4582371.8915, 432619.2455 4582392.1574, 432613.2396 4582406.654, 432602.1796 4582430.1962, 432587.5713 4582456.6561, 432574.9032 4582477.33, 432575.2331 4582477.5969, 432565.1733 4582496.9803, 432562.818302 4582495.479565, 432561.0228 4582493.7314, 432559.9613 4582478.5823, 432498.0195 4582419.3005))","POLYGON ((2.19259475295323 41.3904736827813, 2.19147739644208 41.3913201001361, 2.1891490028278 41.3895926955224, 2.19123368046322 41.3880243353458, 2.19141745727288 41.3878813625636, 2.19148535920568 41.387831046324, 2.19148809665044 41.3878331012575, 2.19192094100262 41.3875007109744, 2.19204985639126 41.3874066409989, 2.1920464811226 41.3874041294225, 2.19290782372299 41.3867446169688, 2.19336234179041 41.3864064759709, 2.19357272093522 41.3862395039717, 2.19592725980512 41.3879800319345, 2.19446206915698 41.3890808770776, 2.19432864434542 41.3895685870628, 2.19431566417169 41.3895852946709, 2.1942822602846 41.3897001980314, 2.19421399467017 41.3898849811247, 2.19413947290566 41.3900574746412, 2.19404764409355 41.3902393768274, 2.19397420056502 41.3903694406829, 2.19383930279039 41.3905805522942, 2.19366164127099 41.3908176452833, 2.1935078276857 41.3910027876805, 2.19351174363412 41.3910052192327, 2.19338926865215 41.3911789569222, 2.19336126949749 41.3911652427522, 2.19333998958574 41.391149346953, 2.19332898061504 41.3910128140825, 2.19259475295323 41.3904736827813))"
"10","Sant Martí","67","la Vila Olímpica del Poblenou","211","055","POLYGON ((433219.7975 4582832.4055, 433196.7218 4582855.0234, 433110.6003 4582756.5211, 432941.1777 4582566.2676, 432663.108 4582252.5342, 432774.0625 4582139.8686, 432759.4908 4582125.8389, 432763.7714065 4582121.4634675, 432763.4041 4582114.2978, 432764.3503015 4582108.4511, 432766.2468 4582103.0923, 432768.473185 4582099.104729, 432771.8965 4582094.4568, 432775.459044 4582090.8075775, 432779.4788 4582087.8208, 432784.4835 4582085.1915, 432788.906416 4582083.2938215, 432794.048759 4582081.7901495, 432798.7341255 4582081.2599495, 432805.852 4582081.1784, 432810.9826 4582081.4027, 432814.7025 4582082.3868, 433088.279545 4581804.696949, 433098.38 4581814.27, 433110.555 4581827.249, 433107.603 4581832.493, 433104.484 4581829.273, 433091.97 4581842.05, 433098.255 4581848.557, 433077.826 4581884.038, 433063.798 4581870.693, 433052.678 4581881.872, 433069.649 4581898.68, 432972.256 4581997.959, 432982.127 4582007.868, 432972.37 4582017.588, 433133.39 4582175.667, 433143.384 4582165.723, 433153.184 4582175.535, 433277.938 4582048.337, 433128.843 4581902.103, 433181.792 4581848.003, 433206.186 4581871.573, 433194.63 4581883.316, 433198.93 4581887.457, 433210.346 4581875.884, 433230.179 4581895.301, 433213.169 4581912.927, 433288.534 4581986.798, 433292.722 4581982.48, 433296.098 4581985.819, 433291.999 4581990.094, 433313.8684 4582011.7914, 433330.9423 4581994.3202, 433323.502 4581986.924, 433325.031 4581985.365, 433332.5173 4581992.7085, 433342.698 4581982.291, 433333.904 4581967.177, 433326.378 4581971.868, 433323.276 4581966.536, 433330.938 4581962.079, 433318.977 4581942.393, 433308.007 4581925.113, 433296.953 4581908.729, 433273.538 4581875.722, 433262.222 4581860.717, 433249.922 4581844.826, 433217.839 4581806.444, 433195.527 4581781.529, 433173.764 4581758.841, 433153.121 4581738.546, 433142.971 4581729.498, 433124.364 4581714.554, 433113.426 4581706.584, 433101.952 4581711.753, 433066.26 4581690.028, 433062.68 4581686.682, 433060.1248 4581682.6496, 433057.844 4581683.373, 433048.633 4581679.489, 433035.67 4581672.269, 433024.947 4581664.704, 433015.39 4581658.99, 433014.809 4581658.11, 433014.7 4581654.26, 433015.638 4581652.141, 433027.028 4581640.463, 433042.887 4581634.57, 433059.912 4581624.566, 433061.194 4581624.377, 433072.903 4581623.313, 433091.14 4581623.145, 433097.315 4581626.067, 433114.669 4581636.12, 433119.655 4581640.071, 433129.75 4581652.55, 433137.072 4581657.068, 433155.692 4581664.984, 433159.513 4581676.283, 433165.147 4581677.372, 433166.323 4581678.537, 433163.372 4581683.906, 433160.148 4581691.614, 433154.681 4581692.703, 433148.412 4581690.485, 433141.293 4581686.182, 433138.087 4581678.69, 433131.681 4581673.121, 433122.559 4581671.136, 433098.874 4581657.383, 433091.61 4581650.519, 433085.963 4581648.469, 433081.387 4581649.301, 433076.899 4581649.004, 433074.62 4581648.107, 433070.795 4581648.215, 433068.403 4581649.794, 433069.67 4581653.221, 433069.475 4581654.221, 433068.657 4581655.648, 433069.1872 4581656.9205, 433073.974 4581655.302, 433077.852 4581654.932, 433082.976 4581655.65, 433087.574 4581657.606, 433122.529 4581680.283, 433134.379 4581688.918, 433153.356 4581703.741, 433171.999 4581720.022, 433182.316 4581729.965, 433200.845 4581748.711, 433219.257 4581768.09, 433233.177 4581783.402, 433250.142 4581802.836, 433276.368 4581834.937, 433290.796 4581853.712, 433305.758 4581874.293, 433341.066 4581926.95, 433345.481 4581933.991, 433355.805 4581951.297, 433375.964 4581986.858, 433389.317 4582012.069, 433401.165 4582036.058, 433416.713 4582071.375, 433369.8141 4582118.7945, 433386.311 4582128.023, 433387.074 4582128.717, 433388.016 4582130.075, 433388.353 4582132.48, 433401.191 4582147.354, 433400.919 4582151.327, 433398.176 4582153.983, 433394.632 4582153.991, 433392.005 4582151.183, 433391.808 4582147.17, 433384.192 4582142.232, 433376.592 4582133.752, 433367.899 4582127.668, 433365.72 4582122.937, 433364.553 4582124.114, 433358.308 4582117.866, 433360.72 4582115.565, 433351.107 4582098.296, 433346.561 4582102.996, 433345.839 4582102.326, 433239.9861 4582210.3885, 433242.351 4582221.963, 433245.938 4582230.379, 433255.058 4582267.069, 433270.532 4582306.118, 433289.906 4582336.656, 433330.938 4582382.874, 433367.63 4582413.931, 433413.878 4582445.303, 433442.881 4582459.66, 433487.344 4582477.539, 433514.6369 4582480.7107, 433523.16 4582472.195, 433528.897 4582465.815, 433530.233 4582465.091, 433532.744 4582464.425, 433534.796 4582464.855, 433535.0662 4582465.6519, 433598.54 4582400.058, 433609.622 4582410.962, 433566.5253 4582455.1009, 433567.155 4582455.995, 433567.237 4582456.67, 433567.259 4582457.748, 433566.817 4582458.819, 433564.397 4582460.703, 433555.702 4582470.204, 433549.075 4582478.441, 433546.012 4582481.643, 433532.731 4582494.554, 433520.605000001 4582507.11, 433518.272 4582508.859, 433510.3264 4582512.6587, 433500.0224 4582523.2119, 433521.5458 4582544.1456, 433524.0695 4582541.5467, 433528.105 4582535.011, 433535.61 4582526.332, 433548.922 4582512.029, 433551.467 4582508.515, 433554.879 4582505.861, 433556.552 4582503.1, 433578.395 4582479.821, 433580.929 4582477.465, 433582.45 4582476.565, 433585.42 4582476.245, 433586.9916 4582476.751, 433630.84 4582431.597, 433641.716 4582442.166, 433596.842 4582488.103, 433598.739 4582488.055, 433599.299 4582491.342, 433598.728 4582493.175, 433598.07 4582494.061, 433596.236 4582495.577, 433590.927 4582501.57, 433588.3 4582503.237, 433580.191 4582512.944, 433575.8261685 4582517.061989, 433507.8518 4582586.0722, 433481.265226 4582559.6030375, 433442.1575 4582601.7875, 433415.8655 4582629.3235, 433290.0295 4582759.5855, 433277.5135 4582773.0955, 433261.3935 4582789.2315, 433219.7975 4582832.4055))","POLYGON ((2.20118173038355 41.3942546658021, 2.200903231842 41.3944564629022, 2.19988402779998 41.393562119721, 2.1978786888004 41.3918344471767, 2.19458776237488 41.3889855008561, 2.19592725980512 41.3879800319345, 2.19575454506013 41.3878524521092, 2.19580622502246 41.3878134015331, 2.19580262750896 41.3877488315169, 2.19581459259815 41.3876962508905, 2.19583786865135 41.3876481440806, 2.19586493778364 41.3876124151429, 2.19590639491081 41.3875708385593, 2.19594940627382 41.3875382686874, 2.19599781213012 41.3875117034779, 2.19605795775202 41.3874884402575, 2.1961110642985 41.3874717179215, 2.19617273111362 41.3874586043827, 2.19622882469513 41.387454220446, 2.19631396014715 41.3874540805603, 2.19637529481604 41.3874565293315, 2.19641967391967 41.3874657035701, 2.19972219799315 41.3849874230544, 2.19984193310901 41.3850744852165, 2.19998610224334 41.3851923962992, 2.19995021993317 41.3852393822627, 2.19991327493464 41.3852101211574, 2.19976220742192 41.385324159751, 2.19983665212451 41.385383289407, 2.19958841931323 41.3857011588118, 2.19942212984875 41.3855797965855, 2.1992879083455 41.3856795577327, 2.19948901125803 41.3858323553995, 2.19831328141581 41.3867184274298, 2.19843023645677 41.3868084977357, 2.19831247302952 41.386895230395, 2.20022073244761 41.3883324094531, 2.20034135516026 41.3882436770491, 2.20045747729868 41.3883328657643, 2.20196350777767 41.3871975824156, 2.20019654868385 41.3858681083107, 2.20083574550697 41.3853852425667, 2.20112487875822 41.3855995576138, 2.20098538337535 41.3857043643731, 2.20103635143101 41.3857420184314, 2.20117415378443 41.3856387311362, 2.20140920084029 41.3858152617278, 2.20120383111031 41.3859726027893, 2.20209700721382 41.3866441944406, 2.2021475686166 41.3866056505661, 2.20218757587 41.3866360040779, 2.20213808358822 41.3866741680597, 2.20239724013867 41.3868714045369, 2.20260335705855 41.3867154609114, 2.20251518949276 41.386648228455, 2.20253364698965 41.3866343136525, 2.2026223704882 41.386701075251, 2.20274527184115 41.3866080910184, 2.20264176414258 41.3864712341234, 2.20255124170138 41.3865128610828, 2.20251473056583 41.3864645799378, 2.20260685368395 41.3864250718593, 2.20246597457969 41.3862467734286, 2.20233668303874 41.386090227247, 2.20220628888688 41.3859417440119, 2.20192989798787 41.3856425160777, 2.2017962204381 41.3855064309704, 2.20165087324459 41.3853622840752, 2.20127141828373 41.3850139239796, 2.20100733415974 41.3847876681031, 2.20074957173217 41.3845815152809, 2.20050494096718 41.3843970081227, 2.20038455574113 41.3843146715329, 2.20016368477241 41.3841785280139, 2.20003375774776 41.3841058348401, 2.19989597034439 41.3841514367207, 2.199471532149 41.3839527961848, 2.19942908895897 41.3839223617199, 2.19939897710431 41.3838858302734, 2.19937162136422 41.3838921559793, 2.19926189727346 41.3838564072466, 2.19910767232031 41.3837902995797, 2.19898027364221 41.3837212708606, 2.19886661460755 41.3836690105888, 2.19885976380777 41.3836610362695, 2.19885888592241 41.3836263511885, 2.19887033756486 41.3836073439748, 2.19900783942106 41.3835031113521, 2.19919814540636 41.3834513545937, 2.19940284921569 41.3833626677608, 2.19941820125859 41.3833610721522, 2.19955834420443 41.3833524631112, 2.1997764551121 41.3833524668912, 2.19984997797736 41.3833792981657, 2.20005640111043 41.3834712860538, 2.20011559161884 41.3835072862622, 2.20023493863806 41.3836205207429, 2.20032200266673 41.3836618218415, 2.20054380303848 41.3837346666397, 2.20058825138778 41.3838367514691, 2.20065550757297 41.3838470278987, 2.20066944270979 41.3838576184687, 2.20063355980756 41.383905730595, 2.20059415404743 41.3839748868346, 2.20052865459244 41.3839842409627, 2.20045392895235 41.3839637430623, 2.20036926836951 41.3839243953846, 2.20033175490991 41.3838566503135, 2.20025576093192 41.3838059592552, 2.20014689122337 41.3837873225927, 2.19986516403289 41.3836614834137, 2.19977905297015 41.3835990569443, 2.19971174784908 41.3835801234311, 2.19965693237203 41.3835872364369, 2.19960329395818 41.3835841881087, 2.1995761388688 41.3835759194666, 2.19953038443305 41.3835765739941, 2.19950160450099 41.3835905966621, 2.19951637778306 41.3836215682232, 2.19951393534829 41.3836305587565, 2.1995039953896 41.3836433433441, 2.19951019540119 41.3836548485512, 2.19956761874595 41.3836406693385, 2.19961403598237 41.3836376594352, 2.19967523376601 41.3836445525044, 2.19973000449799 41.3836625521574, 2.20014552284972 41.383869704907, 2.20028628265932 41.383948463249, 2.20051159126683 41.3840835474596, 2.20073274570935 41.3842317353423, 2.20085502967564 41.3843221464904, 2.20107455061632 41.3844925259145, 2.20129260372652 41.3846685964907, 2.20145738607875 41.3848076633739, 2.20165813041115 41.384984108544, 2.20196823424746 41.38527541016, 2.20213871352386 41.3854457086201, 2.20231538109283 41.3856323173098, 2.20273184324367 41.3861095127393, 2.20278386889169 41.3861732951641, 2.20290543308125 41.3863300215093, 2.20314261069025 41.3866519807322, 2.20329953255671 41.3868801559591, 2.20343859082783 41.3870972001123, 2.20362065518653 41.3874165789366, 2.20305455032287 41.3878397915198, 2.2032508321358 41.3879242767044, 2.20325988102193 41.3879305905801, 2.20327099767073 41.3879428997653, 2.20327476361427 41.3879645889245, 2.20342666624191 41.3880996184589, 2.20342297642058 41.3881353797868, 2.20338987902723 41.3881590746225, 2.20334749305578 41.3881588532296, 2.20331638374102 41.3881333447264, 2.20331446893606 41.388097184296, 2.20322392715204 41.3880520782374, 2.20313396639606 41.3879750714995, 2.20303067043498 41.3879195543435, 2.20300513079489 41.3878767628735, 2.20299104444586 41.3878872671534, 2.20291704392455 41.3878304755768, 2.20294614363618 41.3878099508532, 2.20283307583935 41.3876536167263, 2.20277819045165 41.3876955718082, 2.20276962934737 41.3876894774546, 2.20149176338017 41.3886539915356, 2.20151877144969 41.3887584364691, 2.20156074374133 41.3888345349908, 2.20166577435072 41.389165749555, 2.20184653943744 41.3895187381039, 2.2020748877417 41.3897953933677, 2.20256054232241 41.3902150695424, 2.20299596402371 41.3904978327811, 2.20354564613587 41.390784222688, 2.20389094897542 41.3909159332073, 2.20442077127774 41.391080643126, 2.20474685208154 41.3911114664166, 2.20484972488288 41.3910354720799, 2.20491904076687 41.390978483127, 2.20493509904406 41.3909720726472, 2.20496520418248 41.3909662816595, 2.20498969931701 41.3909703241389, 2.20499284351449 41.3909775239517, 2.20575919372725 41.3903919782896, 2.20589054030064 41.3904911028059, 2.20537025784118 41.3908850927183, 2.20537769110156 41.3908931976717, 2.20537859780187 41.390899284006, 2.20537874268977 41.3909089951077, 2.2053733388184 41.3909186048372, 2.20534418851632 41.3909353736795, 2.20523915239633 41.3910202286231, 2.20515898841639 41.3910938697869, 2.20512200295089 41.3911224563517, 2.20496174236967 41.3912376451472, 2.20481533429466 41.3913497317822, 2.20478723901855 41.3913652917582, 2.20469179039427 41.3913988579131, 2.20456739304827 41.3914930561142, 2.20482252148851 41.3916833801343, 2.20485299101024 41.3916601810724, 2.20490197418125 41.3916016491551, 2.20499268872677 41.3915240997554, 2.20515347345613 41.3913963760848, 2.20518429787502 41.3913649366087, 2.20522539746698 41.3913413145608, 2.20524570987445 41.391316585116, 2.20550951072613 41.3911087209889, 2.20554007628887 41.3910877103301, 2.20555836647341 41.3910797298512, 2.20559392340878 41.3910770929405, 2.20561266460373 41.3910817801325, 2.20614204887606 41.3906787084049, 2.20627096951613 41.3907747982294, 2.20572923298051 41.3911848381615, 2.20575192681329 41.3911845624524, 2.20575826419321 41.3912142138981, 2.20575123394118 41.3912306761447, 2.20574326696544 41.3912386018085, 2.20572116566513 41.3912521046375, 2.20565701160327 41.3913056437988, 2.20562540921793 41.3913204411522, 2.20552735896388 41.3914072001299, 2.20547470274898 41.3914439293878, 2.20465413389717 41.3920598707229, 2.20433905507063 41.3918192710445, 2.20386667722506 41.3921959806593, 2.20354918667414 41.3924418143178, 2.20202978201875 41.393604623476, 2.20187859381392 41.3937252663206, 2.20168400924671 41.3938692615998, 2.20118173038355 41.3942546658021))"
"10","Sant Martí","68","el Poblenou","212","056","POLYGON ((432799.9255 4583460.8245, 432761.1765 4583499.7415, 432642.0135 4583309.4455, 432613.3435 4583264.2635, 432699.5475 4583175.4975, 432791.8365 4583081.4425, 432981.5365 4582889.5121, 433110.6003 4582756.5211, 433196.7218 4582855.0234, 433226.7559 4582886.6025, 433220.6385 4582892.4525, 433216.2915 4582897.4815, 433209.0675 4582910.5915, 433205.4015 4582919.0675, 433202.8415 4582927.9135, 433201.2755 4582937.5855, 433200.9175 4582947.4035, 433201.7435 4582956.6235, 433203.5405 4582964.6555, 433206.2435 4582972.4315, 433209.7095 4582979.7425, 433213.8955 4582986.6255, 433218.7695 4582993.0205, 433234.0615 4583009.8895, 433174.2184 4583071.8904, 433127.3855 4583121.1195, 432891.7695 4583365.2135, 432833.9265 4583424.3435, 432799.9255 4583460.8245))","POLYGON ((2.19608999195709 41.3998796895122, 2.19562216184015 41.4002269646531, 2.19421792197662 41.3985030479705, 2.19388001312894 41.3980937041468, 2.19492100630295 41.3973014328785, 2.19603534503831 41.3964620238579, 2.19832562288586 41.3947491898287, 2.19988402779998 41.393562119721, 2.200903231842 41.3944564629022, 2.20125898239158 41.3947433820306, 2.20118516781794 41.3947955635157, 2.20113261923744 41.3948404974404, 2.20104476777731 41.3949579758806, 2.20099998414883 41.3950340125388, 2.20096838840463 41.3951134735391, 2.20094859065919 41.3952004566634, 2.20094322561231 41.3952888551099, 2.20095208832852 41.3953719658722, 2.20097269624725 41.3954444572786, 2.20100416913015 41.3955147182069, 2.2010448196342 41.3955808543631, 2.20109412937444 41.3956431954159, 2.20115172223075 41.3957011982927, 2.20133277069768 41.3958544027672, 2.20061014028868 41.3964078579753, 2.20004452678202 41.3968473582924, 2.19719920993574 41.3990262181981, 2.19650075249803 41.3995539561812, 2.19608999195709 41.3998796895122))"
"10","Sant Martí","68","el Poblenou","212","057","POLYGON ((433083.4215 4583358.6475, 432986.4185 4583459.5505, 432891.7695 4583365.2135, 433127.3855 4583121.1195, 433174.2184 4583071.8904, 433234.0615 4583009.8895, 433407.5122 4583197.218, 433416.7695 4583207.8105, 433364.8612 4583260.6289, 433270.9525 4583357.6655, 433178.6415 4583452.1735, 433083.4215 4583358.6475))","POLYGON ((2.19949241071871 41.3989830524499, 2.19832092642936 41.3998837798012, 2.19719920993574 41.3990262181981, 2.20004452678202 41.3968473582924, 2.20061014028868 41.3964078579753, 2.20133277069768 41.3958544027672, 2.20338682743027 41.3975560047076, 2.20349639286545 41.3976521752169, 2.20286968326474 41.3981235970231, 2.20173569979892 41.3989897926019, 2.20062107668649 41.3998333349586, 2.19949241071871 41.3989830524499))"
"10","Sant Martí","68","el Poblenou","212","058","POLYGON ((432948.0815 4583687.4475, 432906.4595 4583730.7995, 432880.2735 4583689.0035, 432858.4215 4583655.0835, 432834.6635 4583616.1435, 432761.1765 4583499.7415, 432799.9255 4583460.8245, 432833.9265 4583424.3435, 432891.7695 4583365.2135, 432986.4185 4583459.5505, 433083.4215 4583358.6475, 433178.6415 4583452.1735, 433112.4835 4583518.5375, 433079.8815 4583552.8035, 432948.0815 4583687.4475))","POLYGON ((2.19783710486622 41.4019331893777, 2.19733440994352 41.4023201765124, 2.19702580062088 41.4019415458924, 2.19676816512534 41.4016342133329, 2.19648828930108 41.4012815072384, 2.19562216184015 41.4002269646531, 2.19608999195709 41.3998796895122, 2.19650075249803 41.3995539561812, 2.19719920993574 41.3990262181981, 2.19832092642936 41.3998837798012, 2.19949241071871 41.3989830524499, 2.20062107668649 41.3998333349586, 2.19982237539249 41.4004255568233, 2.1994286053404 41.4007314686005, 2.19783710486622 41.4019331893777))"
"10","Sant Martí","68","el Poblenou","213","059","POLYGON ((433717.0735 4583497.2435, 433702.2315 4583511.6345, 433617.5475 4583420.6535, 433572.5625 4583372.8575, 433565.3795 4583367.2215, 433509.0601 4583306.9702, 433416.7695 4583207.8105, 433407.5122 4583197.218, 433234.0615 4583009.8895, 433218.7695 4582993.0205, 433213.8955 4582986.6255, 433209.7095 4582979.7425, 433206.2435 4582972.4315, 433203.5405 4582964.6555, 433201.7435 4582956.6235, 433200.9175 4582947.4035, 433201.2755 4582937.5855, 433202.8415 4582927.9135, 433205.4015 4582919.0675, 433209.0675 4582910.5915, 433216.2915 4582897.4815, 433220.6385 4582892.4525, 433226.7559 4582886.6025, 433196.7218 4582855.0234, 433219.7975 4582832.4055, 433261.3935 4582789.2315, 433277.5135 4582773.0955, 433290.0295 4582759.5855, 433371.2035 4582675.7395, 433442.1575 4582601.7875, 433481.265226 4582559.6030375, 433507.8518 4582586.0722, 433575.836 4582517.0522, 433578.871 4582528.604, 433593.054 4582559.025, 433651.576 4582666.994, 433708.064 4582757.259, 433758.986 4582829.377, 433807.284 4582886.997, 433835.754 4582913.943, 433866.349 4582936.663, 433910.977 4582961.611, 433963.8483 4582980.0356, 433992.654 4582950.264, 434002.743 4582941.031, 434004.951 4582937.919, 434006.942 4582935.904, 434016.072 4582927.444, 434020.275 4582923.965, 434021.485 4582923.378, 434022.307 4582923.549, 434022.982 4582924.948, 434067.647 4582878.716, 434078.668 4582889.368, 434027.24 4582942.111, 434036.1719995 4582950.8780005, 433966.386 4583022.668, 433956.0003 4583012.599, 433930.6692 4583038.8749, 433925.675 4583034.007, 433890.5831 4583070.1376, 433884.7963 4583075.6138, 433905.7415 4583095.6255, 433938.1515 4583119.4315, 433965.1395 4583132.8755, 433997.3135 4583147.0215, 434028.7065 4583202.6745, 433926.670202 4583302.9481985, 433902.4739 4583313.9273, 433824.8135 4583389.4695, 433777.5255 4583436.0775, 433717.0735 4583497.2435))","POLYGON ((2.20705676969852 41.400283835552, 2.20687765508169 41.4004122279616, 2.2058746468907 41.3995857981749, 2.20534179049579 41.3991515966498, 2.20525648806545 41.3991002411913, 2.20458942996112 41.3985529179665, 2.20349639286545 41.3976521752169, 2.20338682743027 41.3975560047076, 2.20133277069768 41.3958544027672, 2.20115172223075 41.3957011982927, 2.20109412937444 41.3956431954159, 2.2010448196342 41.3955808543631, 2.20100416913015 41.3955147182069, 2.20097269624725 41.3954444572786, 2.20095208832852 41.3953719658722, 2.20094322561231 41.3952888551099, 2.20094859065919 41.3952004566634, 2.20096838840463 41.3951134735391, 2.20099998414883 41.3950340125388, 2.20104476777731 41.3949579758806, 2.20113261923744 41.3948404974404, 2.20118516781794 41.3947955635157, 2.20125898239158 41.3947433820306, 2.200903231842 41.3944564629022, 2.20118173038355 41.3942546658021, 2.20168400924671 41.3938692615998, 2.20187859381392 41.3937252663206, 2.20202978201875 41.393604623476, 2.20300990216558 41.3928561728362, 2.20386667722506 41.3921959806593, 2.20433905507063 41.3918192710445, 2.20465413389717 41.3920598707229, 2.20547482141008 41.3914438420326, 2.20550985404301 41.3915481369345, 2.20567615158809 41.3918233026529, 2.20636426756401 41.3928005831226, 2.20703001384227 41.3936182362138, 2.20763118766097 41.3942719814222, 2.20820257272004 41.3947949275759, 2.20854015562579 41.3950399665254, 2.2089036197166 41.3952471166927, 2.20943469210485 41.3954754861717, 2.2100650783867 41.3956457754832, 2.21041287056102 41.3953799947151, 2.21053455156608 41.3952976633307, 2.21056130061935 41.3952698154901, 2.21058533456375 41.3952518302534, 2.21069546030168 41.3951763822219, 2.21074611137539 41.3951453925438, 2.21076064811496 41.3951402048483, 2.2107704614071 41.3951418124445, 2.21077838264294 41.3951544682842, 2.21131765345848 41.3947417307401, 2.21144831504523 41.394838574284, 2.21082744266421 41.3953094006758, 2.21093332338446 41.3953890956767, 2.21009078295665 41.3960299636666, 2.20996765636424 41.3959384217146, 2.20966180107826 41.3961730016235, 2.2096025958143 41.3961287472851, 2.20917891156624 41.3964512827073, 2.20910909648829 41.3965001297528, 2.20935744232851 41.3966820920756, 2.20974250938768 41.3968991701545, 2.21006385470748 41.3970224736968, 2.2104471562592 41.3971525247772, 2.2108165951168 41.3976563540674, 2.20958515187907 41.3985511169859, 2.20929452684445 41.3986480144367, 2.20835732632965 41.3993220166547, 2.20778658172532 41.3997379100041, 2.20705676969852 41.400283835552))"
"10","Sant Martí","68","el Poblenou","213","060","POLYGON ((433565.2615 4583647.0095, 433550.5815 4583661.2105, 433474.8775 4583579.4435, 433454.5855 4583555.3295, 433573.6655 4583450.8295, 433531.0495 4583402.4035, 433518.1576 4583412.8771, 433364.8612 4583260.6289, 433416.7695 4583207.8105, 433565.3795 4583367.2215, 433572.5625 4583372.8575, 433617.5475 4583420.6535, 433702.2315 4583511.6345, 433595.0935 4583616.7295, 433565.2615 4583647.0095))","POLYGON ((2.2052243735821 41.4016202098875, 2.20504721041997 41.4017469014584, 2.20415061181233 41.4010041870815, 2.20391052891837 41.4007853193563, 2.2053464293119 41.3998539616152, 2.20484198084809 41.3994142792672, 2.20468662115077 41.3995075464591, 2.20286968326474 41.3981235970231, 2.20349639286545 41.3976521752169, 2.20525648806545 41.3991002411913, 2.20534179049579 41.3991515966498, 2.2058746468907 41.3995857981749, 2.20687765508169 41.4004122279616, 2.20558454995916 41.4013499502234, 2.2052243735821 41.4016202098875))"
"10","Sant Martí","68","el Poblenou","213","061","POLYGON ((433512.9465 4583504.2685, 433454.5855 4583555.3295, 433366.7295 4583452.0475, 433274.3883 4583546.813, 433262.0295 4583534.1615, 433228.3295 4583501.5535, 433178.6415 4583452.1735, 433270.9525 4583357.6655, 433364.8612 4583260.6289, 433518.1576 4583412.8771, 433531.0495 4583402.4035, 433573.6655 4583450.8295, 433512.9465 4583504.2685))","POLYGON ((2.20461425056174 41.4003302543132, 2.20391052891837 41.4007853193563, 2.20287096398978 41.3998478092934, 2.20175595091499 41.4006936792514, 2.2016095100244 41.4005787048155, 2.20120998887141 41.4002822153056, 2.20062107668649 41.3998333349586, 2.20173569979892 41.3989897926019, 2.20286968326474 41.3981235970231, 2.20468662115077 41.3995075464591, 2.20484198084809 41.3994142792672, 2.2053464293119 41.3998539616152, 2.20461425056174 41.4003302543132))"
"10","Sant Martí","68","el Poblenou","213","062","POLYGON ((433477.6315 4583732.7295, 433470.4185 4583740.2905, 433406.1035 4583677.6635, 433364.5055 4583635.4655, 433320.1555 4583592.7155, 433288.4755 4583561.3775, 433274.3883 4583546.813, 433366.7295 4583452.0475, 433425.3855 4583520.7395, 433442.1005 4583540.8855, 433474.8775 4583579.4435, 433550.5815 4583661.2105, 433517.0245 4583694.4815, 433495.8355 4583716.1575, 433477.6315 4583732.7295))","POLYGON ((2.20416671083556 41.4023850217836, 2.20407959587627 41.4024525248746, 2.20331713032739 41.4018831353968, 2.20282417208952 41.4014996226071, 2.20229836089027 41.4011109077861, 2.20192285662057 41.4008260267968, 2.20175595091499 41.4006936792514, 2.20287096398978 41.3998478092934, 2.20356504260218 41.4004713590024, 2.20376277145344 41.4006541926027, 2.20415061181233 41.4010041870815, 2.20504721041997 41.4017469014584, 2.20464214186629 41.4020437905212, 2.20438629293885 41.4022372681451, 2.20416671083556 41.4023850217836))"
"10","Sant Martí","68","el Poblenou","214","063","POLYGON ((433395.5415 4583813.8795, 433370.9455 4583839.6145, 433300.4155 4583769.6005, 433225.9995 4583696.7195, 433222.5355 4583692.6515, 433237.3315 4583677.0055, 433269.1335 4583645.0475, 433320.1555 4583592.7155, 433364.5055 4583635.4655, 433406.1035 4583677.6635, 433470.4185 4583740.2905, 433418.0935 4583792.1355, 433395.5415 4583813.8795))","POLYGON ((2.20317579797091 41.403109121845, 2.20287873765562 41.4033388720706, 2.20204274042068 41.4027024264065, 2.20116059056435 41.4020398297113, 2.20111960220378 41.4020029026269, 2.20129832058023 41.4018632120896, 2.20168226476236 41.4015780150967, 2.20229836089027 41.4011109077861, 2.20282417208952 41.4014996226071, 2.20331713032739 41.4018831353968, 2.20407959587627 41.4024525248746, 2.2034479661131 41.4029151474272, 2.20317579797091 41.403109121845))"
"10","Sant Martí","68","el Poblenou","214","064","POLYGON ((433166.508500001 4583809.3445, 433160.9865 4583813.6495, 433086.0867 4583740.899, 432988.3155 4583646.6035, 433079.8815 4583552.8035, 433112.4835 4583518.5375, 433178.6415 4583452.1735, 433228.3295 4583501.5535, 433262.0295 4583534.1615, 433288.4755 4583561.3775, 433320.1555 4583592.7155, 433269.1335 4583645.0475, 433237.3315 4583677.0055, 433222.5355 4583692.6515, 433225.9995 4583696.7195, 433258.4355 4583728.2425, 433166.508500001 4583809.3445))","POLYGON ((2.20043651192949 41.4030492693886, 2.20036998021688 41.4030875842872, 2.19948204063332 41.4024261100282, 2.1983229127797 41.4015686731493, 2.1994286053404 41.4007314686005, 2.19982237539249 41.4004255568233, 2.20062107668649 41.3998333349586, 2.20120998887141 41.4002822153056, 2.2016095100244 41.4005787048155, 2.20192285662057 41.4008260267968, 2.20229836089027 41.4011109077861, 2.20168226476236 41.4015780150967, 2.20129832058023 41.4018632120896, 2.20111960220378 41.4020029026269, 2.20116059056435 41.4020398297113, 2.20154512144685 41.4023264421655, 2.20043651192949 41.4030492693886))"
"10","Sant Martí","68","el Poblenou","214","065","POLYGON ((433172.8155 4584034.2775, 433125.9725 4584081.9555, 433033.1635 4583931.8915, 433039.4496 4583924.6435, 433046.8015 4583918.0175, 433096.4015 4583870.4275, 433160.9865 4583813.6495, 433166.508500001 4583809.3445, 433258.4355 4583728.2425, 433370.9455 4583839.6145, 433340.5315 4583868.1685, 433278.4834 4583929.9726, 433172.8155 4584034.2775))","POLYGON ((2.2004871249316 41.4050757036111, 2.19992148506976 41.4055012308156, 2.19882782870824 41.4041419202697, 2.19890382858227 41.4040771631462, 2.19899250921033 41.4040180969145, 2.19959111291503 41.4035935961381, 2.20036998021688 41.4030875842872, 2.20043651192949 41.4030492693886, 2.20154512144685 41.4023264421655, 2.20287873765562 41.4033388720706, 2.20251176698557 41.4035935290978, 2.20176270383822 41.4041450347698, 2.2004871249316 41.4050757036111))"
"10","Sant Martí","68","el Poblenou","214","066","POLYGON ((433039.4496 4583924.6435, 433033.1635 4583931.8915, 432975.1955 4583841.5355, 432954.9015 4583864.3875, 432894.6535 4583926.3475, 432803.5235 4583837.1075, 432948.0815 4583687.4475, 432988.3155 4583646.6035, 433086.0867 4583740.899, 433160.9865 4583813.6495, 433096.4015 4583870.4275, 433046.8015 4583918.0175, 433039.4496 4583924.6435))","POLYGON ((2.19890382858227 41.4040771631462, 2.19882782870824 41.4041419202697, 2.19814438633575 41.4033232781662, 2.19789908944188 41.4035274076224, 2.1971715050842 41.4040804373307, 2.19609126250375 41.4032690660016, 2.19783710486622 41.4019331893777, 2.1983229127797 41.4015686731493, 2.19948204063332 41.4024261100282, 2.20036998021688 41.4030875842872, 2.19959111291503 41.4035935961381, 2.19899250921033 41.4040180969145, 2.19890382858227 41.4040771631462))"
"10","Sant Martí","68","el Poblenou","214","067","POLYGON ((432808.1462 4584043.3206, 432758.475 4584096.2887, 432600.2857 4584045.0455, 432709.1225 4583933.9595, 432730.0975 4583911.8675, 432803.5235 4583837.1075, 432894.6535 4583926.3475, 432954.9015 4583864.3875, 432975.1955 4583841.5355, 433033.1635 4583931.8915, 433025.588 4583939.4628, 432993.0884 4583964.4636, 432928.3833 4584017.6674, 432882.658 4583972.873, 432877.1353 4583967.8644, 432817.9515 4584029.7735, 432808.1462 4584043.3206))","POLYGON ((2.19612366976224 41.4051267552678, 2.19552358029114 41.4055996706073, 2.19363689233275 41.4051248907058, 2.19495123088049 41.4041334885359, 2.19520460123892 41.4039362675764, 2.19609126250375 41.4032690660016, 2.1971715050842 41.4040804373307, 2.19789908944188 41.4035274076224, 2.19814438633575 41.4033232781662, 2.19882782870824 41.4041419202697, 2.19873636832779 41.4042094817969, 2.19834482079159 41.4044319488715, 2.19756488112157 41.4049057447762, 2.19702284896722 41.4044984780298, 2.19695733825918 41.4044529058886, 2.19624247196236 41.4050055598813, 2.19612366976224 41.4051267552678))"
"10","Sant Martí","68","el Poblenou","214","068","POLYGON ((433044.0192 4584162.4087, 433034.2156 4584186.1994, 432758.475 4584096.2887, 432808.1462 4584043.3206, 432817.9515 4584029.7735, 432877.1353 4583967.8644, 432882.658 4583972.873, 432928.3833 4584017.6674, 432993.0884 4583964.4636, 433025.588 4583939.4628, 433033.1635 4583931.8915, 433125.9725 4584081.9555, 433055.265 4584154.0753, 433044.0192 4584162.4087))","POLYGON ((2.19893219018082 41.4062190285794, 2.19881227759795 41.4064324881099, 2.19552358029114 41.4055996706073, 2.19612366976224 41.4051267552678, 2.19624247196236 41.4050055598813, 2.19695733825918 41.4044529058886, 2.19702284896722 41.4044984780298, 2.19756488112157 41.4049057447762, 2.19834482079159 41.4044319488715, 2.19873636832779 41.4042094817969, 2.19882782870824 41.4041419202697, 2.19992148506976 41.4055012308156, 2.19906764516898 41.406144908584, 2.19893219018082 41.4062190285794))"
"10","Sant Martí","68","el Poblenou","215","069","POLYGON ((433488.3855 4584285.1685, 433453.0295 4584320.6635, 433307.5729 4584274.279, 433034.2156 4584186.1994, 433044.0192 4584162.4087, 433055.265 4584154.0753, 433172.8155 4584034.2775, 433209.8105 4583997.8065, 433223.1955 4584013.6755, 433292.8535 4584100.0355, 433369.4395 4584022.5565, 433561.9065 4584210.0725, 433488.3855 4584285.1685))","POLYGON ((2.20423464647793 41.4073615821877, 2.20380777254531 41.407678349788, 2.20207275017309 41.4072485222931, 2.19881227759795 41.4064324881099, 2.19893219018082 41.4062190285794, 2.19906764516898 41.406144908584, 2.2004871249316 41.4050757036111, 2.20093371214845 41.4047502937881, 2.20109208226371 41.4048943334582, 2.20191586467368 41.4056779375573, 2.20284058371528 41.4049864566779, 2.20512243695733 41.4066912925961, 2.20423464647793 41.4073615821877))"
"10","Sant Martí","68","el Poblenou","215","070","POLYGON ((433327.0095 4584065.5015, 433292.8535 4584100.0355, 433223.1955 4584013.6755, 433209.8105 4583997.8065, 433327.9235 4583880.9815, 433340.5315 4583868.1685, 433370.3995 4583840.1875, 433395.5415 4583813.8795, 433418.6015 4583791.6325, 433457.7585 4583829.8255, 433509.2555 4583880.7135, 433479.2585 4583909.7895, 433458.5335 4583930.9215, 433423.5815 4583967.3435, 433327.0095 4584065.5015))","POLYGON ((2.20232827318387 41.4053697327743, 2.20191586467368 41.4056779375573, 2.20109208226371 41.4048943334582, 2.20093371214845 41.4047502937881, 2.20235953243762 41.4037078868473, 2.20251176698557 41.4035935290978, 2.20287214308084 41.4033439876775, 2.20317579797091 41.403109121845, 2.20345409832937 41.4029106591105, 2.20391831077299 41.4032578952284, 2.20452875103144 41.4037204906853, 2.20416671557821 41.4039798890166, 2.20391646802842 41.4041685041806, 2.20349434466801 41.4044936536457, 2.20232827318387 41.4053697327743))"
"10","Sant Martí","68","el Poblenou","215","071","POLYGON ((433543.4175 4583845.8375, 433509.2555 4583880.7135, 433457.7585 4583829.8255, 433418.6015 4583791.6325, 433469.0075 4583741.7715, 433477.6315 4583732.7295, 433495.8355 4583716.1575, 433540.4995 4583670.9635, 433565.2615 4583647.0095, 433595.0935 4583616.7295, 433702.2315 4583511.6345, 433711.6964 4583521.9765, 433785.865 4583599.855, 433580.8355 4583808.8855, 433559.6115 4583829.2105, 433543.4175 4583845.8375))","POLYGON ((2.20494124414074 41.4034091964033, 2.20452875103144 41.4037204906853, 2.20391831077299 41.4032578952284, 2.20345409832937 41.4029106591105, 2.20406255430058 41.4024657470894, 2.20416671083556 41.4023850217836, 2.20438629293885 41.4022372681451, 2.20492553706842 41.4018339108618, 2.2052243735821 41.4016202098875, 2.20558454995916 41.4013499502234, 2.20687765508169 41.4004122279616, 2.20698974117664 41.4005061561133, 2.2078684244251 41.401213699475, 2.20539291074489 41.4030794716023, 2.20513678951002 41.4032607798498, 2.20494124414074 41.4034091964033))"
"10","Sant Martí","68","el Poblenou","215","072","POLYGON ((433901.6455 4583859.4395, 433841.3065 4583920.5035, 433820.5095 4583899.4515, 433772.9495 4583852.9295, 433747.481 4583826.3235, 433709.5595 4583789.8555, 433654.9545 4583733.3685, 433785.865 4583599.855, 433966.5555 4583792.5255, 433901.6455 4583859.4395))","POLYGON ((2.20922505599651 41.403561238344, 2.20849657550805 41.4041062629943, 2.20825009075028 41.4039149413014, 2.20768624063313 41.4034920131209, 2.20738448581956 41.4032502813091, 2.2069348453792 41.4029186975157, 2.20628783007433 41.4024054294615, 2.2078684244251 41.401213699475, 2.21000884269417 41.4029638948939, 2.20922505599651 41.403561238344))"
"10","Sant Martí","68","el Poblenou","215","073","POLYGON ((433841.3065 4583920.5035, 433748.9555 4584016.4895, 433652.0715 4583922.2055, 433559.6115 4583829.2105, 433580.8355 4583808.8855, 433654.9545 4583733.3685, 433709.5595 4583789.8555, 433747.481 4583826.3235, 433772.9495 4583852.9295, 433820.5095 4583899.4515, 433841.3065 4583920.5035))","POLYGON ((2.20849657550805 41.4041062629943, 2.207381310037 41.4049631787698, 2.20623264448287 41.4041059973207, 2.20513678951002 41.4032607798498, 2.20539291074489 41.4030794716023, 2.20628783007433 41.4024054294615, 2.2069348453792 41.4029186975157, 2.20738448581956 41.4032502813091, 2.20768624063313 41.4034920131209, 2.20825009075028 41.4039149413014, 2.20849657550805 41.4041062629943))"
"10","Sant Martí","68","el Poblenou","215","074","POLYGON ((433480.9835 4584097.7095, 433464.0505 4584114.7985, 433369.4395 4584022.5565, 433423.5815 4583967.3435, 433458.5335 4583930.9215, 433479.2585 4583909.7895, 433509.2555 4583880.7135, 433559.6115 4583829.2105, 433652.0715 4583922.2055, 433748.9555 4584016.4895, 433693.7555 4584073.7435, 433597.7215 4583979.4795, 433568.3695 4584009.6475, 433480.9835 4584097.7095))","POLYGON ((2.20416669849925 41.4056725770268, 2.20396225224598 41.4058250917299, 2.20284058371528 41.4049864566779, 2.20349434466801 41.4044936536457, 2.20391646802842 41.4041685041806, 2.20416671557821 41.4039798890166, 2.20452875103144 41.4037204906853, 2.20513678951002 41.4032607798498, 2.20623264448287 41.4041059973207, 2.207381310037 41.4049631787698, 2.2067146930467 41.4054742995558, 2.20557619356265 41.4046173618685, 2.20522175330604 41.4048866521036, 2.20416669849925 41.4056725770268))"
"10","Sant Martí","68","el Poblenou","215","075","POLYGON ((433650.7235 4584118.5595, 433561.9065 4584210.0725, 433464.0505 4584114.7985, 433568.3695 4584009.6475, 433597.7215 4583979.4795, 433693.7555 4584073.7435, 433650.7235 4584118.5595))","POLYGON ((2.20619499434159 41.405874394956, 2.20512243695733 41.4066912925961, 2.20396225224598 41.4058250917299, 2.20522175330604 41.4048866521036, 2.20557619356265 41.4046173618685, 2.2067146930467 41.4054742995558, 2.20619499434159 41.405874394956))"
"10","Sant Martí","69","Diagonal Mar i el Front Marítim del Poblenou","216","076","POLYGON ((433904.3005 4584434.3075, 433883.9108 4584459.9291, 433862.5765 4584453.5057, 433785.5295 4584428.0115, 433593.7011 4584366.3518, 433453.0295 4584320.6635, 433488.3855 4584285.1685, 433561.9065 4584210.0725, 433650.7235 4584118.5595, 433748.9555 4584016.4895, 433844.3265 4584111.1355, 433939.6665 4584204.6925, 434035.1505 4584299.2775, 433904.3005 4584434.3075))","POLYGON ((2.20919403595468 41.4087391443894, 2.20894730513295 41.4089682345268, 2.20869277411616 41.4089086255233, 2.20777381235273 41.4086726628158, 2.20548564997155 41.4081014855129, 2.20380777254531 41.407678349788, 2.20423464647793 41.4073615821877, 2.20512243695733 41.4066912925961, 2.20619499434159 41.405874394956, 2.207381310037 41.4049631787698, 2.20851186630925 41.4058234848213, 2.20964220041797 41.4066739690102, 2.2107741746655 41.4075337129792, 2.20919403595468 41.4087391443894))"
"10","Sant Martí","69","Diagonal Mar i el Front Marítim del Poblenou","217","077","POLYGON ((433962.1895 4584181.5955, 433939.6665 4584204.6925, 433844.3265 4584111.1355, 433748.9555 4584016.4895, 433841.3065 4583920.5035, 433901.6455 4583859.4395, 433966.5555 4583792.5255, 434025.3775 4583854.9155, 434060.0845 4583892.3015, 434150.5985 4583987.9785, 434104.3055 4584035.0855, 434056.0635 4584085.2895, 433962.1895 4584181.5955))","POLYGON ((2.20991416531379 41.4064677908705, 2.20964220041797 41.4066739690102, 2.20851186630925 41.4058234848213, 2.207381310037 41.4049631787698, 2.20849657550805 41.4041062629943, 2.20922505599651 41.403561238344, 2.21000884269417 41.4029638948939, 2.21070569557438 41.4035306551941, 2.21111680587591 41.4038702289686, 2.21218917808289 41.4047393868768, 2.21163025834327 41.4051598745706, 2.21104767828642 41.4056080934739, 2.20991416531379 41.4064677908705))"
"10","Sant Martí","69","Diagonal Mar i el Front Marítim del Poblenou","217","078","POLYGON ((434190.7525 4583946.5035, 434181.8095 4583954.6435, 434166.8615 4583940.5995, 434087.3775 4583861.8855, 433990.2435 4583767.5115, 433966.5555 4583792.5255, 433785.865 4583599.855, 433711.6964 4583521.9765, 433702.2315 4583511.6345, 433717.0735 4583497.2435, 433777.5255 4583436.0775, 433824.8135 4583389.4695, 433902.4739 4583313.9273, 433926.670202 4583302.9481985, 434028.7065 4583202.6745, 433997.3135 4583147.0215, 433965.1395 4583132.8755, 433938.1515 4583119.4315, 433905.7415 4583095.6255, 433884.7963 4583075.6138, 433890.582841 4583070.137845, 433925.675 4583034.007, 433930.6691465 4583038.874848, 433956.000155 4583012.5991505, 433966.386 4583022.668, 434036.1722 4582950.8782, 434027.24 4582942.111, 434034.208 4582934.928, 434052.402 4582952.739, 434062.773 4582941.963, 434067.554 4582946.582, 434101.404 4582911.328, 434112.444 4582921.884, 434068.4914 4582967.4015, 434069.333 4582968.774, 434069.075 4582970.061, 434063.487 4582975.517, 434057.513 4582982.89, 434044.929 4582996.692, 434027.445 4583013.765, 434020.2628 4583021.8457, 434052.541 4583104.79, 434088.632 4583163.536, 434090.572 4583169.631, 434097.437 4583181.061, 434128.722 4583219.907, 434137.845 4583234.731, 434195.598 4583304.044, 434231.931 4583338.728, 434265.858 4583365.088, 434302.384 4583381.657, 434329.876 4583388.215, 434333.628 4583385.181, 434335.204 4583384.543, 434336.577 4583383.534, 434339.838 4583379.701, 434345.065 4583372.629, 434346.333 4583371.946, 434351.808 4583366.517, 434361.493 4583358.296, 434363.15 4583356.349, 434366.295 4583351.559, 434375.191 4583343.888, 434376.764 4583344.036, 434379.358 4583342.439, 434379.054 4583340.548, 434381.271 4583332.335, 434382.279 4583331.401, 434385.79 4583329.506, 434387.654 4583326.911, 434389.875 4583324.878, 434390.879 4583321.887, 434392.045 4583320.118, 434393.166 4583319.182, 434395.711 4583318.271, 434396.508 4583316.563, 434397.423 4583316.085, 434399.308 4583316.655, 434401.617 4583315.368, 434404.171 4583313.386, 434407.686 4583309.76, 434412.008 4583307.716, 434414.413 4583306.171, 434419.518 4583301.916, 434423.682 4583300.873, 434425.466 4583301.191, 434427.191 4583302.14, 434428.496 4583303.29, 434429.422 4583304.743, 434429.416 4583306.265, 434427.886 4583309.392, 434422.792 4583314.277, 434414.539 4583321.43, 434413.518 4583323.151, 434411.951 4583327.037, 434408.429 4583330.711, 434407.8 4583332.465, 434410.365 4583335.66, 434414.91 4583340.0, 434418.13 4583338.78, 434420.54 4583337.4, 434424.2 4583333.58, 434426.9 4583331.27, 434431.46 4583328.27, 434434.1 4583325.96, 434435.86 4583325.58, 434438.25 4583327.03, 434439.22 4583328.14, 434439.77 4583330.08, 434439.41 4583334.17, 434438.24 4583338.4, 434434.99 4583343.12, 434433.2 4583346.45, 434429.67 4583350.53, 434426.77 4583353.04, 434423.46 4583354.52, 434418.69 4583357.33, 434413.3 4583361.32, 434407.54 4583366.32, 434403.73 4583372.98, 434399.82 4583376.52, 434393.66 4583380.16, 434392.24 4583381.33, 434388.91 4583385.09, 434386.99 4583388.62, 434384.57 4583390.87, 434382.88 4583393.44, 434381.58 4583394.47, 434380.0 4583396.76, 434375.78 4583399.96, 434373.52 4583403.08, 434371.72 4583404.14, 434370.32 4583405.29, 434369.32 4583406.72, 434367.29 4583408.05, 434360.48 4583415.37, 434357.74 4583419.77, 434350.559 4583425.061, 434349.147 4583428.01, 434348.266 4583429.179, 434343.902 4583431.593, 434374.679 4583512.543, 434406.491 4583575.962, 434441.916 4583631.565, 434478.69 4583675.359, 434517.989 4583711.593, 434564.743 4583740.301, 434579.0473 4583745.766, 434588.15 4583737.12, 434590.6 4583735.63, 434590.83 4583734.34, 434591.97 4583733.51, 434592.78 4583733.48, 434604.02 4583722.9, 434605.41 4583721.94, 434606.12 4583720.91, 434607.4 4583720.3, 434609.84 4583717.67, 434618.06 4583710.53, 434618.91 4583710.14, 434619.2 4583709.44, 434620.52 4583708.94, 434622.25 4583706.82, 434623.37 4583706.22, 434623.62 4583705.5, 434631.2 4583698.52, 434635.33 4583695.36, 434638.45 4583693.7, 434644.06 4583687.43, 434647.43 4583685.95, 434651.51 4583682.79, 434652.24 4583682.03, 434653.05 4583680.1, 434653.25 4583678.72, 434653.97 4583678.0, 434655.09 4583677.52, 434656.35 4583675.31, 434656.91 4583674.98, 434658.91 4583672.11, 434660.15 4583670.96, 434662.05 4583670.14, 434663.35 4583668.89, 434668.25 4583660.77, 434669.53 4583659.52, 434671.02 4583659.52, 434673.07 4583657.01, 434673.92 4583656.82, 434674.54 4583657.17, 434675.02 4583656.66, 434675.61 4583653.71, 434676.88 4583652.25, 434679.87 4583650.41, 434680.44 4583649.64, 434682.74 4583649.13, 434683.72 4583648.39, 434685.33 4583643.96, 434687.91 4583640.68, 434689.55 4583637.96, 434698.12 4583627.87, 434699.17 4583627.4, 434700.43 4583627.58, 434701.94 4583628.98, 434702.61 4583628.86, 434704.25 4583627.24, 434707.0 4583626.32, 434707.63 4583625.68, 434709.12 4583625.0, 434711.6 4583624.03, 434712.24 4583624.84, 434711.96 4583625.66, 434710.53 4583627.47, 434699.74 4583638.7, 434688.65 4583652.6, 434675.12 4583667.57, 434667.93 4583676.44, 434665.53 4583680.58, 434664.28 4583680.67, 434663.75 4583682.32, 434662.25 4583684.06, 434660.72 4583687.56, 434660.93 4583688.56, 434662.98 4583689.01, 434662.73 4583689.77, 434660.31 4583690.3, 434659.46 4583693.04, 434655.08 4583697.76, 434653.26 4583698.94, 434651.84 4583700.88, 434649.79 4583702.87, 434648.2 4583703.99, 434642.44 4583709.65, 434640.08 4583711.32, 434637.24 4583714.0, 434629.33 4583722.62, 434624.18 4583727.58, 434621.13 4583730.13, 434618.66 4583731.55, 434610.48 4583737.74, 434609.52 4583737.8, 434608.84 4583738.87, 434608.65 4583740.53, 434607.73 4583742.07, 434601.45 4583745.68, 434599.88 4583746.99, 434599.17 4583748.03, 434598.21 4583748.42, 434597.37 4583751.03, 434594.47 4583754.53, 434590.39 4583757.67, 434588.66 4583759.53, 434584.18 4583762.64, 434581.91 4583765.77, 434579.84 4583768.0, 434576.51 4583770.1, 434575.12 4583771.35, 434572.57 4583774.69, 434571.14 4583775.48, 434563.879 4583781.72, 434552.6963 4583794.1348, 434472.8695995 4583874.1426005, 434453.3795 4583876.9955, 434388.5935 4583942.7575, 434382.4225 4583948.4235, 434372.1415 4583938.1675, 434347.1015 4583915.8035, 434282.4565 4583852.2375, 434222.4875 4583914.2815, 434190.7525 4583946.5035))","POLYGON ((2.21267403946983 41.4043691198885, 2.21256617212375 41.4044417027264, 2.21238888136949 41.4043139879552, 2.2114466126413 41.4035985177794, 2.21029493599875 41.4027405453218, 2.21000884269417 41.4029638948939, 2.2078684244251 41.401213699475, 2.20698974117664 41.4005061561133, 2.20687765508169 41.4004122279616, 2.20705676969852 41.400283835552, 2.20778658172532 41.3997379100041, 2.20835732632965 41.3993220166547, 2.20929452684445 41.3986480144367, 2.20958515187907 41.3985511169859, 2.2108165951168 41.3976563540674, 2.2104471562592 41.3971525247772, 2.21006385470748 41.3970224736968, 2.20974250938768 41.3968991701545, 2.20935744232851 41.3966820920756, 2.20910909648829 41.3965001297528, 2.20917890844154 41.3964512848926, 2.2096025958143 41.3961287472851, 2.20966180044401 41.3961730011507, 2.20996765461346 41.3959384230582, 2.21009078295665 41.3960299636666, 2.21093332576091 41.3953890974901, 2.21082744266421 41.3953094006758, 2.21091156944489 41.3952452767051, 2.21112724813051 41.3954071883844, 2.21125246931556 41.3953109819235, 2.21130915198958 41.3953529761594, 2.21171786890172 41.3950382262395, 2.21184876938041 41.3951342062417, 2.21131809745147 41.3955405693236, 2.21132801443826 41.3955530001057, 2.21132478836006 41.3955645706576, 2.21125735588709 41.395613253399, 2.2111850975818 41.3956791704115, 2.21103307609201 41.3958024497483, 2.21082208816097 41.3959547880178, 2.2107353004772 41.3960269797011, 2.21111235108406 41.3967766869397, 2.21153765086332 41.397308757158, 2.2115601924789 41.397363812379, 2.21164106334297 41.3974673223138, 2.21201104985963 41.3978197623608, 2.21211856185356 41.3979540258793, 2.21280184103813 41.3985830399088, 2.21323267478691 41.3988984030307, 2.21363563653721 41.3991385955764, 2.21407075234319 41.3992908138687, 2.21439889338996 41.3993521260349, 2.21444410298627 41.3993251059397, 2.21446302390899 41.3993194883312, 2.2144795568302 41.3993105126323, 2.21451897979916 41.3992762560051, 2.21458227075267 41.3992129869867, 2.21459751229702 41.3992069389019, 2.21466359146181 41.3991584882007, 2.21478033204794 41.3990852342563, 2.21480036368227 41.3990678333478, 2.21483850252319 41.3990249476634, 2.21494574528746 41.3989565828632, 2.21496454498234 41.3989580442435, 2.21499574669366 41.3989438721389, 2.21499231529653 41.3989268155353, 2.21501972448062 41.3988530238933, 2.21503188306988 41.3988446938332, 2.21507408585511 41.3988279125223, 2.21509666361956 41.3988046920671, 2.21512345077774 41.3987865625398, 2.21513578440019 41.3987597052237, 2.21514992338071 41.3987438673928, 2.21516343381604 41.398735528525, 2.21519397492485 41.3987275310085, 2.21520369342778 41.3987122124771, 2.21521469012548 41.3987079818951, 2.21523717606478 41.3987132695409, 2.21526493494469 41.3987018662072, 2.21529569971462 41.3986842231505, 2.21533813770511 41.3986518513534, 2.2153900573115 41.3986337940719, 2.21541899239534 41.3986200747849, 2.21548051739382 41.3985821673647, 2.21553043855296 41.3985731129067, 2.21555174364191 41.3985761225486, 2.21557227465783 41.3985848106456, 2.21558776002864 41.3985952748493, 2.21559867913323 41.3986084371955, 2.21559844253113 41.3986221450066, 2.21557980257659 41.3986501844008, 2.21551834091222 41.3986937670342, 2.21541884663235 41.3987575193219, 2.21540644735348 41.3987729366888, 2.21538728246907 41.3988078091681, 2.21534475546823 41.3988406127355, 2.21533704155593 41.3988563592944, 2.21536737712044 41.3988853451481, 2.21542127281016 41.3989248052441, 2.21545992158426 41.3989140796234, 2.21548889871518 41.3989018468449, 2.21553309220905 41.3988677394907, 2.21556563891459 41.3988471540495, 2.21562050902519 41.3988205056048, 2.21565233798001 41.3987999152458, 2.2156734316555 41.3987966361851, 2.21570186301146 41.3988098908733, 2.2157133456295 41.3988199674749, 2.21571971447497 41.3988374854481, 2.21571496538992 41.3988742937747, 2.21570051217617 41.3989122970041, 2.21566112556752 41.3989545439452, 2.21563935351773 41.39898439052, 2.21559668686164 41.3990208502747, 2.21556172607573 41.3990432207665, 2.21552197252612 41.39905628084, 2.21546461079718 41.399081200821, 2.21539970493148 41.3991166981853, 2.21533026373461 41.3991612621632, 2.21528396797342 41.3992209364135, 2.21523681401116 41.399252501376, 2.21516273523092 41.3992847834138, 2.21514562275971 41.3992952054661, 2.21510538265468 41.3993287991865, 2.21508203352071 41.3993604363957, 2.21505284220347 41.3993805041381, 2.21503234827873 41.399403513611, 2.21501668634192 41.3994126844891, 2.21499753853774 41.3994331810382, 2.21494671298493 41.3994616582786, 2.21491934116109 41.39948957493, 2.21489769504179 41.3994989751849, 2.21488082387597 41.3995092186937, 2.21486870706841 41.3995220167438, 2.21484428044853 41.3995338300413, 2.2147620270045 41.3995992036504, 2.21472877459194 41.3996386097276, 2.21464230307923 41.3996856782356, 2.21462509320266 41.3997121238942, 2.21461442806746 41.3997225808672, 2.21456196485811 41.3997439668588, 2.21492133933309 41.4004755769379, 2.21529500204462 41.4010493727488, 2.21571273706371 41.4015530650971, 2.21614789375757 41.4019505050096, 2.21661407838228 41.4022800578177, 2.21717026069658 41.402542430643, 2.21734078315639 41.4025928167087, 2.21745060723361 41.4025156848676, 2.21748007598937 41.4025024641161, 2.21748296671918 41.4024908641007, 2.21749669347499 41.4024834812313, 2.21750638621416 41.402483276926, 2.21764198593127 41.4023888996879, 2.21765871727272 41.4023803662542, 2.21766732179233 41.4023711470351, 2.21768269946141 41.4023657570189, 2.21771217162494 41.4023422676797, 2.21781127305623 41.4022786278809, 2.21782148313908 41.4022751843656, 2.2178250278121 41.4022689032121, 2.21784087205591 41.4022645071714, 2.21786179580369 41.4022455535066, 2.21787525837946 41.402240240521, 2.21787832671342 41.4022337759778, 2.21796975467713 41.402171525079, 2.21801950013621 41.4021433994771, 2.21805700169237 41.4021287018952, 2.21812478701624 41.4020726855175, 2.21816525964242 41.4020596294401, 2.21821440681932 41.4020314996877, 2.21822322131284 41.4020247138783, 2.21823311908561 41.4020073966519, 2.21823566050619 41.4019949835677, 2.21824435105209 41.4019885572145, 2.21825780059057 41.4019843249953, 2.21827311158464 41.4019645224441, 2.2182798460655 41.4019615957239, 2.21830408034899 41.4019359088432, 2.21831903765971 41.4019256518344, 2.2183418544267 41.4019184206936, 2.21835754025503 41.4019072678789, 2.21841703156503 41.4018345311022, 2.21843247811579 41.4018233766516, 2.21845030183015 41.4018234977235, 2.21847509525658 41.4018010573047, 2.21848528364747 41.401799415083, 2.21849266245463 41.4018026178279, 2.21849845935548 41.4017980633761, 2.21850583540117 41.4017715413452, 2.21852118496044 41.4017584946484, 2.2185571505187 41.4017421651189, 2.21856405206305 41.4017352762157, 2.21859162017112 41.4017308696199, 2.21860342297846 41.4017242842258, 2.21862316010168 41.4016845150315, 2.21865437645412 41.4016551824156, 2.2186742879044 41.4016308172244, 2.21877789230304 41.4015406350277, 2.21879050328425 41.401536487127, 2.21880555620572 41.4015382106812, 2.21882346807525 41.401550942797, 2.21883149567661 41.4015499163991, 2.21885128838048 41.401535458623, 2.21888428358444 41.4015273957262, 2.21889188878037 41.4015216825552, 2.21890978575476 41.4015156789515, 2.21893955654884 41.4015071437741, 2.21894712497898 41.4015144912284, 2.21894368713543 41.401521854043, 2.21892638602055 41.4015380401747, 2.21879610279676 41.4016383099213, 2.21866194244647 41.4017626032193, 2.21849847826151 41.4018963353488, 2.21841151248621 41.4019756411622, 2.21838235625793 41.4020127341563, 2.21836739372055 41.4020134431861, 2.21836087563652 41.4020282612834, 2.21834274443894 41.4020438111612, 2.21832406439624 41.4020752105097, 2.21832646853665 41.4020842343442, 2.2183509426243 41.402088453988, 2.2183478700267 41.4020952788152, 2.21831886411695 41.4020998557338, 2.21830840043072 41.4021244651985, 2.21825549614135 41.4021666211655, 2.21823359739902 41.4021771012267, 2.21821640152242 41.4021944589393, 2.21819166399305 41.4022122157796, 2.218172523031 41.4022221741179, 2.21810300910477 41.4022726841994, 2.21807459775014 41.4022875336476, 2.21804033541683 41.4023114409002, 2.21794478265064 41.4023884361181, 2.21788264099503 41.4024326909235, 2.21784588046456 41.4024554101603, 2.21781618011667 41.4024679989064, 2.21771765951459 41.4025230855304, 2.21770616917658 41.4025235478564, 2.21769791919156 41.4025331297888, 2.21769546702274 41.4025480655667, 2.21768429529473 41.4025618611575, 2.21760878167495 41.4025938647661, 2.21758985923219 41.4026055359174, 2.21758125358987 41.4026148451976, 2.21756972758078 41.4026182797425, 2.21755939719624 41.4026417190677, 2.21752432814537 41.4026730068286, 2.21747518234886 41.402700956141, 2.21745428643708 41.4027175679729, 2.21740035886294 41.4027452145054, 2.21737286597581 41.4027732209757, 2.21734786281188 41.402793137625, 2.21730780105569 41.4028117808569, 2.21729103821375 41.4028229261993, 2.21726017307399 41.4028528012764, 2.2172429814378 41.4028598002446, 2.21715544782198 41.4029154115024, 2.21702033337196 41.4030263184174, 2.2160567501674 41.4037404272363, 2.21582328957822 41.4037645337966, 2.2150411540305 41.4043515514949, 2.21496671809845 41.4044020801187, 2.21484484172742 41.4043088676009, 2.21454772222991 41.4041053959869, 2.21378129942837 41.4035275907483, 2.21305717661783 41.4040815014824, 2.21267403946983 41.4043691198885))"
"10","Sant Martí","69","Diagonal Mar i el Front Marítim del Poblenou","217","079","POLYGON ((434035.9935 4584298.4105, 434035.1505 4584299.2775, 433939.6665 4584204.6925, 434056.0635 4584085.2895, 434104.3055 4584035.0855, 434150.5985 4583987.9785, 434060.0845 4583892.3015, 434025.3775 4583854.9155, 433966.5555 4583792.5255, 433990.2435 4583767.5115, 434087.3775 4583861.8855, 434166.8615 4583940.5995, 434181.8095 4583954.6435, 434196.1605 4583941.1535, 434274.6135 4583860.6275, 434282.4565 4583852.2375, 434347.1015 4583915.8035, 434372.1415 4583938.1675, 434382.4225 4583948.4235, 434361.9435 4583967.2235, 434315.3575 4584014.5875, 434279.1895 4584050.1395, 434266.6855 4584063.8275, 434242.7495 4584086.8035, 434231.0055 4584100.3875, 434191.8455 4584140.4615, 434129.1195 4584203.0275, 434035.9935 4584298.4105))","POLYGON ((2.21078435418681 41.4075259733111, 2.2107741746655 41.4075337129792, 2.20964220041797 41.4066739690102, 2.21104767828642 41.4056080934739, 2.21163025834327 41.4051598745706, 2.21218917808289 41.4047393868768, 2.21111680587591 41.4038702289686, 2.21070569557438 41.4035306551941, 2.21000884269417 41.4029638948939, 2.21029493599875 41.4027405453218, 2.2114466126413 41.4035985177794, 2.21238888136949 41.4043139879552, 2.21256617212375 41.4044417027264, 2.21273931524875 41.4043213764434, 2.21368656634936 41.4036025162764, 2.21378129942837 41.4035275907483, 2.21454772222991 41.4041053959869, 2.21484484172742 41.4043088676009, 2.21496671809845 41.4044020801187, 2.21471969549872 41.4045697353507, 2.2141572603655 41.4049925263028, 2.21372072971959 41.4053097784136, 2.21356965965024 41.4054320405115, 2.21328082010259 41.4056370220719, 2.21313885157885 41.4057584090481, 2.21266602590339 41.4061161407553, 2.21190882557881 41.4066745194938, 2.21078435418681 41.4075259733111))"
"10","Sant Martí","69","Diagonal Mar i el Front Marítim del Poblenou","218","080","POLYGON ((434721.9661 4584713.7402, 434720.4717 4584723.2719, 434343.0966 4584604.1431, 434293.4616 4584551.6079, 434035.1505 4584299.2775, 434129.1195 4584203.0275, 434191.8455 4584140.4615, 434231.0055 4584100.3875, 434242.7495 4584086.8035, 434266.6855 4584063.8275, 434279.1895 4584050.1395, 434315.3575 4584014.5875, 434361.9435 4583967.2235, 434388.5935 4583942.7575, 434453.3795 4583876.9955, 434472.8695955 4583874.142601, 434552.6963 4583794.1348, 434564.2996 4583781.3325, 434563.7569 4583782.7194, 434563.548 4583784.429, 434598.718 4583849.557, 434635.611 4583901.015, 434677.232 4583943.601, 434708.909 4583967.811, 434737.994 4583987.207, 434792.848 4584013.088, 434803.565 4584016.418, 434819.998 4584026.389, 434829.5709 4584027.7601, 434810.917 4584048.521, 434827.396 4584071.186, 434767.908 4584131.709, 434773.65 4584137.352, 434755.707 4584155.322, 434739.9501045 4584154.1904125, 434697.81397 4584196.601651, 434721.4637755 4584219.9199115, 434753.637051 4584253.126214, 434763.9354205 4584264.46141, 434779.74705 4584282.7997595, 434790.790866 4584296.2877405, 434802.3455085 4584311.144458, 434823.087851 4584339.900109, 434848.398632 4584379.013437, 434872.0440715 4584420.4245045, 434898.282526 4584476.1121405, 434893.5427 4584480.4025, 434885.5088 4584489.0905, 434879.5338 4584499.4376, 434878.5582 4584501.4456, 434861.74373 4584548.651617, 434868.9373 4584558.8482, 434740.8220135 4584649.21602, 434723.8711 4584662.5101, 434743.5153 4584689.8778, 434730.6975 4584700.9062, 434721.9661 4584713.7402))","POLYGON ((2.21894602240111 41.4113227466822, 2.21892711508592 41.4114084749917, 2.21442513553608 41.410304772779, 2.21383701858811 41.4098275454971, 2.2107741746655 41.4075337129792, 2.21190882557881 41.4066745194938, 2.21266602590339 41.4061161407553, 2.21313885157885 41.4057584090481, 2.21328082010259 41.4056370220719, 2.21356965965024 41.4054320405115, 2.21372072971959 41.4053097784136, 2.2141572603655 41.4049925263028, 2.21471969549872 41.4045697353507, 2.2150411540305 41.4043515514949, 2.21582328957822 41.4037645337966, 2.21605675011949 41.4037404272405, 2.21702033337196 41.4030263184174, 2.2171605211052 41.4029119556145, 2.2171538791738 41.4029244029246, 2.2171511954128 41.4029397838859, 2.21756487716446 41.4035292382475, 2.21800065417881 41.4039957087517, 2.21849395457168 41.4043826537938, 2.21887028531249 41.4046032808733, 2.21921613015327 41.4047803377498, 2.21986954769398 41.4050178930877, 2.219997394481 41.4050487548375, 2.22019290573769 41.4051398938576, 2.22030727715578 41.4051530191454, 2.22008188746746 41.4053384952882, 2.22027658311141 41.4055439697972, 2.21955841032607 41.4060842612495, 2.21962649376696 41.4061355523471, 2.21940990412466 41.4062959478, 2.21922152566014 41.4062844768321, 2.21871287309528 41.4066630429515, 2.21899328324807 41.4068749858402, 2.21937459709785 41.4071766791728, 2.21949657677756 41.4072796084211, 2.21968375861216 41.4074460606251, 2.21981442530018 41.4075684396461, 2.21995105619205 41.4077031878379, 2.22019610623942 41.4079638652899, 2.2204946972038 41.4083182016655, 2.22077312081287 41.4086930975357, 2.22108103338305 41.4091967884243, 2.22102386647226 41.4092350467645, 2.22092681731151 41.409312646733, 2.22085422127104 41.409405356545, 2.22084233346722 41.4094233630817, 2.22063608993438 41.409847173939, 2.22072105415498 41.4099395950656, 2.21917857309261 41.4107431243844, 2.21897434053676 41.4108614844271, 2.2192064099084 41.4111095737921, 2.2190518690129 41.4112078630938, 2.21894602240111 41.4113227466822))"
"10","Sant Martí","70","el Besòs i el Maresme","219","081","POLYGON ((434849.902 4585028.3368, 434765.326669 4585187.9639135, 434726.825768 4585150.9386355, 434608.8635 4585035.2605, 434624.0885 4585019.7845, 434579.4315 4584974.1715, 434519.3375 4585035.3585, 434477.9275 4584991.6285, 434606.1265 4584860.6615, 434723.2118 4584742.1733, 434719.894 4584732.8234, 434720.4717 4584723.2719, 434721.9661 4584713.7402, 434730.6975 4584700.9062, 434743.5153 4584689.8778, 434723.8711 4584662.5101, 434740.8219 4584649.2161, 434868.9373 4584558.8482, 434861.743700001 4584548.6517, 434878.5582 4584501.4456, 434879.5338 4584499.4376, 434885.5088 4584489.0905, 434893.5427 4584480.4025, 434898.2826 4584476.1123, 434887.437 4584452.702, 434872.0440715 4584420.4245045, 434848.398632 4584379.013437, 434823.087851 4584339.900109, 434802.3455085 4584311.144458, 434790.790866 4584296.2877405, 434779.74705 4584282.7997595, 434763.9354205 4584264.46141, 434753.637051 4584253.126214, 434721.4637755 4584219.9199115, 434697.81397 4584196.601651, 434739.9501045 4584154.1904125, 434755.707 4584155.322, 434773.65 4584137.352, 434767.908 4584131.709, 434827.396 4584071.186, 434810.917 4584048.521, 434829.5709 4584027.7601, 434955.186 4583900.45, 434982.576 4583884.625, 434966.165 4583853.853, 434965.303 4583848.273, 434969.479 4583842.406, 434971.392 4583841.79, 434972.405 4583841.927, 434982.135 4583845.598, 434987.912 4583850.136, 435008.3334 4583876.4817, 435021.643 4583902.859, 435048.655 4583967.265, 435058.259 4583983.145, 435064.915 4583995.29, 435078.065 4584009.727, 435082.753 4584016.589, 435086.791 4584024.641, 435088.201 4584032.544, 435087.135 4584040.344, 435086.479 4584041.494, 435084.492 4584042.76, 435076.751 4584040.984, 435075.002 4584040.228, 435071.779 4584035.864, 435042.891 4584006.63, 435034.7481 4583991.1759, 435018.244 4583957.106, 435001.213 4583920.19, 434995.5767 4583913.4638, 434990.3286 4583908.2139, 434984.5816 4583906.9639, 434981.0836 4583907.4639, 434975.5856 4583910.214, 434968.032 4583915.268, 434961.774 4583923.32, 434946.889 4583938.704, 434944.235 4583943.863, 434945.817 4583947.671, 434946.4076 4583950.5289, 434949.12 4583952.483, 434930.867 4583976.455, 434925.0289 4583972.0098, 434885.0736 4584025.8414, 434916.9282 4584056.369, 434918.934 4584054.332, 434924.558 4584059.996, 434923.5364 4584061.068, 434931.3959 4584069.0999, 434955.958 4584044.645, 434955.271 4584042.531, 434956.335 4584038.803, 434952.461 4584034.174, 434951.143 4584031.915, 434950.2405 4584028.1905, 434950.216 4584026.121, 434951.449 4584022.149, 434953.096 4584020.042, 434954.487 4584018.911, 434958.1513 4584017.0134, 434961.48 4584016.61, 434964.57 4584017.912, 434978.186 4584030.234, 434993.7444 4584047.3859, 434997.633 4584045.24, 435004.865 4584043.688, 435006.483 4584043.615, 435008.695 4584046.571, 435012.521 4584048.104, 435018.572 4584049.379, 435028.137 4584052.669, 435037.177 4584068.76, 435043.767 4584079.653, 435047.498 4584091.18, 435061.654 4584101.611, 435069.797 4584120.656, 435091.885 4584139.3584, 435101.563 4584138.286, 435110.1371 4584139.8956, 435119.357 4584146.501, 435125.974 4584145.392, 435127.421 4584145.744, 435127.994 4584146.461, 435130.578 4584152.867, 435133.983 4584154.623, 435144.597 4584145.453, 435156.267 4584138.987, 435166.626 4584137.309, 435176.067 4584140.583, 435180.292 4584144.152, 435183.357 4584147.734, 435185.008 4584150.293, 435193.341 4584163.731, 435196.883 4584170.708, 435205.156 4584166.349, 435216.291 4584165.726, 435220.261 4584160.606, 435227.599 4584155.577, 435232.2395 4584153.7217, 435233.816 4584148.537, 435243.527 4584137.611, 435257.409 4584120.284, 435264.419 4584112.934, 435276.205 4584111.273, 435282.577 4584114.091, 435285.072 4584116.094, 435287.875 4584119.801, 435289.524 4584123.595, 435290.182 4584131.359, 435289.551 4584134.54, 435286.35 4584145.361, 435280.774 4584154.286, 435276.4 4584159.11, 435256.019 4584174.059, 435253.031 4584176.162, 435247.146 4584178.345, 435205.1045 4584222.4664, 435225.9924 4584266.5208, 435263.087 4584230.755, 435260.319 4584227.78, 435259.343 4584224.707, 435263.172 4584219.668, 435273.207 4584209.337, 435278.163 4584199.199, 435294.151 4584187.083, 435297.087 4584185.429, 435302.919 4584185.133, 435311.849 4584185.337, 435314.777 4584186.504, 435317.132 4584189.567, 435323.588 4584195.773, 435324.409 4584208.211, 435320.831 4584215.991, 435315.759 4584217.218, 435312.476 4584220.431, 435310.187 4584221.972, 435312.37 4584224.879, 435316.195 4584233.815, 435317.377 4584237.666, 435320.5831 4584238.9339, 435320.954 4584240.759, 435320.566 4584249.376, 435320.91 4584252.054, 435319.447 4584253.179, 435312.921 4584247.86, 435311.85 4584248.761, 435316.655 4584256.691, 435324.037 4584263.752, 435325.947 4584268.3386, 435326.6569 4584268.2739, 435329.988 4584265.4681, 435329.793 4584263.178, 435331.032 4584258.606, 435334.291 4584253.644, 435335.67 4584253.317, 435336.52 4584252.137, 435336.742 4584250.799, 435335.931 4584247.885, 435336.186 4584246.266, 435340.1106 4584240.7517, 435342.309 4584238.243, 435345.669 4584237.904, 435347.053 4584238.844, 435348.078 4584241.9, 435350.103 4584243.047, 435350.731 4584244.661, 435350.961 4584246.603, 435348.676 4584248.267, 435347.917 4584249.434, 435348.001 4584250.807, 435348.707 4584252.398, 435350.708 4584254.671, 435350.256 4584257.16, 435348.064 4584259.974, 435349.652 4584264.897, 435352.886 4584279.998, 435352.916 4584285.444, 435351.228 4584299.964, 435350.552 4584301.134, 435347.871 4584300.941, 435347.478 4584301.976, 435348.631 4584304.958, 435351.511 4584307.171, 435354.703 4584312.142, 435358.046 4584313.198, 435359.704 4584314.054, 435360.341 4584315.52, 435360.985 4584319.619, 435363.762 4584323.949, 435366.627 4584325.621, 435370.038 4584325.259, 435370.393 4584321.98, 435375.722 4584305.408, 435374.0784 4584302.8813, 435373.922 4584301.427, 435375.27 4584297.763, 435376.129 4584296.288, 435380.267 4584294.649, 435383.394 4584295.842, 435385.28 4584297.536, 435387.069 4584302.066, 435387.085 4584305.938, 435391.081 4584316.164, 435392.81 4584321.657, 435393.476 4584326.477, 435392.692 4584334.802, 435391.809 4584336.332, 435389.088 4584338.615, 435387.647 4584339.072, 435386.448 4584340.076, 435385.917 4584342.033, 435386.424 4584343.676, 435386.434 4584345.552, 435384.09 4584347.892, 435384.956 4584351.575, 435391.996 4584359.651, 435393.6 4584360.455, 435395.878 4584353.679, 435396.722 4584352.532, 435405.858 4584347.85, 435407.235 4584347.454, 435414.193 4584346.866, 435421.864 4584347.442, 435427.089 4584348.7, 435428.45 4584350.151, 435431.892 4584355.481, 435432.921 4584357.66, 435438.002 4584375.293, 435445.446000001 4584383.596, 435451.139 4584399.908, 435455.071000001 4584408.1, 435459.791 4584414.728, 435463.267 4584421.072, 435465.407 4584425.772, 435468.583 4584434.972, 435476.567 4584447.604, 435477.883 4584453.852, 435480.359 4584473.924, 435478.991 4584484.532, 435477.795 4584490.72, 435471.831 4584509.456, 435467.452 4584517.509, 435459.107 4584518.585, 435455.935 4584518.309, 435453.539 4584517.717, 435452.115 4584516.733, 435451.255 4584513.753, 435435.271 4584494.861, 435423.639 4584448.009, 435413.119 4584443.893, 435390.551 4584384.453, 435396.4719 4584369.3401, 435394.03 4584369.06, 435392.03 4584370.32, 435389.41 4584368.67, 435387.08 4584368.68, 435385.21 4584367.7, 435384.38 4584368.08, 435382.94 4584366.89, 435382.22 4584361.41, 435379.88 4584359.59, 435378.48 4584356.07, 435375.17 4584351.01, 435375.03 4584349.04, 435376.753 4584346.171, 435377.204 4584344.814, 435376.843 4584343.332, 435373.098 4584342.244, 435372.681 4584341.331, 435373.492 4584337.471, 435372.473 4584336.913, 435371.587 4584336.928, 435368.422 4584333.513, 435367.145 4584333.159, 435366.087 4584333.313, 435365.075 4584332.667, 435364.306 4584331.599, 435360.999 4584330.097, 435359.558 4584328.719, 435357.346 4584327.735, 435355.592 4584326.453, 435344.831 4584313.371, 435345.333 4584308.268, 435344.112 4584306.288, 435343.704 4584304.808, 435343.119 4584299.482, 435342.315 4584297.18, 435341.439 4584295.647, 435340.266 4584295.005, 435338.95 4584290.78, 435336.307 4584289.064, 435334.076 4584284.632, 435333.205 4584283.659, 435331.859 4584282.911, 435330.468 4584280.834, 435330.6526 4584276.0454, 435323.859 4584275.992, 435322.058 4584273.833, 435319.578 4584271.974, 435318.038 4584273.034, 435315.68 4584270.744, 435316.481 4584269.291, 435312.824 4584267.564, 435314.847 4584262.924, 435313.24 4584260.223, 435312.141 4584260.474, 435310.909 4584258.583, 435311.802 4584257.672, 435308.266 4584253.647, 435305.077 4584244.776, 435298.564 4584244.014, 435298.484 4584240.496, 435293.696 4584239.342, 435293.614 4584238.411, 435291.509 4584238.235, 435289.114 4584239.641, 435287.871 4584239.818, 435286.069 4584239.471, 435284.865 4584240.682, 435285.136 4584243.11, 435282.984 4584245.246, 435280.173 4584244.991, 435273.02 4584252.317, 435268.741 4584256.194, 435265.915 4584259.49, 435259.619 4584264.488, 435293.833 4584333.401, 435292.447 4584315.056, 435293.513 4584313.595, 435294.408 4584313.139, 435302.128 4584310.997, 435302.809 4584311.19, 435303.589 4584311.771, 435314.723 4584327.1, 435315.03 4584328.561, 435314.54 4584329.369, 435299.673 4584344.682, 435323.4048 4584392.2736, 435324.103 4584392.201, 435327.703 4584393.525, 435330.287 4584396.37, 435331.183 4584399.085, 435329.535 4584399.629, 435328.103 4584396.877, 435323.535 4584394.917, 435319.831 4584395.621, 435318.479 4584399.089, 435321.423 4584401.821, 435326.396 4584400.241, 435327.071 4584401.649, 435322.455 4584403.861, 435320.8328 4584403.3715, 435338.95 4584439.637, 435340.719 4584439.79, 435343.223 4584411.183, 435340.183 4584412.614, 435338.523 4584412.274, 435337.198 4584410.998, 435330.234 4584391.158, 435329.818 4584389.742, 435330.11 4584387.978, 435331.35 4584386.718, 435338.622 4584383.154, 435340.23 4584383.126, 435341.094 4584383.426, 435342.274 4584384.65, 435353.354 4584403.238, 435353.606 4584404.694, 435353.034 4584406.11, 435351.433 4584407.219, 435346.502 4584409.59, 435343.995 4584438.702, 435362.7606 4584476.3751, 435372.656 4584485.427, 435374.888 4584488.327, 435375.796 4584490.131, 435377.132 4584494.267, 435377.228 4584497.883, 435372.2923 4584522.9396, 435412.003372 4584602.605231, 435082.4015515 4584784.3033765, 435071.0078885 4584791.9694735, 435051.6176515 4584803.7946405, 435044.606773 4584821.215721, 434893.344617 4584907.0876905, 434926.5982 4584955.1647, 434886.4088 4584984.411, 434867.0198 4585004.084, 434849.902 4585028.3368))","POLYGON ((2.2204427674091 41.4141666221056, 2.21941365336405 41.4155974828717, 2.21895699462557 41.4152608791905, 2.21755811669703 41.4142094055091, 2.21774194850512 41.414071255761, 2.21721258362906 41.4136567969796, 2.21648697300203 41.4142029986429, 2.21599625964932 41.4138057585906, 2.21754424205892 41.4126366135095, 2.21895785842664 41.4115789378132, 2.21891917298156 41.4114944560869, 2.21892711508592 41.4114084749917, 2.21894602240111 41.4113227466822, 2.2190518690129 41.4112078630938, 2.2192064099084 41.4111095737921, 2.21897434053676 41.4108614844271, 2.21917857172608 41.4107431250957, 2.22072105415498 41.4099395950656, 2.22063608956655 41.4098471746841, 2.22084233346722 41.4094233630817, 2.22085422127104 41.409405356545, 2.22092681731151 41.409312646733, 2.22102386647226 41.4092350467645, 2.2210810342512 41.4091967898669, 2.22095380095817 41.4089850603528, 2.22077312081287 41.4086930975357, 2.2204946972038 41.4083182016655, 2.22019610623942 41.4079638652899, 2.21995105619205 41.4077031878379, 2.21981442530018 41.4075684396461, 2.21968375861216 41.4074460606251, 2.21949657677756 41.4072796084211, 2.21937459709785 41.4071766791728, 2.21899328324807 41.4068749858402, 2.21871287309528 41.4066630429515, 2.21922152566014 41.4062844768321, 2.21940990412466 41.4062959478, 2.21962649376696 41.4061355523471, 2.21955841032607 41.4060842612495, 2.22027658311141 41.4055439697972, 2.22008188746746 41.4053384952882, 2.22030727715578 41.4051530191454, 2.22182367216786 41.4040165396552, 2.22215302863744 41.403876223075, 2.22196001640616 41.4035977392627, 2.2219503042041 41.403547411736, 2.22200089013377 41.4034949067983, 2.22202384065252 41.4034895133639, 2.22203594398787 41.4034908292293, 2.22215194519347 41.4035246800514, 2.22222056542794 41.4035660199763, 2.22246202878404 41.4038049608944, 2.22261841458286 41.4040436111415, 2.22293463823998 41.4046258842609, 2.22304782467234 41.4047696877179, 2.22312614595989 41.4048796126467, 2.22328190820743 41.4050107055177, 2.22333725393294 41.4050728885824, 2.22338469628685 41.4051457371962, 2.22340071632646 41.4052170315846, 2.22338712737076 41.4052871983453, 2.2233791563872 41.4052975031645, 2.22335525036978 41.4053087452904, 2.22326283624192 41.40529212413, 2.22324199427082 41.4052851737571, 2.22320390607941 41.4052456078928, 2.22286146028541 41.4049799701855, 2.22276570702685 41.4048401206105, 2.22257192970426 41.4045319268617, 2.22237215669254 41.4041980560078, 2.22230545384972 41.4041370189264, 2.22224323647237 41.404089309898, 2.22217462138494 41.4040775866819, 2.22213272233188 41.4040818071714, 2.22206665625161 41.4041061320219, 2.22197575215203 41.4041510412574, 2.22190002462436 41.404223057539, 2.22172030681201 41.4043604133753, 2.22168800331525 41.4044066645457, 2.22170651904039 41.4044410903505, 2.22171327705875 41.4044668785949, 2.22174551472305 41.4044846982111, 2.22152458208121 41.4046991313397, 2.22145522021165 41.4046586218836, 2.22097145358952 41.4051402354138, 2.22134924243571 41.4054177700167, 2.22137345663933 41.4053995856139, 2.22144012693791 41.4054510552398, 2.22142779037871 41.4054606277971, 2.22152094929803 41.4055336054702, 2.22181741169156 41.4053153335345, 2.22180942038342 41.4052962376356, 2.22182254951033 41.4052627464844, 2.22177670286005 41.405220740688, 2.22176117859825 41.4052002877464, 2.22175078241498 41.4051666690019, 2.22175071174511 41.4051480275077, 2.22176588881398 41.405112352385, 2.22178581804622 41.4050935083858, 2.22180257989389 41.405083434278, 2.22184661921813 41.4050666395071, 2.22188648323471 41.4050632754854, 2.22192330847347 41.4050752522865, 2.22208487064257 41.405187335135, 2.22226915130026 41.4053430766368, 2.22231590062382 41.405324063444, 2.22240258281744 41.4053106696744, 2.22242194658858 41.4053101429938, 2.22244809105491 41.405336945844, 2.22249369643162 41.4053510625304, 2.22256594694866 41.4053630353085, 2.222680018775 41.4053934407011, 2.22278643621509 41.4055390992482, 2.22286410277818 41.4056377425327, 2.22290749944766 41.4057418650618, 2.22307572786521 41.4058369583598, 2.22317109918014 41.4060091500979, 2.22343333229659 41.4061793821354, 2.22354922556986 41.4061705046566, 2.22365162526458 41.4061856941185, 2.22376121518379 41.40624593165, 2.22384049356532 41.4062364771709, 2.22385776636717 41.4062397643296, 2.22386454434137 41.4062462684271, 2.22389477024936 41.4063041743409, 2.22393531627043 41.4063202649993, 2.22406327490073 41.4062385292816, 2.22420357646922 41.4061812329171, 2.22432768135598 41.4061669550827, 2.22444027372725 41.406197204636, 2.22449043534426 41.4062296905062, 2.22452671847437 41.4062621999122, 2.22454619542773 41.4062853813685, 2.22464444466888 41.4064070862453, 2.22468607084867 41.4064702120569, 2.22478550820903 41.4064316184053, 2.2249187838798 41.4064269046332, 2.22496682535915 41.4063811098759, 2.22505514865368 41.4063364061008, 2.22511086183066 41.4063200697283, 2.22513027643677 41.4062734993138, 2.22524761875279 41.4061758736119, 2.22541554322323 41.4060209313411, 2.22550019011308 41.4059552960682, 2.22564136368971 41.4059412848388, 2.22571729059731 41.4059671789504, 2.22574692412147 41.4059854203861, 2.22578006007492 41.4060190341577, 2.22579938143423 41.4060533386156, 2.2258064229865 41.4061233202057, 2.22579853420003 41.4061519199714, 2.22575908347128 41.4062491246294, 2.2256914230705 41.4063290612146, 2.22563858070518 41.4063721577456, 2.22539316200286 41.4065051588055, 2.2253571912683 41.4065238593937, 2.22528655482594 41.4065430471582, 2.22477888405038 41.4069370510304, 2.22502405462026 41.4073355224846, 2.22547165261672 41.407016376211, 2.22543885673234 41.4069893581318, 2.22542750938921 41.4069616017058, 2.2254738554417 41.4069165249343, 2.2255950108491 41.4068242840189, 2.22565538445944 41.4067333723644, 2.22584794661866 41.4066255333553, 2.22588324718643 41.4066108724706, 2.22595304776643 41.4066086758622, 2.22605985665539 41.4066112319079, 2.22609475995323 41.4066219784335, 2.2261226057514 41.4066497556925, 2.22619917651489 41.4067061712133, 2.22620766905969 41.406818263568, 2.22616403340002 41.4068880484133, 2.22610322503345 41.4068986916124, 2.22606360649842 41.4069273662046, 2.22603605805705 41.4069410614443, 2.22606186296985 41.4069674198185, 2.22610666708554 41.4070482121746, 2.22612039600261 41.4070829923844, 2.22615861574796 41.4070946700535, 2.22616285784946 41.4071111381654, 2.22615729518771 41.4071887183423, 2.22616112433096 41.4072128661696, 2.2261435018827 41.4072228810758, 2.22606599833366 41.4071744488959, 2.22605308941042 41.4071824778153, 2.22610972516027 41.4072542882147, 2.22619728321322 41.4073184790435, 2.2262196428764 41.4073599431993, 2.22622814251023 41.4073594175766, 2.22626829315865 41.4073344143607, 2.22626620504301 41.4073137722531, 2.22628151606699 41.4072726929476, 2.2263210344856 41.4072282634993, 2.22633756673072 41.4072254292165, 2.22634786156344 41.4072148695964, 2.22635066036394 41.4072028363868, 2.2263412695393 41.4071765253988, 2.22634449315012 41.4071619639395, 2.22639203318437 41.4071126135645, 2.22641860114505 41.4070901950939, 2.22645883375717 41.4070874120519, 2.22647529042327 41.4070959897383, 2.22648722625029 41.4071235968902, 2.22651132924107 41.4071340905287, 2.22651866972983 41.407148677975, 2.22652121381936 41.4071661876348, 2.22649370008386 41.4071809911388, 2.22648449532286 41.4071914410032, 2.22648535355811 41.4072038140647, 2.22649362963815 41.4072182006299, 2.22651732526235 41.4072388339685, 2.22651165198881 41.4072612154852, 2.226485127939 41.4072863842602, 2.22650359967007 41.4073308523442, 2.22654067572546 41.4074671237819, 2.22654045286879 41.4075161771028, 2.22651870772309 41.4076468197478, 2.22651049553403 41.4076573033086, 2.22647844249906 41.4076553493724, 2.22647363034405 41.4076646397773, 2.22648710548165 41.407691590721, 2.22652132344782 41.4077117543487, 2.22655897938254 41.4077567837483, 2.22659886001688 41.4077665637476, 2.22661860379895 41.4077744068793, 2.22662606785992 41.4077876620386, 2.22663333443429 41.4078246326038, 2.22666609418089 41.4078638552528, 2.22670019062224 41.4078791449555, 2.22674103629869 41.4078761587641, 2.22674563347353 41.4078466540854, 2.22681115584323 41.4076978222197, 2.226791762744 41.4076749326557, 2.22679004698337 41.4076618215252, 2.22680656480253 41.4076289290674, 2.22681699879595 41.4076157131301, 2.22686667798433 41.4076012836841, 2.22690395986889 41.4076122801419, 2.22692634180407 41.4076276892285, 2.22694726051721 41.4076686337356, 2.2269470385283 41.4077035092649, 2.22699375224747 41.4077959337674, 2.227013850446 41.4078455469662, 2.22702130346826 41.4078890131633, 2.22701103542366 41.4079639315721, 2.2270003084196 41.4079776409698, 2.22696751232442 41.407997984734, 2.22695022429944 41.4080019850028, 2.22693577300783 41.4080109314288, 2.22692921150085 41.4080285150081, 2.22693510151468 41.4080433538973, 2.22693502084786 41.408060251415, 2.22690672880485 41.4080811388517, 2.22691669586175 41.4081143804252, 2.22700005600959 41.4081876850373, 2.22701915949462 41.4081950554085, 2.22704713553213 41.4081342085766, 2.22705735509334 41.4081239456363, 2.22716715250697 41.4080825101171, 2.2271836683723 41.4080790540864, 2.22726697244067 41.4080743171971, 2.2273586821863 41.408080121419, 2.22742105670508 41.4080918717007, 2.22743718406891 41.4081050498672, 2.2274777934125 41.4081533324865, 2.22748987127647 41.4081730409117, 2.22754877619317 41.4083322655481, 2.22763694635517 41.4084076466922, 2.22770331439534 41.4085550224445, 2.22774948106463 41.4086291217155, 2.22780524189021 41.408689197639, 2.22784615048521 41.4087466157317, 2.22787125119573 41.4087891194048, 2.22790826628858 41.4088722367468, 2.22800243632796 41.4089866513079, 2.22801751419214 41.4090430312951, 2.22804499591461 41.4092240140882, 2.22802749863297 41.409319448174, 2.22801253033334 41.4093750861066, 2.22793918126245 41.4095433583095, 2.22788593355597 41.4096155383197, 2.22778598188019 41.4096245595753, 2.22774806252102 41.4096218189963, 2.22771946068833 41.4096162945798, 2.22770252937121 41.4096073175578, 2.22769255848829 41.409580408301, 2.2275033468616 41.4094089685061, 2.22736918558931 41.4089860485889, 2.22724376820887 41.4089481314577, 2.22698012089714 41.4084109549702, 2.22705256870873 41.408275312346, 2.22702338510693 41.4082725932855, 2.22699932372359 41.4082837810733, 2.22696815569229 41.4082687093001, 2.22694027983109 41.4082686120791, 2.22691801285367 41.4082596351197, 2.22690804263331 41.4082629909747, 2.22689094235946 41.4082521571529, 2.22688291383519 41.4082027421369, 2.22685511377896 41.4081861616901, 2.22683874087688 41.4081543452866, 2.2267996823451 41.408108504888, 2.22679821784371 41.4080907502822, 2.2268191371476 41.4080650483625, 2.2268246775456 41.4080528624244, 2.22682051701828 41.4080394853585, 2.22677583031927 41.4080293848974, 2.22677093908891 41.4080211281834, 2.22678105360811 41.4079864272289, 2.2267689225159 41.4079813195202, 2.22675832136158 41.4079813833867, 2.22672082199217 41.4079503707675, 2.22670558257431 41.40794707969, 2.22669290888014 41.4079483816625, 2.22668087094442 41.4079424819111, 2.22667178518169 41.4079328008384, 2.22663238275384 41.4079190067362, 2.22661529073336 41.4079064795196, 2.22658893288214 41.4078974389679, 2.22656808608952 41.4078857512238, 2.22644074603207 41.4077670590925, 2.22644729681329 41.4077211378896, 2.22643290112847 41.407703206262, 2.22642817821308 41.4076898434151, 2.22642174869678 41.4076418262681, 2.22641237613955 41.4076210279974, 2.22640206006861 41.4076071501457, 2.22638809570244 41.4076012734407, 2.22637280341538 41.4075631139503, 2.22634136776967 41.4075474457122, 2.22631515123091 41.4075073482046, 2.22630483517602 41.4074985145414, 2.22628881252021 41.4074916691887, 2.22627239353623 41.4074728502074, 2.2262751136634 41.407429735208, 2.22619384566713 41.4074287076673, 2.22617253054883 41.4074091171279, 2.22614306032181 41.4073921739824, 2.22612452359737 41.4074015972487, 2.2260965589716 41.4073807819878, 2.2261062968468 41.4073677595971, 2.22606273178976 41.4073519106139, 2.22608742940894 41.407310281965, 2.22606849316405 41.4072858253449, 2.22605531872556 41.4072879976063, 2.2260407821341 41.4072708666479, 2.22605156268803 41.4072627333381, 2.22600969091089 41.4072261965003, 2.22597248845765 41.407146040736, 2.22589465345956 41.4071386533684, 2.22589407251276 41.40710696109, 2.22583691602542 41.4070961818706, 2.22583603458293 41.4070877899612, 2.22581087084228 41.4070860353221, 2.22578206861563 41.4070985060519, 2.22576717941602 41.407100000187, 2.22574565881132 41.4070967297672, 2.22573112560811 41.4071075400437, 2.2257341080072 41.4071294303131, 2.22570813474607 41.4071484955336, 2.22567453339998 41.4071459724893, 2.22558817694433 41.4072113801879, 2.22553657158683 41.4072459548919, 2.22550241091683 41.4072754136483, 2.22542655566719 41.4073199224633, 2.22582849817474 41.4079433612034, 2.2258138784745 41.4077780203445, 2.22582678760549 41.4077649472574, 2.22583754354623 41.4077609122131, 2.2259301294857 41.407742241098, 2.22593825588131 41.4077440342171, 2.22594752516796 41.4077493299326, 2.22607908643995 41.4078882908428, 2.22608260302874 41.4079014744466, 2.22607665461633 41.40790871249, 2.22589715815649 41.408045436719, 2.22617598450177 41.4084759934059, 2.22618434515326 41.4084753956929, 2.2262272721376 41.4084876103174, 2.22625788170939 41.4085134424899, 2.22626831084616 41.4085379679703, 2.2262485368987 41.4085427350673, 2.22623169930052 41.4085178332097, 2.22617725962808 41.4084998123907, 2.22613287168685 41.408505855118, 2.22611632639601 41.4085369818196, 2.2261512548774 41.4085618252232, 2.22621091813279 41.4085479946582, 2.22621884300746 41.4085607305068, 2.22616338315868 41.4085802820831, 2.22614402831078 41.4085757427363, 2.22635689811325 41.4089038355452, 2.22637804527728 41.4089053558862, 2.2264110585229 41.4086479005023, 2.22637453658497 41.4086605446583, 2.22635471350333 41.4086573488188, 2.22633899821205 41.4086457495842, 2.22625780462737 41.4084664949147, 2.22625297914797 41.4084537078522, 2.22625666098944 41.4084378433938, 2.22627163032718 41.4084265946195, 2.22635900941024 41.4083950794913, 2.22637824963319 41.4083949566532, 2.22638855400188 41.4083977281869, 2.22640254009795 41.4084088473989, 2.22653310947777 41.408577156531, 2.22653596873585 41.4085902906633, 2.22652897435165 41.4086029982536, 2.2265097023274 41.4086128580035, 2.22645045703043 41.4086338164607, 2.22641735410094 41.408895820038, 2.22663783315452 41.4092366424218, 2.2267552510991 41.409318966533, 2.2267816441967 41.409345265638, 2.22679231451304 41.4093615868633, 2.22680785622942 41.4093989462969, 2.22680861857637 41.4094315225124, 2.2267468935385 41.409656804817, 2.22721348093796 41.4103775271955, 2.2232506930119 41.411987485927, 2.22311355539332 41.4120556122692, 2.22288029900942 41.4121605520261, 2.22279454964142 41.4123168929584, 2.22097558463495 41.4130780816344, 2.22136826929081 41.4135137927846, 2.22088428050893 41.4137739518914, 2.22065018431721 41.4139495706175, 2.2204427674091 41.4141666221056))"
"10","Sant Martí","70","el Besòs i el Maresme","219","082","POLYGON ((434765.326669 4585187.9639135, 434665.0663 4585377.1949, 434631.1962 4585343.6803, 434624.9026195 4585339.2394835, 434595.3710685 4585310.3529265, 434576.8675 4585296.3195, 434521.6015 4585241.8105, 434516.9315 4585235.2455, 434463.3535 4585183.2295, 434509.8235 4585136.4035, 434563.2035 4585081.6795, 434519.3375 4585035.3585, 434579.4315 4584974.1715, 434624.0885 4585019.7845, 434608.8635 4585035.2605, 434726.825768 4585150.9386355, 434765.326669 4585187.9639135))","POLYGON ((2.21941365336405 41.4155974828717, 2.21819362455042 41.417293693057, 2.21779198858102 41.4169890810786, 2.21771716581189 41.4169485717891, 2.21736694427152 41.4166859948949, 2.21714706782604 41.4165580931829, 2.2164917147058 41.4160626433484, 2.2164365496095 41.4160031335532, 2.21580113384265 41.4155302711895, 2.21636220426063 41.4151123098508, 2.21700679704037 41.4146237730907, 2.21648697300203 41.4142029986429, 2.21721258362906 41.4136567969796, 2.21774194850512 41.414071255761, 2.21755811669703 41.4142094055091, 2.21895699462557 41.4152608791905, 2.21941365336405 41.4155974828717))"
"10","Sant Martí","70","el Besòs i el Maresme","219","083","POLYGON ((434631.1962 4585343.6803, 434490.5113 4585486.8001, 434324.7135 4585323.4825, 434341.7715 4585306.7335, 434419.2875 4585227.5835, 434463.3535 4585183.2295, 434516.9315 4585235.2455, 434521.6015 4585241.8105, 434576.8675 4585296.3195, 434595.3710685 4585310.3529265, 434624.9026195 4585339.2394835, 434631.1962 4585343.6803))","POLYGON ((2.21779198858102 41.4169890810786, 2.21609319330909 41.4182666669963, 2.21412711687342 41.4167821746423, 2.21433303310133 41.4166327147615, 2.2152690876187 41.4159261612287, 2.21580113384265 41.4155302711895, 2.2164365496095 41.4160031335532, 2.2164917147058 41.4160626433484, 2.21714706782604 41.4165580931829, 2.21736694427152 41.4166859948949, 2.21771716581189 41.4169485717891, 2.21779198858102 41.4169890810786))"
"10","Sant Martí","70","el Besòs i el Maresme","219","084","POLYGON ((434324.7135 4585323.4825, 434320.3975 4585327.7215, 434295.1475 4585302.4055, 434247.3895 4585255.3845, 434232.3525 4585241.2795, 434477.9275 4584991.6285, 434563.2035 4585081.6795, 434509.8235 4585136.4035, 434419.2875 4585227.5835, 434341.7715 4585306.7335, 434324.7135 4585323.4825))","POLYGON ((2.21412711687342 41.4167821746423, 2.21407501585439 41.4168200014423, 2.21377565039456 41.4165899227447, 2.21320934088381 41.4161625107248, 2.21303095910389 41.4160342402161, 2.21599625964932 41.4138057585906, 2.21700679704037 41.4146237730907, 2.21636220426063 41.4151123098508, 2.2152690876187 41.4159261612287, 2.21433303310133 41.4166327147615, 2.21412711687342 41.4167821746423))"
"10","Sant Martí","70","el Besòs i el Maresme","220","085","POLYGON ((434446.047 4585570.436, 434410.7101655 4585607.1755295, 434390.937 4585588.293, 434412.9155 4585565.5195, 434429.2295 4585549.1285, 434371.2815 4585492.8015, 434329.9055 4585451.4075, 434255.1865 4585380.9145, 434234.6475 4585401.9815, 434222.1115 4585415.5715, 434195.9455 4585389.3415, 434140.8585 4585335.4225, 434232.3525 4585241.2795, 434247.3895 4585255.3845, 434295.1475 4585302.4055, 434320.3975 4585327.7215, 434324.7135 4585323.4825, 434509.7298 4585505.5806, 434446.047 4585570.436))","POLYGON ((2.2155521029785 41.4190163272181, 2.21512530054539 41.4193443466962, 2.21489075444744 41.4191726624728, 2.21515620547537 41.418969341918, 2.21535318533996 41.4188230439895, 2.21466592999143 41.4183109907574, 2.21417535051832 41.4179347855548, 2.21328898727953 41.4172937640092, 2.21304094667722 41.4174818281486, 2.21288947456093 41.4176032035574, 2.21257924921707 41.4173648146471, 2.21192600069494 41.4168746677378, 2.21303095910389 41.4160342402161, 2.21320934088381 41.4161625107248, 2.21377565039456 41.4165899227447, 2.21407501585439 41.4168200014423, 2.21412711687342 41.4167821746423, 2.21632111371591 41.4184373846344, 2.2155521029785 41.4190163272181))"
"10","Sant Martí","70","el Besòs i el Maresme","220","086","POLYGON ((434403.296 4585614.884, 434319.272 4585699.969, 434299.5197 4585680.9497, 434295.5255685 4585685.0048715, 434288.1335 4585677.4535, 434246.7335 4585637.3595, 434208.0295 4585598.9915, 434197.4375 4585587.9795, 434191.0735 4585582.2475, 434111.3575 4585503.5785, 434124.0555 4585491.4515, 434055.5625 4585423.1865, 434140.8585 4585335.4225, 434195.9455 4585389.3415, 434222.1115 4585415.5715, 434234.6475 4585401.9815, 434255.1865 4585380.9145, 434329.9055 4585451.4075, 434371.2815 4585492.8015, 434429.2295 4585549.1285, 434412.9155 4585565.5195, 434390.937 4585588.293, 434410.7101655 4585607.1755295, 434403.296 4585614.884))","POLYGON ((2.2150357508393 41.4194131695923, 2.2140211267028 41.4201726433119, 2.21378684512627 41.4199997267126, 2.21373861261669 41.42003592394, 2.21365098289492 41.419967306261, 2.2131599685272 41.419602803564, 2.21270103062607 41.4192540651668, 2.21257549111111 41.4191540157156, 2.2124999670648 41.4191018679482, 2.21155470506668 41.4183867848888, 2.21170796051181 41.4182786014167, 2.21089586904622 41.4176581390294, 2.21192600069494 41.4168746677378, 2.21257924921707 41.4173648146471, 2.21288947456093 41.4176032035574, 2.21304094667722 41.4174818281486, 2.21328898727953 41.4172937640092, 2.21417535051832 41.4179347855548, 2.21466592999143 41.4183109907574, 2.21535318533996 41.4188230439895, 2.21515620547537 41.418969341918, 2.21489075444744 41.4191726624728, 2.21512530054539 41.4193443466962, 2.2150357508393 41.4194131695923))"
"10","Sant Martí","70","el Besòs i el Maresme","220","087","POLYGON ((434146.1455 4585812.8977, 434091.63 4585868.3957, 434030.947336 4585809.4211165, 434063.755735 4585779.52314, 434072.1121755 4585767.2971605, 434065.0605 4585700.0395, 434061.2475 4585672.9165, 434051.5045 4585645.7945, 434030.6395 4585610.7275, 433983.1815 4585540.9055, 433967.0275 4585514.2835, 434055.5625 4585423.1865, 434124.0555 4585491.4515, 434111.3575 4585503.5785, 434191.0735 4585582.2475, 434197.4375 4585587.9795, 434208.0295 4585598.9915, 434246.7335 4585637.3595, 434288.1335 4585677.4535, 434295.5255685 4585685.0048715, 434200.3663 4585781.6184, 434190.9016 4585772.3281, 434148.583 4585815.3339, 434146.1455 4585812.8977))","POLYGON ((2.21193727210203 41.4211755901537, 2.21127890464672 41.4216709751039, 2.21055921850474 41.4211348272251, 2.21095505514456 41.4208682375734, 2.21105637855996 41.4207588072931, 2.21097933302939 41.4201524574998, 2.2109366654294 41.4199078552172, 2.21082304275641 41.4196627752231, 2.21057720799679 41.419345223626, 2.21001697433263 41.4187124583768, 2.20982659332041 41.4184713540127, 2.21089586904622 41.4176581390294, 2.21170796051181 41.4182786014167, 2.21155470506668 41.4183867848888, 2.2124999670648 41.4191018679482, 2.21257549111111 41.4191540157156, 2.21270103062607 41.4192540651668, 2.2131599685272 41.419602803564, 2.21365098289492 41.419967306261, 2.21373861261669 41.42003592394, 2.21258946827853 41.4208983083733, 2.2124772273823 41.4208138580169, 2.21196617336127 41.421197732118, 2.21193727210203 41.4211755901537))"
"10","Sant Martí","70","el Besòs i el Maresme","220","088","POLYGON ((434063.755735 4585779.52314, 434030.947336 4585809.4211165, 433963.0813 4585742.7544, 433850.4525 4585632.8725, 433967.0275 4585514.2835, 433983.1815 4585540.9055, 434030.6395 4585610.7275, 434051.5045 4585645.7945, 434061.2475 4585672.9165, 434065.0605 4585700.0395, 434072.1121755 4585767.2971605, 434063.755735 4585779.52314))","POLYGON ((2.21095505514456 41.4208682375734, 2.21055921850474 41.4211348272251, 2.20975443044107 41.4205288036397, 2.20841877429575 41.419529863502, 2.20982659332041 41.4184713540127, 2.21001697433263 41.4187124583768, 2.21057720799679 41.419345223626, 2.21082304275641 41.4196627752231, 2.2109366654294 41.4199078552172, 2.21097933302939 41.4201524574998, 2.21105637855996 41.4207588072931, 2.21095505514456 41.4208682375734))"
"10","Sant Martí","70","el Besòs i el Maresme","221","089","POLYGON ((434055.5625 4585423.1865, 433967.0275 4585514.2835, 433953.4715 4585491.9455, 433939.3255 4585470.4155, 433904.1535 4585413.5655, 433894.8015 4585397.0175, 433851.9995 4585327.2055, 433750.3745 4585163.9665, 433853.8995 4585056.1075, 433947.2035 4584961.7755, 434012.2775 4585025.5015, 434042.4475 4585055.6495, 434071.8475 4585083.4855, 434103.3775 4585114.2595, 434199.9435 4585209.0515, 434218.5585 4585228.3415, 434232.3525 4585241.2795, 434055.5625 4585423.1865))","POLYGON ((2.21089586904622 41.4176581390294, 2.20982659332041 41.4184713540127, 2.20966683153375 41.418269047688, 2.20949992303012 41.4180739700711, 2.20908529592755 41.4175590455153, 2.20897520693878 41.4174092329551, 2.20847071295282 41.4167769333272, 2.2072726538131 41.415298313111, 2.20852308920732 41.4143353844111, 2.2096497235144 41.4134934357034, 2.2104213403354 41.4140727444857, 2.21077902088935 41.4143467561502, 2.21112774370283 41.4145998799816, 2.21150163378272 41.4148796392112, 2.21264669696794 41.4157413181313, 2.21286732335954 41.4159165820444, 2.21303095910389 41.4160342402161, 2.21089586904622 41.4176581390294))"
"10","Sant Martí","70","el Besòs i el Maresme","222","090","POLYGON ((434236.8065 4585236.6965, 434232.3525 4585241.2795, 434218.5585 4585228.3415, 434199.9435 4585209.0515, 434138.9775 4585149.3415, 434180.7295 4585107.8955, 434194.8495 4585093.4865, 434305.7995 4584978.3975, 434325.4985 4584958.4265, 434350.7115 4584982.3495, 434387.5115 4585019.1495, 434420.3565 4585050.3745, 434236.8065 4585236.6965))","POLYGON ((2.21308474862729 41.4159933268602, 2.21303095910389 41.4160342402161, 2.21286732335954 41.4159165820444, 2.21264669696794 41.4157413181313, 2.21192375419169 41.4151985318174, 2.21242781203664 41.414828659394, 2.21259831944374 41.4147000376754, 2.21393828619542 41.4136725384442, 2.21417614054655 41.4134942748413, 2.21447520186633 41.4137118030936, 2.21491150053838 41.4140462564702, 2.21530108834813 41.4143301728941, 2.21308474862729 41.4159933268602))"
"10","Sant Martí","70","el Besòs i el Maresme","222","091","POLYGON ((434477.9275 4584991.6285, 434420.3565 4585050.3745, 434387.5115 4585019.1495, 434350.7115 4584982.3495, 434325.4985 4584958.4265, 434417.3415 4584863.7085, 434510.5275 4584768.4765, 434606.1265 4584860.6615, 434477.9275 4584991.6285))","POLYGON ((2.21599625964932 41.4138057585906, 2.21530108834813 41.4143301728941, 2.21491150053838 41.4140462564702, 2.21447520186633 41.4137118030936, 2.21417614054655 41.4134942748413, 2.21528525015099 41.4126486740586, 2.2164104543346 41.4117985421717, 2.21754424205892 41.4126366135095, 2.21599625964932 41.4138057585906))"
"10","Sant Martí","70","el Besòs i el Maresme","222","092","POLYGON ((434723.2118 4584742.1733, 434606.1265 4584860.6615, 434509.8675 4584767.8395, 434343.0966 4584604.1431, 434720.4717 4584723.2719, 434719.894 4584732.8234, 434723.2118 4584742.1733))","POLYGON ((2.21895785842664 41.4115789378132, 2.21754424205892 41.4126366135095, 2.21640262701092 41.4117927510935, 2.21442513553608 41.410304772779, 2.21892711508592 41.4114084749917, 2.21891917298156 41.4114944560869, 2.21895785842664 41.4115789378132))"
"10","Sant Martí","70","el Besòs i el Maresme","222","093","POLYGON ((434180.7295 4585107.8955, 434138.9775 4585149.3415, 434071.8475 4585083.4855, 434042.4475 4585055.6495, 434012.2775 4585025.5015, 433947.2035 4584961.7755, 434039.7665 4584866.0375, 434133.3135 4584771.8465, 434226.7525 4584675.1366, 434306.5346 4584593.9609, 434343.0966 4584604.1431, 434510.5275 4584768.4765, 434417.3415 4584863.7085, 434305.7995 4584978.3975, 434232.1135 4585054.5795, 434208.0025 4585079.9735, 434180.7295 4585107.8955))","POLYGON ((2.21242781203664 41.414828659394, 2.21192375419169 41.4151985318174, 2.21112774370283 41.4145998799816, 2.21077902088935 41.4143467561502, 2.2104213403354 41.4140727444857, 2.2096497235144 41.4134934357034, 2.21076761654497 41.4126387512985, 2.21189708446195 41.4117980697131, 2.21302550496755 41.4109346807378, 2.21398882170907 41.4102100768042, 2.21442513553608 41.410304772779, 2.2164104543346 41.4117985421717, 2.21528525015099 41.4126486740586, 2.21393828619542 41.4136725384442, 2.21304839689952 41.4143526630312, 2.21275715901873 41.4145794065656, 2.21242781203664 41.414828659394))"
"10","Sant Martí","71","Provençals del Poblenou","223","094","POLYGON ((433853.8995 4585056.1075, 433750.3745 4585163.9665, 433700.9135 4585083.9915, 433675.9935 4585045.6615, 433573.3455 4584879.4735, 433532.7685 4584814.4235, 433660.5215 4584683.2995, 433756.0555 4584586.7675, 433659.1095 4584493.0375, 433563.2545 4584399.1095, 433470.2635 4584490.7235, 433375.9995 4584398.8945, 433453.0295 4584320.6635, 433593.7011 4584366.3518, 433785.5295 4584428.0115, 433851.0755 4584492.4115, 433941.7415 4584584.6595, 434039.5315 4584679.2335, 434133.3135 4584771.8465, 434039.7665 4584866.0375, 433947.2035 4584961.7755, 433853.8995 4585056.1075))","POLYGON ((2.20852308920732 41.4143353844111, 2.2072726538131 41.415298313111, 2.20668963433412 41.4145739214182, 2.20639568044514 41.4142266374776, 2.20518579907191 41.4127213504596, 2.20470747457825 41.4121321083794, 2.20625029815306 41.4109616654302, 2.20740382241102 41.4101001072151, 2.20625426465565 41.4092479105547, 2.20511781075018 41.4083940093922, 2.2039952511802 41.409211460352, 2.20287763048333 41.4083765741262, 2.20380777254531 41.407678349788, 2.20548564997155 41.4081014855129, 2.20777381235273 41.4086726628158, 2.20855092905479 41.4092580933919, 2.20962554699411 41.410096403282, 2.21078516962819 41.4109562376062, 2.21189708446195 41.4117980697131, 2.21076761654497 41.4126387512985, 2.2096497235144 41.4134934357034, 2.20852308920732 41.4143353844111))"
"10","Sant Martí","71","Provençals del Poblenou","223","095","POLYGON ((433660.5215 4584683.2995, 433532.7685 4584814.4235, 433436.5815 4584658.2575, 433396.8125 4584587.3715, 433387.0045 4584563.1325, 433367.1335 4584524.9535, 433326.1325 4584450.1405, 433375.9995 4584398.8945, 433470.2635 4584490.7235, 433563.2545 4584399.1095, 433659.1095 4584493.0375, 433756.0555 4584586.7675, 433660.5215 4584683.2995))","POLYGON ((2.20625029815306 41.4109616654302, 2.20470747457825 41.4121321083794, 2.20357386616783 41.4107176042324, 2.20310587979584 41.4100758592304, 2.20299120822565 41.4098567324963, 2.20275768258791 41.4095112177785, 2.20227540644891 41.4088339978809, 2.20287763048333 41.4083765741262, 2.2039952511802 41.409211460352, 2.20511781075018 41.4083940093922, 2.20625426465565 41.4092479105547, 2.20740382241102 41.4101001072151, 2.20625029815306 41.4109616654302))"
"10","Sant Martí","71","Provençals del Poblenou","224","096","POLYGON ((433326.1325 4584450.1405, 433281.8535 4584494.8515, 433185.9888 4584401.6441, 432995.5595 4584215.2085, 432902.3105 4584308.5925, 432895.9384 4584301.9958, 432722.1775 4584132.7285, 432758.475 4584096.2887, 433034.2156 4584186.1994, 433307.5729 4584274.279, 433453.0295 4584320.6635, 433375.9995 4584398.8945, 433326.1325 4584450.1405))","POLYGON ((2.20227540644891 41.4088339978809, 2.20174074677087 41.4092330233012, 2.20060415732586 41.4083855675197, 2.19834662254635 41.4066905437244, 2.19722072605599 41.4075238487046, 2.19714522675191 41.4074639022026, 2.19508530812688 41.4059248364517, 2.19552358029114 41.4055996706073, 2.19881227759795 41.4064324881099, 2.20207275017309 41.4072485222931, 2.20380777254531 41.407678349788, 2.20287763048333 41.4083765741262, 2.20227540644891 41.4088339978809))"
"10","Sant Martí","71","Provençals del Poblenou","224","097","POLYGON ((432902.3105 4584308.5925, 432807.0745 4584406.5035, 432521.0495 4584127.0085, 432600.2857 4584045.0455, 432758.475 4584096.2887, 432722.1775 4584132.7285, 432895.9384 4584301.9958, 432902.3105 4584308.5925))","POLYGON ((2.19722072605599 41.4075238487046, 2.19607052695401 41.4083977495659, 2.19267987093788 41.405856460308, 2.19363689233275 41.4051248907058, 2.19552358029114 41.4055996706073, 2.19508530812688 41.4059248364517, 2.19714522675191 41.4074639022026, 2.19722072605599 41.4075238487046))"
"10","Sant Martí","71","Provençals del Poblenou","224","098","POLYGON ((432807.0745 4584406.5035, 432702.0095 4584511.1345, 432511.678 4584326.6221, 432417.1975 4584232.6845, 432521.0495 4584127.0085, 432807.0745 4584406.5035))","POLYGON ((2.19607052695401 41.4083977495659, 2.19480196021176 41.4093313406953, 2.1925455012469 41.4076535342947, 2.19142570076174 41.4067995284538, 2.19267987093788 41.405856460308, 2.19607052695401 41.4083977495659))"
"10","Sant Martí","71","Provençals del Poblenou","224","099","POLYGON ((432997.6102 4584592.3543, 432894.1445 4584698.7625, 432702.0095 4584511.1345, 432807.0745 4584406.5035, 432997.6102 4584592.3543))","POLYGON ((2.19832939795022 41.4100875592678, 2.19707976657892 41.4110373152786, 2.19480196021176 41.4093313406953, 2.19607052695401 41.4083977495659, 2.19832939795022 41.4100875592678))"
"10","Sant Martí","71","Provençals del Poblenou","224","100","POLYGON ((433092.7109825 4584688.145015, 432990.2795 4584792.8245, 432894.1445 4584698.7625, 432997.6102 4584592.3543, 432807.0745 4584406.5035, 432902.3105 4584308.5925, 432995.5595 4584215.2085, 433185.9888 4584401.6441, 433281.8535 4584494.8515, 433092.7109825 4584688.145015))","POLYGON ((2.19945656175141 41.4109582408592, 2.19821949456731 41.4118925251638, 2.19707976657892 41.4110373152786, 2.19832939795022 41.4100875592678, 2.19607052695401 41.4083977495659, 2.19722072605599 41.4075238487046, 2.19834662254635 41.4066905437244, 2.20060415732586 41.4083855675197, 2.20174074677087 41.4092330233012, 2.19945656175141 41.4109582408592))"
"10","Sant Martí","71","Provençals del Poblenou","225","101","POLYGON ((433750.3745 4585163.9665, 433667.4595 4585248.6875, 433599.2815 4585183.9555, 433504.6735 4585091.6295, 433415.6815 4585002.9295, 433381.2475 4584969.0775, 433329.8515 4584921.0875, 433189.6055 4584783.8315, 433097.0385 4584877.1155, 433086.7175 4584886.9505, 432990.2795 4584792.8245, 433281.8535 4584494.8515, 433326.1325 4584450.1405, 433367.1335 4584524.9535, 433387.0045 4584563.1325, 433396.8125 4584587.3715, 433436.5815 4584658.2575, 433534.4105 4584817.1155, 433573.3455 4584879.4735, 433675.9935 4585045.6615, 433700.9135 4585083.9915, 433750.3745 4585163.9665))","POLYGON ((2.2072726538131 41.415298313111, 2.20627131397959 41.4160545317669, 2.20546268331328 41.4154658782382, 2.20434087647873 41.4146265012428, 2.20328589139204 41.4138202371133, 2.20287763750966 41.4135124881103, 2.20226800756619 41.4130759938013, 2.20060522741576 41.4118281218862, 2.1994874402999 41.4126606037951, 2.19936287052184 41.412748325557, 2.19821949456731 41.4118925251638, 2.20174074677087 41.4092330233012, 2.20227540644891 41.4088339978809, 2.20275768258791 41.4095112177785, 2.20299120822565 41.4098567324963, 2.20310587979584 41.4100758592304, 2.20357386616783 41.4107176042324, 2.20472682386663 41.4121564902702, 2.20518579907191 41.4127213504596, 2.20639568044514 41.4142266374776, 2.20668963433412 41.4145739214182, 2.2072726538131 41.415298313111))"
"10","Sant Martí","71","Provençals del Poblenou","225","102","POLYGON ((433766.3295 4585530.8595, 433756.0965 4585540.6609, 433564.8335 4585353.8575, 433574.1615 4585343.8115, 433667.4595 4585248.6875, 433858.9795 4585434.9325, 433785.4365 4585508.8335, 433766.3295 4585530.8595))","POLYGON ((2.20742337664558 41.4186041312169, 2.2072998625533 41.4186915661048, 2.20503186417864 41.4169932903827, 2.20514457659903 41.4169035800502, 2.20627131397959 41.4160545317669, 2.20854244884494 41.4177477751267, 2.20765440835013 41.4184073239614, 2.20742337664558 41.4186041312169))"
"10","Sant Martí","71","Provençals del Poblenou","225","103","POLYGON ((433568.3335 4585350.0885, 433564.8335 4585353.8575, 433278.0545 4585073.7235, 433308.0625 4585042.8135, 433344.4615 4585006.4795, 433381.2475 4584969.0775, 433415.6815 4585002.9295, 433475.2275 4585062.5215, 433553.3055 4585139.1955, 433599.2815 4585183.9555, 433667.4595 4585248.6875, 433610.0715 4585307.0435, 433568.3335 4585350.0885))","POLYGON ((2.20507415549478 41.416959633425, 2.20503186417864 41.4169932903827, 2.20163146224824 41.4144464439797, 2.20199390021948 41.4141705373055, 2.20243339715202 41.4138463071228, 2.20287763750966 41.4135124881103, 2.20328589139204 41.4138202371133, 2.2039917697051 41.4143618967215, 2.20491751118594 41.4150589373221, 2.20546268331328 41.4154658782382, 2.20627131397959 41.4160545317669, 2.20557827348942 41.4165753886935, 2.20507415549478 41.416959633425))"
"10","Sant Martí","71","Provençals del Poblenou","225","104","POLYGON ((433308.0625 4585042.8135, 433278.0545 4585073.7235, 433086.7175 4584886.9505, 433097.0385 4584877.1155, 433189.6055 4584783.8315, 433329.8515 4584921.0875, 433381.2475 4584969.0775, 433344.4615 4585006.4795, 433308.0625 4585042.8135))","POLYGON ((2.20199390021948 41.4141705373055, 2.20163146224824 41.4144464439797, 2.19936287052184 41.412748325557, 2.1994874402999 41.4126606037951, 2.20060522741576 41.4118281218862, 2.20226800756619 41.4130759938013, 2.20287763750966 41.4135124881103, 2.20243339715202 41.4138463071228, 2.20199390021948 41.4141705373055))"
"10","Sant Martí","72","Sant Martí de Provençals","226","105","POLYGON ((433178.8125 4585174.8295, 433174.1655 4585179.4625, 433122.1605 4585126.9375, 433140.6285 4585108.4615, 433055.2575 4585026.1035, 433039.0591 4585041.9483, 432982.4511 4584990.3862, 433055.2215 4584916.8135, 433086.7175 4584886.9505, 433278.0545 4585073.7235, 433248.2675 4585104.4075, 433178.8125 4585174.8295))","POLYGON ((2.20043291467646 41.4153488306704, 2.20037680314175 41.4153901723355, 2.19976038770693 41.4149127688096, 2.19998339136663 41.4147478975598, 2.19897108014591 41.4139990161304, 2.19877552225057 41.4141403761013, 2.19810395183981 41.4136712528307, 2.19898274263596 41.4130146700118, 2.19936287052184 41.412748325557, 2.20163146224824 41.4144464439797, 2.20127169030936 41.4147203323115, 2.20043291467646 41.4153488306704))"
"10","Sant Martí","72","Sant Martí de Provençals","226","106","POLYGON ((433055.2215 4584916.8135, 432982.4511 4584990.3862, 432887.9329 4584897.7353, 432979.9515 4584802.9905, 432990.2795 4584792.8245, 433086.7175 4584886.9505, 433055.2215 4584916.8135))","POLYGON ((2.19898274263596 41.4130146700118, 2.19810395183981 41.4136712528307, 2.19698338181998 41.4128288861709, 2.19809480417644 41.4119832261991, 2.19821949456731 41.4118925251638, 2.19936287052184 41.412748325557, 2.19898274263596 41.4130146700118))"
"10","Sant Martí","72","Sant Martí de Provençals","226","107","POLYGON ((432887.9329 4584897.7353, 432792.7575 4584995.9998, 432694.9905 4584901.1315, 432703.6535 4584892.6375, 432720.6935 4584874.9595, 432742.5435 4584853.4475, 432791.0455 4584803.6265, 432884.2955 4584709.2615, 432894.1445 4584698.7625, 432990.2795 4584792.8245, 432979.9515 4584802.9905, 432887.9329 4584897.7353))","POLYGON ((2.19698338181998 41.4128288861709, 2.19583377062837 41.4137059719227, 2.19467460714463 41.4128433398947, 2.19477919759547 41.4127675624242, 2.19498503275343 41.4126097686231, 2.19524884046826 41.4124178452858, 2.19583465753652 41.4119731797454, 2.19696077003289 41.4111310543249, 2.19707976657892 41.4110373152786, 2.19821949456731 41.4118925251638, 2.19809480417644 41.4119832261991, 2.19698338181998 41.4128288861709))"
"10","Sant Martí","72","Sant Martí de Provençals","226","108","POLYGON ((432922.9495 4585052.9955, 432869.7365 4585107.5055, 432774.7323 4585014.4427, 432887.9329 4584897.7353, 432982.4511 4584990.3862, 432922.9495 4585052.9955))","POLYGON ((2.1973851129054 41.4142301922143, 2.1967424005937 41.4147167043001, 2.1956160617088 41.4138705740142, 2.19698338181998 41.4128288861709, 2.19810395183981 41.4136712528307, 2.1973851129054 41.4142301922143))"
"10","Sant Martí","72","Sant Martí de Provençals","226","109","POLYGON ((433089.0695 4585305.9695, 433084.8195 4585310.2155, 433071.5695 4585306.4795, 432962.9437 4585200.0273, 432869.7365 4585107.5055, 432922.9495 4585052.9955, 432982.4511 4584990.3862, 433039.0591 4585041.9483, 433055.2575 4585026.1035, 433140.6285 4585108.4615, 433122.1605 4585126.9375, 433174.1655 4585179.4625, 433150.2745 4585203.2825, 433146.2435 4585230.4555, 433145.4715 4585236.2895, 433145.2255 4585241.0635, 433144.0275 4585245.7895, 433141.9215 4585250.1855, 433139.0555 4585254.0115, 433100.8155 4585294.2395, 433089.0695 4585305.9695))","POLYGON ((2.19934466557157 41.4165225027822, 2.19929334519798 41.4165603913571, 2.19913522400104 41.4165256388624, 2.19784732812826 41.4155578011688, 2.1967424005937 41.4147167043001, 2.1973851129054 41.4142301922143, 2.19810395183981 41.4136712528307, 2.19877552225057 41.4141403761013, 2.19897108014591 41.4139990161304, 2.19998339136663 41.4147478975598, 2.19976038770693 41.4149127688096, 2.20037680314175 41.4153901723355, 2.20008832317695 41.4156027250593, 2.20003709046735 41.4158471289692, 2.20002720893184 41.4158996098707, 2.20002373799349 41.415942587422, 2.20000888189481 41.4159850534493, 2.1999831982317 41.4160244717174, 2.19994848430294 41.4160586929236, 2.19948650215171 41.4164178320905, 2.19934466557157 41.4165225027822))"
"10","Sant Martí","72","Sant Martí de Provençals","226","110","POLYGON ((433049.8335 4585328.0755, 432996.1479 4585381.9516, 432601.7545 4584996.3715, 432617.7835 4584980.5275, 432685.5955 4584910.3755, 432694.9905 4584901.1315, 432792.7575 4584995.9998, 432774.7323 4585014.4427, 432869.7365 4585107.5055, 432962.9437 4585200.0273, 433071.5695 4585306.4795, 433049.8335 4585328.0755))","POLYGON ((2.19887276547308 41.4167183369897, 2.19822445487097 41.4171991083024, 2.19354850557259 41.4136933241873, 2.19374204646094 41.4135519661829, 2.19456117521826 41.4129258109815, 2.19467460714463 41.4128433398947, 2.19583377062837 41.4137059719227, 2.1956160617088 41.4138705740142, 2.1967424005937 41.4147167043001, 2.19784732812826 41.4155578011688, 2.19913522400104 41.4165256388624, 2.19887276547308 41.4167183369897))"
"10","Sant Martí","72","Sant Martí de Provençals","227","111","POLYGON ((432938.5985 4585325.6605, 432844.1205 4585421.2685, 432796.2295 4585373.7275, 432700.9645 4585281.0965, 432794.8495 4585184.9645, 432938.5985 4585325.6605))","POLYGON ((2.19754211783274 41.416687310569, 2.1964010845634 41.417540532771, 2.1958333485972 41.4171083416405, 2.19470381236544 41.4162660697869, 2.19583780818332 41.4154080951288, 2.19754211783274 41.416687310569))"
"10","Sant Martí","72","Sant Martí de Provençals","227","112","POLYGON ((432794.8495 4585184.9645, 432700.9645 4585281.0965, 432618.4932 4585200.5558, 432618.8611 4585169.504, 432696.7793 4585089.3161, 432794.8495 4585184.9645))","POLYGON ((2.19583780818332 41.4154080951288, 2.19470381236544 41.4162660697869, 2.19372603075254 41.415533753436, 2.19373389123622 41.4152541102394, 2.19467507389419 41.4145384116048, 2.19583780818332 41.4154080951288))"
"10","Sant Martí","72","Sant Martí de Provençals","227","113","POLYGON ((432715.0035 4585456.6475, 432702.5745 4585468.8665, 432608.9175 4585377.4795, 432594.5805 4585380.6234, 432583.6575 4585341.737, 432579.6064 4585323.7593, 432578.2613 4585305.1596, 432578.2032 4585287.7261, 432582.5833 4585258.9186, 432585.528 4585245.0555, 432603.0942 4585185.5173, 432587.409 4585169.5935, 432507.8529 4585091.8483, 432601.7545 4584996.3715, 432696.7793 4585089.3161, 432618.8611 4585169.504, 432618.4932 4585200.5558, 432796.2295 4585373.7275, 432757.9895 4585413.5515, 432735.2205 4585436.7705, 432715.0035 4585456.6475))","POLYGON ((2.19485225890568 41.4178483794253, 2.19470218524676 41.4179573913532, 2.19359175032773 41.4171264476953, 2.19341985836761 41.4171535613299, 2.19329349900971 41.4168024072541, 2.19324703174018 41.4166401477992, 2.19323301087832 41.4164725132024, 2.1932342588087 41.4163154901838, 2.19328987643111 41.4160563974074, 2.19332665400931 41.4159317837793, 2.19354346228927 41.4153970149574, 2.19335756897248 41.4152522785594, 2.19241438465955 41.4145453739525, 2.19354850557259 41.4136933241873, 2.19467507389419 41.4145384116048, 2.19373389123622 41.4152541102394, 2.19372603075254 41.415533753436, 2.1958333485972 41.4171083416405, 2.19537138141844 41.4174638252416, 2.19509636768621 41.4176710460083, 2.19485225890568 41.4178483794253))"
"10","Sant Martí","72","Sant Martí de Provençals","227","114","POLYGON ((432891.7715 4585466.9195, 432799.1615 4585562.0525, 432702.5745 4585468.8665, 432735.2205 4585436.7705, 432757.9895 4585413.5515, 432796.2295 4585373.7275, 432844.1205 4585421.2685, 432938.5985 4585325.6605, 432986.0065 4585372.0625, 432978.0715 4585380.4615, 432891.7715 4585466.9195))","POLYGON ((2.19696616611761 41.417955678435, 2.195847506844 41.4188047725193, 2.19470218524676 41.4179573913532, 2.19509636768621 41.4176710460083, 2.19537138141844 41.4174638252416, 2.1958333485972 41.4171083416405, 2.1964010845634 41.417540532771, 2.19754211783274 41.416687310569, 2.19810420874423 41.4171091944554, 2.19800833609856 41.4171841799472, 2.19696616611761 41.417955678435))"
"10","Sant Martí","72","Sant Martí de Provençals","228","115","POLYGON ((432737.6905 4585883.6465, 432731.2961 4585887.4403, 432647.551 4585564.7385, 432594.5805 4585380.6234, 432608.9175 4585377.4795, 432702.5745 4585468.8665, 432799.1615 4585562.0525, 432891.7715 4585466.9195, 432987.4255 4585561.4585, 433066.7315 4585637.6595, 433098.0505 4585638.1405, 433175.6475 4585557.1895, 433272.2935 4585651.5305, 433179.3716 4585749.8524, 433082.2035 4585652.9945, 433059.9865 4585677.5915, 433030.9355 4585708.5595, 432990.1655 4585749.6535, 432935.4565 4585696.0935, 432920.8515 4585710.8195, 432916.6015 4585714.4495, 432913.5495 4585716.6135, 432908.7115 4585719.4275, 432863.3575 4585743.2485, 432871.5115 4585762.6555, 432872.1035 4585768.5735, 432871.4695 4585774.5315, 432869.4315 4585780.7375, 432867.0575 4585785.3315, 432846.6395 4585814.3395, 432829.2095 4585829.0795, 432811.3615 4585841.2365, 432769.9575 4585864.5075, 432737.6905 4585883.6465))","POLYGON ((2.19507622344993 41.4216961262613, 2.19499928732235 41.4217297604763, 2.19403314709406 41.4188162705424, 2.19341985836761 41.4171535613299, 2.19359175032773 41.4171264476953, 2.19470218524676 41.4179573913532, 2.195847506844 41.4188047725193, 2.19696616611761 41.417955678435, 2.19810020396206 41.4188151455782, 2.1990406900572 41.4195080751804, 2.19941538163965 41.4195150157309, 2.20035280597798 41.4187923714077, 2.2014987949528 41.4196501046289, 2.20037608019575 41.4205279383346, 2.19922412223864 41.4196474816112, 2.19895556371082 41.419867168755, 2.19860452556425 41.4201436673393, 2.19811213788421 41.4205103893285, 2.19746345144719 41.4200234261854, 2.19728706200346 41.420154839593, 2.19723580588129 41.4201871790665, 2.19719904703767 41.4202064147314, 2.19714084561391 41.4202313556045, 2.19659551624744 41.4204421156383, 2.19669092947631 41.4206175897989, 2.19669735624823 41.4206709408612, 2.19668910872877 41.4207245497608, 2.19666403390984 41.4207802750138, 2.19663511752835 41.4208214533997, 2.19638758194524 41.4210810132079, 2.19617738275645 41.4212123148177, 2.19596246801275 41.4213203167997, 2.19546445170669 41.4215264479486, 2.19507622344993 41.4216961262613))"
"10","Sant Martí","72","Sant Martí de Provençals","228","116","POLYGON ((432751.9595 4585960.3175, 432750.3127 4585960.7184, 432731.2961 4585887.4403, 432769.9575 4585864.5075, 432811.3615 4585841.2365, 432829.2095 4585829.0795, 432846.6395 4585814.3395, 432867.0575 4585785.3315, 432869.4315 4585780.7375, 432871.4695 4585774.5315, 432872.1035 4585768.5735, 432871.5115 4585762.6555, 432863.3575 4585743.2485, 432908.7115 4585719.4275, 432913.5495 4585716.6135, 432916.6015 4585714.4495, 432920.8515 4585710.8195, 432935.4565 4585696.0935, 433085.5545 4585842.7925, 433076.2796 4585855.7848, 433057.3883 4585875.708, 433049.1455 4585886.7805, 432961.6445 4585907.6405, 432843.4895 4585938.0375, 432751.9595 4585960.3175))","POLYGON ((2.19523843755893 41.4223878723572, 2.19521868748246 41.422391345295, 2.19499928732235 41.4217297604763, 2.19546445170669 41.4215264479486, 2.19596246801275 41.4213203167997, 2.19617738275645 41.4212123148177, 2.19638758194524 41.4210810132079, 2.19663511752835 41.4208214533997, 2.19666403390984 41.4207802750138, 2.19668910872877 41.4207245497608, 2.19669735624823 41.4206709408612, 2.19669092947631 41.4206175897989, 2.19659551624744 41.4204421156383, 2.19714084561391 41.4202313556045, 2.19719904703767 41.4202064147314, 2.19723580588129 41.4201871790665, 2.19728706200346 41.420154839593, 2.19746345144719 41.4200234261854, 2.19924321891065 41.4213572138858, 2.1991308000005 41.4214734590768, 2.19890254561027 41.4216513274763, 2.19880268805048 41.4217503672721, 2.19775335429552 41.4219309506061, 2.19633615359853 41.4221948593933, 2.19523843755893 41.4223878723572))"
"10","Sant Martí","72","Sant Martí de Provençals","228","117","POLYGON ((433169.87 4585760.006, 433085.5545 4585842.7925, 432990.1655 4585749.6535, 433030.9355 4585708.5595, 433059.9865 4585677.5915, 433082.2035 4585652.9945, 433179.3716 4585749.8524, 433169.87 4585760.006))","POLYGON ((2.20026126581901 41.4206185985056, 2.19924321891065 41.4213572138858, 2.19811213788421 41.4205103893285, 2.19860452556425 41.4201436673393, 2.19895556371082 41.419867168755, 2.19922412223864 41.4196474816112, 2.20037608019575 41.4205279383346, 2.20026126581901 41.4206185985056))"
"10","Sant Martí","72","Sant Martí de Provençals","228","118","POLYGON ((433175.6475 4585557.1895, 433098.0505 4585638.1405, 433066.7315 4585637.6595, 432987.4255 4585561.4585, 433044.4445 4585503.8205, 433081.6455 4585465.4295, 433175.6475 4585557.1895))","POLYGON ((2.20035280597798 41.4187923714077, 2.19941538163965 41.4195150157309, 2.1990406900572 41.4195080751804, 2.19810020396206 41.4188151455782, 2.19878883294858 41.4183007707147, 2.19923819740785 41.4179580934052, 2.20035280597798 41.4187923714077))"
"10","Sant Martí","72","Sant Martí de Provençals","228","119","POLYGON ((432997.2735 4585551.5035, 432987.4255 4585561.4585, 432891.7715 4585466.9195, 432978.0715 4585380.4615, 432986.0065 4585372.0625, 433081.6455 4585465.4295, 433044.4445 4585503.8205, 432997.2735 4585551.5035))","POLYGON ((2.19821914086193 41.4187263051495, 2.19810020396206 41.4188151455782, 2.19696616611761 41.417955678435, 2.19800833609856 41.4171841799472, 2.19810420874423 41.4171091944554, 2.19923819740785 41.4179580934052, 2.19878883294858 41.4183007707147, 2.19821914086193 41.4187263051495))"
"10","Sant Martí","72","Sant Martí de Provençals","229","120","POLYGON ((433366.9415 4585556.8475, 433272.2935 4585651.5305, 432996.1479 4585381.9516, 433071.5695 4585306.4795, 433084.8195 4585310.2155, 433100.8155 4585294.2395, 433270.6905 4585462.8875, 433366.9415 4585556.8475))","POLYGON ((2.20264173185554 41.4188051772132, 2.2014987949528 41.4196501046289, 2.19822445487097 41.4171991083024, 2.19913522400104 41.4165256388624, 2.19929334519798 41.4165603913571, 2.19948650215171 41.4164178320905, 2.20150042653575 41.4179509196079, 2.20264173185554 41.4188051772132))"
"10","Sant Martí","72","Sant Martí de Provençals","229","121","POLYGON ((433364.0965 4585367.2555, 433270.6905 4585462.8875, 433100.8155 4585294.2395, 433139.0555 4585254.0115, 433141.9215 4585250.1855, 433144.0275 4585245.7895, 433145.2255 4585241.0635, 433145.4715 4585236.2895, 433146.2435 4585230.4555, 433150.2745 4585203.2825, 433178.8125 4585174.8295, 433248.2675 4585104.4075, 433278.0545 4585073.7235, 433372.5985 4585166.1865, 433269.0705 4585274.0395, 433364.0965 4585367.2555))","POLYGON ((2.20262857731357 41.4170973413014, 2.20150042653575 41.4179509196079, 2.19948650215171 41.4164178320905, 2.19994848430294 41.4160586929236, 2.1999831982317 41.4160244717174, 2.20000888189481 41.4159850534493, 2.20002373799349 41.415942587422, 2.20002720893184 41.4158996098707, 2.20003709046735 41.4158471289692, 2.20008832317695 41.4156027250593, 2.20043291467646 41.4153488306704, 2.20127169030936 41.4147203323115, 2.20163146224824 41.4144464439797, 2.20275244989405 41.4152870756947, 2.2015018765465 41.4162498863003, 2.20262857731357 41.4170973413014))"
"10","Sant Martí","72","Sant Martí de Provençals","229","122","POLYGON ((433461.1135 4585459.7795, 433366.9415 4585556.8475, 433270.6905 4585462.8875, 433364.0965 4585367.2555, 433269.0705 4585274.0395, 433372.5985 4585166.1865, 433564.8335 4585353.8575, 433554.7335 4585364.7355, 433461.1135 4585459.7795))","POLYGON ((2.2037792060926 41.4179387176318, 2.20264173185554 41.4188051772132, 2.20150042653575 41.4179509196079, 2.20262857731357 41.4170973413014, 2.2015018765465 41.4162498863003, 2.20275244989405 41.4152870756947, 2.20503186417864 41.4169932903827, 2.20490982308705 41.4170904303533, 2.2037792060926 41.4179387176318))"
"10","Sant Martí","73","la Verneda i la Pau","230","123","POLYGON ((433628.7795 4585477.7215, 433553.4785 4585551.8605, 433461.0325 4585459.7035, 433554.7335 4585364.7355, 433564.8335 4585353.8575, 433659.8585 4585446.5955, 433628.7795 4585477.7215))","POLYGON ((2.20578338495432 41.4181141825173, 2.20487425069356 41.4187757079428, 2.20377824527685 41.4179380264144, 2.20490982308705 41.4170904303533, 2.20503186417864 41.4169932903827, 2.20615866453617 41.4178364059336, 2.20578338495432 41.4181141825173))"
"10","Sant Martí","73","la Verneda i la Pau","230","124","POLYGON ((433745.2227 4585551.0761, 433650.9235 4585647.4195, 433553.4785 4585551.8605, 433628.7795 4585477.7215, 433659.8585 4585446.5955, 433756.0965 4585540.6609, 433745.2227 4585551.0761))","POLYGON ((2.20716861352758 41.4187844763418, 2.20602972636564 41.4196444328099, 2.20487425069356 41.4187757079428, 2.20578338495432 41.4181141825173, 2.20615866453617 41.4178364059336, 2.2072998625533 41.4186915661048, 2.20716861352758 41.4187844763418))"
"10","Sant Martí","73","la Verneda i la Pau","230","125","POLYGON ((433698.7915 4585693.8995, 433652.2602 4585740.7846, 433604.2475 4585694.0775, 433650.9235 4585647.4195, 433745.2227 4585551.0761, 433756.0965 4585540.6609, 433850.4525 4585632.8725, 433746.5945 4585740.3175, 433698.7915 4585693.8995))","POLYGON ((2.20659739365572 41.4200670162094, 2.2060354782555 41.4204854558671, 2.20546610456907 41.4200608123438, 2.20602972636564 41.4196444328099, 2.20716861352758 41.4187844763418, 2.2072998625533 41.4186915661048, 2.20841877429575 41.419529863502, 2.20716429733417 41.4204890330663, 2.20659739365572 41.4200670162094))"
"10","Sant Martí","73","la Verneda i la Pau","230","126","POLYGON ((433745.4435 4585741.5085, 433655.9422 4585833.0454, 433557.8355 4585741.5975, 433604.2475 4585694.0775, 433652.2602 4585740.7846, 433698.7915 4585693.8995, 433746.5945 4585740.3175, 433745.4435 4585741.5085))","POLYGON ((2.20715039443518 41.4204996651528, 2.20606941458168 41.4213167263563, 2.20490553979411 41.4204849746377, 2.20546610456907 41.4200608123438, 2.2060354782555 41.4204854558671, 2.20659739365572 41.4200670162094, 2.20716429733417 41.4204890330663, 2.20715039443518 41.4204996651528))"
"10","Sant Martí","73","la Verneda i la Pau","230","127","POLYGON ((433602.3855 4585695.9195, 433557.8355 4585741.5975, 433366.9415 4585556.8475, 433461.1135 4585459.7795, 433553.4785 4585551.8605, 433650.9235 4585647.4195, 433602.3855 4585695.9195))","POLYGON ((2.20544362252373 41.4200772488391, 2.20490553979411 41.4204849746377, 2.20264173185554 41.4188051772132, 2.2037792060926 41.4179387176318, 2.20487425069356 41.4187757079428, 2.20602972636564 41.4196444328099, 2.20544362252373 41.4200772488391))"
"10","Sant Martí","73","la Verneda i la Pau","230","128","POLYGON ((433466.2155 4585836.0115, 433463.5045 4585838.8025, 433272.2935 4585651.5305, 433366.9415 4585556.8475, 433557.8355 4585741.5975, 433520.0575 4585780.8235, 433515.0195 4585786.4635, 433466.2155 4585836.0115))","POLYGON ((2.20379886400317 41.4213277522489, 2.20376611775708 41.4213526654629, 2.2014987949528 41.4196501046289, 2.20264173185554 41.4188051772132, 2.20490553979411 41.4204849746377, 2.20444919117138 41.4208351469048, 2.20438828809177 41.420885527871, 2.20379886400317 41.4213277522489))"
"10","Sant Martí","73","la Verneda i la Pau","230","129","POLYGON ((433655.9422 4585833.0454, 433559.0285 4585932.3615, 433463.5045 4585838.8025, 433515.0195 4585786.4635, 433520.0575 4585780.8235, 433557.8355 4585741.5975, 433655.9422 4585833.0454))","POLYGON ((2.20606941458168 41.4213167263563, 2.20489885681619 41.4222032290748, 2.20376611775708 41.4213526654629, 2.20438828809177 41.420885527871, 2.20444919117138 41.4208351469048, 2.20490553979411 41.4204849746377, 2.20606941458168 41.4213167263563))"
"10","Sant Martí","73","la Verneda i la Pau","231","130","POLYGON ((433455.8635 4586037.6385, 433447.4475 4586046.2265, 433409.2095 4586035.2595, 433324.5395 4586013.1335, 433343.9735 4585948.6295, 433356.9995 4585910.0975, 433360.4648 4585899.0289, 433367.1559 4585888.9179, 433404.4058 4585852.5389, 433333.6165 4585783.3075, 433369.2975 4585746.5335, 433559.0285 4585932.3615, 433455.8635 4586037.6385))","POLYGON ((2.20365280766713 41.4231428897606, 2.20355115584876 41.4232195421974, 2.20309480357413 41.4231175971884, 2.2020840747673 41.4229112924985, 2.2023237329351 41.4223319368684, 2.20248384757939 41.4219859712217, 2.20252653263823 41.4218865670659, 2.20260771146512 41.4217960552478, 2.20305744403611 41.421471488807, 2.20221802633781 41.4208420714702, 2.20264902484268 41.4205138187044, 2.20489885681619 41.4222032290748, 2.20365280766713 41.4231428897606))"
"10","Sant Martí","73","la Verneda i la Pau","231","131","POLYGON ((433138.6295 4585864.4035, 433123.5095 4585879.8075, 433085.5545 4585842.7925, 433169.87 4585760.006, 433272.2935 4585651.5305, 433369.2975 4585746.5335, 433333.6165 4585783.3075, 433276.9825 4585844.5795, 433219.8615 4585788.4155, 433138.6295 4585864.4035))","POLYGON ((2.19987591202215 41.4215562761742, 2.19969328581515 41.4216937569254, 2.19924321891065 41.4213572138858, 2.20026126581901 41.4206185985056, 2.2014987949528 41.4196501046289, 2.20264902484268 41.4205138187044, 2.20221802633781 41.4208420714702, 2.20153360280167 41.4213892289617, 2.2008563081873 41.4208786309581, 2.19987591202215 41.4215562761742))"
"10","Sant Martí","73","la Verneda i la Pau","231","132","POLYGON ((433343.9735 4585948.6295, 433324.5395 4586013.1335, 433277.6085 4586000.8115, 433239.5565 4585990.1545, 433123.5095 4585879.8075, 433138.6295 4585864.4035, 433219.8615 4585788.4155, 433276.9825 4585844.5795, 433333.6165 4585783.3075, 433404.4058 4585852.5389, 433367.1559 4585888.9179, 433360.4648 4585899.0289, 433356.9995 4585910.0975, 433343.9735 4585948.6295))","POLYGON ((2.2023237329351 41.4223319368684, 2.2020840747673 41.4229112924985, 2.20152385587106 41.422796415727, 2.20106970129968 41.4226972702559, 2.19969328581515 41.4216937569254, 2.19987591202215 41.4215562761742, 2.2008563081873 41.4208786309581, 2.20153360280167 41.4213892289617, 2.20221802633781 41.4208420714702, 2.20305744403611 41.421471488807, 2.20260771146512 41.4217960552478, 2.20252653263823 41.4218865670659, 2.20248384757939 41.4219859712217, 2.2023237329351 41.4223319368684))"
"10","Sant Martí","73","la Verneda i la Pau","231","133","POLYGON ((433140.5155 4586189.3315, 433133.7815 4586214.1325, 433112.3685 4586179.5495, 433049.9759 4586093.96, 433039.3106 4586075.5658, 433030.6155 4586056.1895, 433023.6185 4586035.6875, 433020.7825 4586024.7995, 433018.4905 4586006.4175, 433017.9125 4585984.5605, 433018.3565 4585976.6825, 433020.4392 4585962.1475, 433025.2235 4585940.8135, 433030.3485 4585924.3435, 433033.0598 4585914.1256, 433042.5055 4585894.7184, 433049.1455 4585886.7805, 433057.3883 4585875.708, 433076.2796 4585855.7848, 433085.5545 4585842.7925, 433123.5095 4585879.8075, 433239.5565 4585990.1545, 433223.6075 4586046.7285, 433179.3825 4586035.1235, 433166.4265 4586091.3175, 433153.6955 4586138.5605, 433147.3195 4586163.9835, 433140.5155 4586189.3315))","POLYGON ((2.19986255398257 41.424482960538, 2.19977923012226 41.4247057750521, 2.19952681983111 41.4243925140565, 2.19878968713164 41.4236164386678, 2.19866410125957 41.4234498789189, 2.19856220040902 41.4232746377963, 2.19848074436511 41.4230893993159, 2.19844801457874 41.4229910980232, 2.19842262448667 41.4228253459243, 2.19841812913213 41.4226284384614, 2.19842431462908 41.4225575207547, 2.19845084605552 41.42242678211, 2.19851045750495 41.422235032163, 2.19857360672325 41.4220871191328, 2.19860718132434 41.4219953156317, 2.1987223561001 41.4218213081701, 2.19880268805048 41.4217503672721, 2.19890254561027 41.4216513274763, 2.1991308000005 41.4214734590768, 2.19924321891065 41.4213572138858, 2.19969328581515 41.4216937569254, 2.20106970129968 41.4226972702559, 2.20087260822139 41.4232054896919, 2.20034469000094 41.4230972898931, 2.20018344677089 41.4236023344394, 2.2000258829126 41.4240267784992, 2.19994677537862 41.4242552251138, 2.19986255398257 41.424482960538))"
"10","Sant Martí","73","la Verneda i la Pau","231","134","POLYGON ((433049.9759 4586093.96, 433004.9365 4586139.5685, 432808.6785 4585946.5105, 432843.4895 4585938.0375, 432961.6445 4585907.6405, 433049.1455 4585886.7805, 433042.5055 4585894.7184, 433033.0598 4585914.1256, 433030.3485 4585924.3435, 433025.2235 4585940.8135, 433020.4392 4585962.1475, 433018.3565 4585976.6825, 433017.9125 4585984.5605, 433018.4905 4586006.4175, 433020.7825 4586024.7995, 433023.6185 4586035.6875, 433030.6155 4586056.1895, 433039.3106 4586075.5658, 433049.9759 4586093.96))","POLYGON ((2.19878968713164 41.4236164386678, 2.19824568512362 41.4240234656823, 2.19591866732654 41.4222682625298, 2.19633615359853 41.4221948593933, 2.19775335429552 41.4219309506061, 2.19880268805048 41.4217503672721, 2.1987223561001 41.4218213081701, 2.19860718132434 41.4219953156317, 2.19857360672325 41.4220871191328, 2.19851045750495 41.422235032163, 2.19845084605552 41.42242678211, 2.19842431462908 41.4225575207547, 2.19841812913213 41.4226284384614, 2.19842262448667 41.4228253459243, 2.19844801457874 41.4229910980232, 2.19848074436511 41.4230893993159, 2.19856220040902 41.4232746377963, 2.19866410125957 41.4234498789189, 2.19878968713164 41.4236164386678))"
"10","Sant Martí","73","la Verneda i la Pau","231","135","POLYGON ((432944.9065 4586559.6095, 432915.9705 4586634.7835, 432901.2173 4586578.3654, 432872.667 4586502.3826, 432855.5413015 4586433.867407, 432865.7136 4586425.506, 432863.726 4586416.861, 432857.039 4586397.262, 432821.544 4586238.311, 432809.979 4586189.299, 432808.5236 4586185.8665, 432782.2731 4585992.4588, 432782.8171 4585989.1838, 432776.5727965 4585967.454035, 432772.7144 4585955.2228, 432808.6785 4585946.5105, 433004.9365 4586139.5685, 433049.9759 4586093.96, 433112.3685 4586179.5495, 433133.7815 4586214.1325, 433145.4645 4586171.0475, 433153.6955 4586138.5605, 433166.4265 4586091.3175, 433179.3825 4586035.1235, 433223.6075 4586046.7285, 433239.5565 4585990.1545, 433277.6085 4586000.8115, 433409.2095 4586035.2595, 433447.4475 4586046.2265, 432944.9065 4586559.6095))","POLYGON ((2.19748076755973 41.4278016345069, 2.19712615082471 41.4284762867048, 2.19695586030472 41.4279669146447, 2.19662263665594 41.4272801764377, 2.1964253054525 41.4266616506207, 2.19654796293017 41.4265871922816, 2.19652513786555 41.4265091634026, 2.19644729312143 41.426332082544, 2.196040197126 41.4248974937909, 2.19590725202395 41.4244550910265, 2.19589021767844 41.4244240538583, 2.19559759536469 41.4226798957108, 2.19560446889001 41.4226504443273, 2.19553216524503 41.4224542087011, 2.19548735562899 41.4223437229555, 2.19591866732654 41.4222682625298, 2.19824568512362 41.4240234656823, 2.19878968713164 41.4236164386678, 2.19952681983111 41.4243925140565, 2.19977923012226 41.4247057750521, 2.19992379689635 41.4243186940273, 2.2000258829126 41.4240267784992, 2.20018344677089 41.4236023344394, 2.20034469000094 41.4230972898931, 2.20087260822139 41.4232054896919, 2.20106970129968 41.4226972702559, 2.20152385587106 41.422796415727, 2.20309480357413 41.4231175971884, 2.20355115584876 41.4232195421974, 2.19748076755973 41.4278016345069))"
"10","Sant Martí","73","la Verneda i la Pau","232","136","POLYGON ((433418.2335 4586171.1045, 433221.0125 4586373.4185, 433172.8055 4586326.5305, 433370.6695 4586124.5765, 433418.2335 4586171.1045))","POLYGON ((2.20318782775146 41.424341860433, 2.20080547633186 41.4261476710372, 2.20023378313783 41.4257213564329, 2.20262378906039 41.4239188532775, 2.20318782775146 41.424341860433))"
"10","Sant Martí","73","la Verneda i la Pau","232","137","POLYGON ((433215.0995 4586818.8955, 433177.4675 4586821.1135, 433149.5155 4586819.7795, 433115.5895 4586815.8035, 433088.5415 4586811.5915, 433069.3775 4586806.1155, 433047.874 4586796.5921, 433023.7365 4586783.1345, 432999.3275 4586761.7555, 432953.9095 4586715.8555, 432932.6035 4586685.7555, 432923.6407 4586664.9242, 432915.9705 4586634.7835, 432944.9065 4586559.6095, 433172.8055 4586326.5305, 433221.0125 4586373.4185, 433418.2335 4586171.1045, 433452.4375 4586204.6255, 433479.7515 4586232.8735, 433510.9335 4586268.3175, 433585.1715 4586364.3735, 433619.2995 4586414.8235, 433656.6695 4586474.9895, 433630.1215 4586493.7495, 433541.1015 4586551.2055, 433588.6189 4586625.672, 433406.4435 4586741.5415, 433354.2875 4586767.9475, 433320.1045 4586784.7375, 433285.2595 4586799.7435, 433250.0565 4586810.5605, 433215.0995 4586818.8955))","POLYGON ((2.20068550583284 41.4301594521918, 2.20023490449715 41.4301762990964, 2.19990053997944 41.4301619582188, 2.19949497489591 41.430123323268, 2.1991717479056 41.4300831343206, 2.19894301184025 41.4300322170306, 2.19868672683572 41.4299446506376, 2.19839935652292 41.42982142996, 2.19810961615766 41.4296268404036, 2.19757117756022 41.4292096439474, 2.19731954399123 41.4289367641707, 2.197214596275 41.4287483949041, 2.19712615082471 41.4284762867048, 2.19748076755973 41.4278016345069, 2.20023378313783 41.4257213564329, 2.20080547633186 41.4261476710372, 2.20318782775146 41.424341860433, 2.20359343430451 41.4246466081078, 2.20391717607847 41.4249032915474, 2.20428641538823 41.4252251064568, 2.20516423171867 41.4260963952141, 2.20556709027634 41.4265536041876, 2.20600768468822 41.4270985886446, 2.20568792995846 41.4272653613267, 2.20461632463956 41.4277754901263, 2.20517678261324 41.4284501174325, 2.20298391332138 41.4294786357638, 2.2023568380478 41.429712140571, 2.20194590797701 41.4298605258577, 2.20152725055766 41.4299927867392, 2.20110476970236 41.4300872873171, 2.20068550583284 41.4301594521918))"
"10","Sant Martí","73","la Verneda i la Pau","232","138","POLYGON ((433706.0492 4586550.9825, 433588.6189 4586625.672, 433541.1015 4586551.2055, 433630.1215 4586493.7495, 433656.6695 4586474.9895, 433619.2995 4586414.8235, 433585.1715 4586364.3735, 433510.9335 4586268.3175, 433479.7515 4586232.8735, 433452.4375 4586204.6255, 433418.2335 4586171.1045, 433457.1945 4586131.6095, 433606.2745 4585978.4955, 433752.4895 4586121.2695, 433876.058503 4586242.4992865, 433862.2038285 4586256.6389205, 433857.511844 4586259.6629605, 433847.982787 4586254.0980245, 433841.1717515 4586250.795071, 433829.3776975 4586246.109153, 433819.050658 4586243.0062265, 433801.901602 4586239.1283505, 433782.544408 4586241.0409465, 433762.601 4586261.3703, 433718.329 4586288.321, 433660.119 4586309.9607, 433666.381 4586330.844, 433684.459 4586358.214, 433694.015 4586397.249, 433719.2719 4586435.9735, 433737.1248 4586424.4133, 433770.0227 4586475.3618, 433726.3532 4586503.4734, 433742.0982655 4586528.059176, 433706.0492 4586550.9825))","POLYGON ((2.20659027012627 41.4277871117569, 2.20517678261324 41.4284501174325, 2.20461632463956 41.4277754901263, 2.20568792995846 41.4272653613267, 2.20600768468822 41.4270985886446, 2.20556709027634 41.4265536041876, 2.20516423171867 41.4260963952141, 2.20428641538823 41.4252251064568, 2.20391717607847 41.4249032915474, 2.20359343430451 41.4246466081078, 2.20318782775146 41.424341860433, 2.20365839359787 41.4239893688461, 2.20545913384536 41.4226226502783, 2.20719310206956 41.4239206442455, 2.20865850235838 41.4250227061916, 2.20849116442054 41.4251489172756, 2.20843468710005 41.425175767631, 2.20832126666704 41.4251248612404, 2.20824012401118 41.4250945516053, 2.20809950369122 41.4250513755227, 2.20797626524913 41.4250225776709, 2.20777147647346 41.4249862378173, 2.20753963025216 41.425001868689, 2.20729875151946 41.425183325116, 2.20676601724287 41.425422410608, 2.20606707184926 41.425612508082, 2.20613971530621 41.4258011148949, 2.2063530453309 41.4260491209719, 2.20646311764259 41.4264014864928, 2.20676111414126 41.4267523509649, 2.20697602259061 41.4266497045166, 2.20736412230993 41.4271112956681, 2.20683845518121 41.4273608868361, 2.20702417998768 41.4275836225107, 2.20659027012627 41.4277871117569))"
"10","Sant Martí","73","la Verneda i la Pau","232","139","POLYGON ((433428.6855 4586160.5515, 433418.2335 4586171.1045, 433370.6695 4586124.5765, 433559.0285 4585932.3615, 433606.2745 4585978.4955, 433428.6855 4586160.5515))","POLYGON ((2.20331406148367 41.4242476789013, 2.20318782775146 41.424341860433, 2.20262378906039 41.4239188532775, 2.20489885681619 41.4222032290748, 2.20545913384536 41.4226226502783, 2.20331406148367 41.4242476789013))"
"10","Sant Martí","73","la Verneda i la Pau","233","140","POLYGON ((433761.9683 4586102.6483, 433752.4895 4586121.2695, 433559.0285 4585932.3615, 433655.9422 4585833.0454, 433753.9955 4585925.4555, 433777.1605 4585948.1815, 433763.0395 4585962.5855, 433832.3125 4586030.4315, 433761.9683 4586102.6483))","POLYGON ((2.20730856752303 41.4237537100756, 2.20719310206956 41.4239206442455, 2.20489885681619 41.4222032290748, 2.20606941458168 41.4213167263563, 2.20723257470717 41.4221571283003, 2.20750727665409 41.4223637245825, 2.20733672761741 41.4224922932023, 2.20815822372624 41.4231090708574, 2.20730856752303 41.4237537100756))"
"10","Sant Martí","73","la Verneda i la Pau","233","141","POLYGON ((433777.6575 4585900.6395, 433753.9955 4585925.4555, 433655.9422 4585833.0454, 433745.4435 4585741.5085, 433850.4525 4585632.8725, 433956.2815 4585736.1295, 433850.1875 4585843.0605, 433832.9295 4585861.3375, 433822.0845 4585868.4475, 433804.1055 4585877.6155, 433789.7965 4585889.1535, 433777.6575 4585900.6395))","POLYGON ((2.20751842988063 41.4219355683914, 2.20723257470717 41.4221571283003, 2.20606941458168 41.4213167263563, 2.20715039443518 41.4204996651528, 2.20841877429575 41.419529863502, 2.20967378999314 41.4204685761162, 2.20839261371333 41.4214229456689, 2.20818410838197 41.4215861403288, 2.20805356101198 41.4216492848651, 2.2078374237969 41.4217303773246, 2.2076649412796 41.4218331177333, 2.20751842988063 41.4219355683914))"
"10","Sant Martí","73","la Verneda i la Pau","233","142","POLYGON ((433946.6525 4586104.8595, 433946.3325 4586106.1255, 433892.7795 4586053.8705, 433874.7075 4586071.9525, 433763.0395 4585962.5855, 433777.1605 4585948.1815, 433753.9955 4585925.4555, 433777.6575 4585900.6395, 433789.7965 4585889.1535, 433804.1055 4585877.6155, 433822.0845 4585868.4475, 433832.9295 4585861.3375, 433850.1875 4585843.0605, 433956.2815 4585736.1295, 434030.947336 4585809.4211165, 434136.8399 4585912.5387, 434119.8695 4585929.899, 434111.721061 4585939.874036, 434101.4266375 4585935.7355895, 434084.6475 4585930.1395, 434078.2075 4585928.8515, 434072.1515 4585928.7395, 434067.2475 4585929.4675, 433984.7035 4585954.1395, 433946.6525 4586104.8595))","POLYGON ((2.209518297899 41.4237888315524, 2.20951433041247 41.4238002077433, 2.20887921561376 41.4233251570074, 2.20866098618737 41.423486529145, 2.20733672761741 41.4224922932023, 2.20750727665409 41.4223637245825, 2.20723257470717 41.4221571283003, 2.20751842988063 41.4219355683914, 2.2076649412796 41.4218331177333, 2.2078374237969 41.4217303773246, 2.20805356101198 41.4216492848651, 2.20818410838197 41.4215861403288, 2.20839261371333 41.4214229456689, 2.20967378999314 41.4204685761162, 2.21055921850474 41.4211348272251, 2.21181507172088 41.4220722662994, 2.21161011403264 41.4222272343224, 2.21151152340854 41.4223164084875, 2.21138879167836 41.4222782903447, 2.21118862321397 41.4222265114879, 2.21111170292026 41.4222143824479, 2.21103924937074 41.4222128767709, 2.21098048900911 41.4222190312329, 2.20999007889188 41.4224344667933, 2.209518297899 41.4237888315524))"
"10","Sant Martí","73","la Verneda i la Pau","233","143","POLYGON ((433926.2598 4586260.2495, 433912.2107 4586277.9229, 433752.4895 4586121.2695, 433761.9683 4586102.6483, 433832.3125 4586030.4315, 433874.7075 4586071.9525, 433892.7795 4586053.8705, 433946.3325 4586106.1255, 433984.7035 4585954.1395, 434067.2475 4585929.4675, 434072.1515 4585928.7395, 434078.2075 4585928.8515, 434084.6475 4585930.1395, 434101.4266375 4585935.7355895, 434111.721061 4585939.874036, 434106.317 4585946.4895, 434096.183 4585967.649, 434080.7885 4586039.6412, 434065.9175 4586068.2746, 434051.2718 4586086.7623, 434037.3405 4586100.6965, 434017.7685 4586115.5865, 433991.4515 4586131.267, 433970.7065 4586147.3575, 433953.972 4586166.4185, 433945.3715 4586180.745, 433935.352 4586208.6275, 433930.8565 4586237.537, 433926.2598 4586260.2495))","POLYGON ((2.20925729420087 41.4251867077974, 2.2090872441437 41.4253447313718, 2.20719310206956 41.4239206442455, 2.20730856752303 41.4237537100756, 2.20815822372624 41.4231090708574, 2.20866098618737 41.423486529145, 2.20887921561376 41.4233251570074, 2.20951433041247 41.4238002077433, 2.20999007889188 41.4224344667933, 2.21098048900911 41.4222190312329, 2.21103924937074 41.4222128767709, 2.21111170292026 41.4222143824479, 2.21118862321397 41.4222265114879, 2.21138879167836 41.4222782903447, 2.21151152340854 41.4223164084875, 2.21144613776083 41.4223755489251, 2.21132256858165 41.4225652954167, 2.21113051005187 41.42321244604, 2.21094943969487 41.4234691187064, 2.2107721704023 41.4236344301013, 2.210603945608 41.4237587877804, 2.2103681178561 41.4238912905678, 2.21005149033849 41.4240303584992, 2.20980149292927 41.4241735762818, 2.20959916091817 41.424343877673, 2.20949467944269 41.4244722052509, 2.20937173614432 41.424722511041, 2.20931478231639 41.4249825209005, 2.20925729420087 41.4251867077974))"
"10","Sant Martí","65","el Clot","206","234","POLYGON ((432274.899 4584317.477, 432255.3919 4584322.3359, 432171.1925 4583991.7285, 432417.1975 4584232.6845, 432362.4778645 4584288.680234, 432355.373305 4584281.6227035, 432349.432 4584287.274, 432335.0643 4584302.4069, 432317.134 4584306.304, 432274.899 4584317.477))","POLYGON ((2.18971388716185 41.4075512527866, 2.18947997609068 41.4075933716689, 2.18850973385878 41.4046085907311, 2.19142570076174 41.4067995284538, 2.19076482849396 41.4072992629217, 2.19068062444443 41.4072351000381, 2.19060891608085 41.4072854995762, 2.19043534122385 41.4074205877515, 2.19022040216815 41.4074541782351, 2.18971388716185 41.4075512527866))"
"10","Sant Martí","69","Diagonal Mar i el Front Marítim del Poblenou","216","235","POLYGON ((434226.7525 4584675.1366, 434133.3135 4584771.8465, 434039.5315 4584679.2335, 434142.2451615 4584576.788838, 434137.2600005 4584571.8719995, 434144.3726005 4584564.6154005, 434143.9115 4584564.1645, 434148.5891505 4584559.48945, 434142.3402 4584553.3282995, 434143.6836 4584543.8611, 433883.9108 4584459.9291, 433904.3005 4584434.3075, 434035.1505 4584299.2775, 434293.4616 4584551.6079, 434343.0966 4584604.1431, 434306.5346 4584593.9609, 434226.7525 4584675.1366))","POLYGON ((2.21302550496755 41.4109346807378, 2.21189708446195 41.4117980697131, 2.21078516962819 41.4109562376062, 2.21202517357683 41.4100419678798, 2.21196606771279 41.4099972747023, 2.21205195051949 41.4099324991799, 2.21204648312753 41.4099284002555, 2.21210295386629 41.4098866765304, 2.2120288639437 41.4098306726462, 2.21204596628867 41.4097455140904, 2.20894730513295 41.4089682345268, 2.20919403595468 41.4087391443894, 2.2107741746655 41.4075337129792, 2.21383701858811 41.4098275454971, 2.21442513553608 41.410304772779, 2.21398882170907 41.4102100768042, 2.21302550496755 41.4109346807378))"
"10","Sant Martí","69","Diagonal Mar i el Front Marítim del Poblenou","216","236","POLYGON ((434142.2451615 4584576.788838, 434039.5315 4584679.2335, 433941.7415 4584584.6595, 433851.0755 4584492.4115, 433785.5295 4584428.0115, 433862.5765 4584453.5057, 433883.9108 4584459.9291, 434143.6836 4584543.8611, 434142.340232 4584553.328074, 434148.5888985 4584559.489103, 434143.9115 4584564.1645, 434144.3726005 4584564.6154005, 434137.2598 4584571.8718, 434142.2451615 4584576.788838))","POLYGON ((2.21202517357683 41.4100419678798, 2.21078516962819 41.4109562376062, 2.20962554699411 41.410096403282, 2.20855092905479 41.4092580933919, 2.20777381235273 41.4086726628158, 2.20869277411616 41.4089086255233, 2.20894730513295 41.4089682345268, 2.21204596628867 41.4097455140904, 2.21202886435108 41.4098306706178, 2.2121029508892 41.4098866733844, 2.21204648312753 41.4099284002555, 2.21205195051949 41.4099324991799, 2.21196606533578 41.4099972728891, 2.21202517357683 41.4100419678798))"
"10","Sant Martí","71","Provençals del Poblenou","225","237","POLYGON ((433966.9315 4585514.3825, 433850.4525 4585632.8725, 433756.0965 4585540.6609, 433766.3295 4585530.8595, 433785.4365 4585508.8335, 433858.9795 4585434.9325, 433667.4595 4585248.6875, 433750.3745 4585163.9665, 433851.9995 4585327.2055, 433894.8015 4585397.0175, 433904.1535 4585413.5655, 433939.3255 4585470.4155, 433953.4715 4585491.9455, 433966.9315 4585514.3825))","POLYGON ((2.20982543384792 41.4184722377892, 2.20841877429575 41.419529863502, 2.2072998625533 41.4186915661048, 2.20742337664558 41.4186041312169, 2.20765440835013 41.4184073239614, 2.20854244884494 41.4177477751267, 2.20627131397959 41.4160545317669, 2.2072726538131 41.415298313111, 2.20847071295282 41.4167769333272, 2.20897520693878 41.4174092329551, 2.20908529592755 41.4175590455153, 2.20949992303012 41.4180739700711, 2.20966683153375 41.418269047688, 2.20982543384792 41.4184722377892))"